0.00 3.38 1
3.38 3.43 3
3.43 4.52 2
4.52 4.69 0
4.69 4.86 1
4.86 4.98 3
4.98 8.05 2
8.05 8.47 3
8.47 9.18 1
9.18 9.39 0
9.39 10.74 2
10.74 10.99 0
10.99 11.66 1
11.66 12.17 3
12.17 12.92 2
12.92 13.38 0
13.38 13.97 1
13.97 14.10 0
14.10 15.61 2
15.61 15.82 0
15.82 16.20 1
16.20 16.62 0
16.62 19.86 2
19.86 20.15 0
20.15 21.33 1
21.33 21.70 2
21.70 21.87 0
21.87 22.29 1
22.29 22.92 0
22.92 26.33 2
26.33 26.49 0
26.49 26.96 1
26.96 27.17 0
27.17 28.93 2
28.93 30.19 3
30.19 30.49 1
30.49 32.33 0
32.33 33.76 2
33.76 33.93 3
33.93 36.20 1
36.20 37.25 2
37.25 38.17 3
38.17 38.93 1
38.93 39.06 0
39.06 39.52 2
39.52 39.60 3
39.60 41.91 1
41.91 42.17 3
42.17 43.47 2
43.47 44.56 3
44.56 48.05 1
48.05 48.22 0
48.22 54.44 2
54.44 56.20 3
56.20 59.44 2
59.44 59.94 3
59.94 60.19 1
60.19 60.74 0
60.74 65.57 2
65.57 65.65 0
65.65 66.03 1
66.03 66.41 0
66.41 67.33 2
67.33 68.09 0
68.09 71.37 1
71.37 71.54 0
71.54 72.92 2
72.92 72.96 3
72.96 73.26 1
73.26 73.43 3
73.43 76.20 2
76.20 76.37 0
76.37 76.91 1
76.91 77.38 2
77.38 77.88 3
77.88 78.55 2
78.55 79.27 0
79.27 79.52 2
79.52 79.60 3
79.60 80.23 1
80.23 80.44 3
80.44 80.99 2
80.99 81.87 0
81.87 83.55 2
83.55 83.89 3
83.89 84.39 2
84.39 84.65 0
84.65 86.12 2
86.12 86.37 0
86.37 86.58 1
86.58 86.70 3
86.70 87.92 2
87.92 88.97 0
88.97 89.64 1
89.64 89.94 3
89.94 92.08 1
92.08 92.54 3
92.54 96.62 2
96.62 96.70 0
96.70 97.12 1
97.12 97.42 0
97.42 98.59 2
98.59 99.14 0
99.14 99.27 1
99.27 99.56 3
99.56 106.49 2
106.49 106.91 3
106.91 107.25 1
107.25 107.29 3
107.29 107.75 2
107.75 108.43 3
108.43 108.80 1
108.80 108.89 3
108.89 111.07 2
111.07 111.41 0
111.41 111.95 1
111.95 112.29 0
112.29 115.61 2
115.61 116.70 0
116.70 117.42 1
117.42 118.17 3
118.17 122.20 2
122.20 123.38 0
123.38 123.80 1
123.80 123.93 0
123.93 127.29 2
127.29 127.92 0
127.92 128.26 1
128.26 129.10 3
129.10 134.47 2
134.47 136.33 3
136.33 136.75 2
136.75 137.50 0
137.50 137.80 1
137.80 138.34 0
138.34 141.91 2
141.91 142.25 0
142.25 142.75 1
142.75 144.06 3
144.06 144.86 2
144.86 145.02 3
145.02 146.03 1
146.03 146.87 3
146.87 147.42 2
147.42 147.95 3
147.95 148.59 1
148.59 148.93 3
148.93 149.52 2
149.52 150.48 3
150.48 151.23 1
151.23 151.37 0
151.37 152.17 2
152.17 153.46 3
153.46 154.06 1
154.06 154.77 0
154.77 156.33 2
156.33 156.45 0
156.45 156.95 1
156.95 157.45 3
157.45 161.58 2
161.58 162.29 3
162.29 162.63 1
162.63 162.88 3
162.88 163.34 2
163.34 163.96 0
163.96 164.97 1
164.97 165.73 3
165.73 168.38 2
168.38 169.35 3
169.35 170.40 1
170.40 170.65 3
170.65 173.21 2
173.21 173.30 0
173.30 173.71 1
173.71 173.93 0
173.93 177.63 2
177.63 178.13 0
178.13 178.30 1
178.30 178.59 3
178.59 182.84 2
182.84 183.64 0
183.64 184.10 1
184.10 184.27 3
184.27 185.40 2
185.40 185.57 0
185.57 185.91 1
185.91 186.58 3
186.58 187.29 2
187.29 187.70 0
187.70 188.38 1
188.38 188.89 0
188.89 192.04 2
192.04 192.29 0
192.29 192.84 1
192.84 193.64 3
193.64 196.75 2
196.75 197.25 3
197.25 197.38 1
197.38 197.95 0
197.95 201.03 2
201.03 201.20 0
201.20 205.70 1
205.70 207.95 3
207.95 210.28 2
210.28 210.57 0
210.57 210.86 1
210.86 211.03 3
211.03 211.54 2
211.54 211.87 0
211.87 213.13 1
213.13 213.21 3
213.21 214.39 2
214.39 215.48 0
215.48 217.04 1
217.04 217.84 0
217.84 220.36 2
220.36 223.64 3
223.64 224.14 1
224.14 224.22 3
224.22 225.02 2
225.02 225.82 0
225.82 226.12 1
226.12 226.37 0
226.37 227.84 2
227.84 228.05 0
228.05 228.43 1
228.43 229.47 0
229.47 229.56 2
229.56 229.90 3
229.90 233.43 1
233.43 234.44 3
234.44 235.11 1
235.11 235.36 0
235.36 238.65 2
238.65 238.86 0
238.86 239.22 1
239.22 239.80 0
239.80 242.70 2
242.70 242.92 0
242.92 243.55 1
243.55 244.06 3
244.06 245.63 2
245.63 245.75 0
245.75 246.19 1
246.19 246.47 0
246.47 248.19 2
248.19 248.20 3
248.20 248.55 1
248.55 248.56 3
248.56 254.39 2
254.39 254.44 0
254.44 255.15 1
255.15 256.03 0
256.03 258.70 2
258.70 259.10 0
259.10 262.36 1
262.36 264.35 3
264.35 264.62 2
264.62 265.61 0
265.61 268.62 1
268.62 271.85 3
271.85 272.17 2
272.17 272.29 3
272.29 272.50 1
272.50 272.69 0
272.69 274.72 2
274.72 275.19 1
275.19 275.30 3
275.30 275.38 2
275.38 276.56 0
276.56 277.00 1
277.00 277.45 0
277.45 279.20 2
279.20 279.31 3
279.31 281.20 1
281.20 281.23 0
281.23 281.64 2
281.64 281.70 3
281.70 290.00 1
290.00 290.04 0
290.04 290.67 2
290.67 298.57 1
298.57 299.25 3
299.25 299.58 2
299.58 299.88 0
299.88 303.62 1
303.62 307.61 3
307.61 309.04 1
309.04 309.83 0
309.83 311.85 1
311.85 312.06 3
312.06 312.57 2
312.57 312.72 3
312.72 321.43 1
321.43 321.46 3
321.46 322.02 2
322.02 322.10 0
322.10 323.28 1
323.28 323.32 3
323.32 323.96 2
323.96 324.04 3
324.04 328.85 1
328.85 329.18 3
329.18 329.60 2
329.60 329.72 0
329.72 333.13 1
333.13 336.20 3
336.20 337.12 1
337.12 337.59 0
337.59 339.01 1
339.01 340.11 3
340.11 341.87 1
341.87 342.38 3
342.38 343.08 2
343.08 343.09 3
343.09 344.30 1
344.30 345.61 3
345.61 346.41 1
346.41 347.10 0
347.10 348.37 2
348.37 348.56 3
348.56 351.00 1
351.00 354.14 3
354.14 356.44 2
356.44 356.90 3
356.90 368.22 1
368.22 368.43 3
368.43 369.14 2
369.14 369.22 0
369.22 373.66 1
373.66 378.93 3
378.93 382.27 1
382.27 382.60 0
382.60 394.64 1
394.64 394.71 0
394.71 395.06 2
395.06 395.31 3
395.31 408.10 1
408.10 408.69 3
408.69 408.94 2
408.94 408.98 0
408.98 413.74 1
413.74 414.50 3
414.50 414.83 2
414.83 415.92 3
415.92 416.92 1
416.92 419.01 3
419.01 426.62 1
426.62 428.04 3
428.04 428.46 2
428.46 430.55 3
430.55 434.02 1
434.02 434.89 3
434.89 435.81 2
435.81 436.77 3
436.77 437.61 1
437.61 438.03 2
438.03 438.15 3
438.15 441.00 1
441.00 441.20 0
441.20 441.71 2
441.71 442.04 0
442.04 444.00 1
444.00 446.60 3
446.60 447.39 1
447.39 447.81 0
447.81 449.40 1
449.40 450.90 3
450.90 451.19 2
451.19 451.22 0
451.22 457.82 1
457.82 458.24 3
458.24 462.42 1
462.42 462.55 3
462.55 462.76 2
462.76 463.62 0
463.62 467.30 1
467.30 467.72 3
467.72 468.47 2
468.47 468.52 0
468.52 469.53 1
469.53 469.61 3
469.61 469.99 2
469.99 470.36 0
470.36 471.74 1
471.74 471.99 3
471.99 472.24 2
472.24 472.54 0
472.54 473.71 1
473.71 474.38 0
474.38 475.84 2
475.84 476.05 0
476.05 478.14 1
478.14 478.76 3
478.76 480.31 1
480.31 480.35 0
480.35 480.69 2
480.69 481.19 0
481.19 482.69 1
482.69 482.99 3
482.99 485.91 1
485.91 486.25 2
486.25 486.33 3
486.33 490.38 1
490.38 490.43 0
490.43 490.76 2
490.76 490.97 0
490.97 494.77 1
494.77 494.94 0
494.94 495.65 2
495.65 496.40 0
496.40 498.66 1
498.66 498.78 3
498.78 499.16 2
499.16 499.29 0
499.29 500.72 1
500.72 501.22 3
501.22 502.99 1
502.99 503.11 3
503.11 503.35 2
503.35 503.51 3
503.51 506.13 1
506.13 506.27 3
506.27 507.55 2
507.55 507.63 3
507.63 510.66 1
510.66 510.96 0
510.96 511.09 1
511.09 511.96 3
511.96 513.93 1
513.93 514.90 0
514.90 516.12 1
516.12 516.58 3
516.58 516.62 1
516.62 516.77 0
516.77 518.62 1
518.62 518.71 3
518.71 519.05 2
519.05 519.95 0
519.95 523.29 1
523.29 523.89 3
523.89 524.57 2
524.57 525.03 0
525.03 527.75 1
527.75 527.77 0
527.77 528.23 2
528.23 528.56 0
528.56 528.73 1
528.73 529.20 3
529.20 529.85 2
529.85 531.21 3
531.21 532.07 1
532.07 532.28 0
532.28 532.55 2
532.55 532.76 0
532.76 533.44 1
533.44 533.77 0
533.77 535.27 2
535.27 535.61 0
535.61 537.12 2
537.12 537.50 0
537.50 537.97 2
537.97 539.96 3
539.96 540.20 1
540.20 540.59 3
540.59 542.96 2
542.96 543.55 0
543.55 544.02 1
544.02 544.61 0
544.61 545.64 1
545.64 545.74 3
545.74 545.97 2
545.97 546.38 3
546.38 547.79 1
547.79 549.27 3
549.27 551.34 2
551.34 551.38 0
551.38 551.93 1
551.93 552.09 0
552.09 555.18 2
555.18 555.42 0
555.42 555.77 1
555.77 555.79 0
555.79 558.30 2
558.30 558.42 0
558.42 558.71 1
558.71 559.02 0
559.02 562.98 2
562.98 563.05 0
563.05 563.46 1
563.46 563.61 0
563.61 565.40 2
565.40 565.86 0
565.86 566.80 2
566.80 567.39 3
567.39 567.64 1
567.64 568.29 0
568.29 569.65 2
569.65 569.82 0
569.82 570.68 1
570.68 571.10 3
571.10 574.20 2
574.20 575.09 0
575.09 578.45 2
578.45 578.83 3
578.83 579.27 2
579.27 579.83 0
579.83 582.95 2
582.95 583.34 0
583.34 587.92 2
587.92 588.03 0
588.03 588.62 1
588.62 589.10 3
589.10 592.06 2
592.06 592.10 0
592.10 592.88 1
592.88 592.96 3
592.96 595.76 2
595.76 596.49 0
596.49 596.74 1
596.74 596.94 3
596.94 598.31 2
598.31 599.13 0
599.13 602.21 2
