0.00 1.43 2
1.43 1.90 0
1.90 3.76 2
3.76 4.31 0
4.31 6.09 2
6.09 6.25 3
6.25 6.47 1
6.47 6.59 0
6.59 7.21 2
7.21 8.35 0
8.35 9.84 2
9.84 10.14 0
10.14 13.76 1
13.76 14.07 0
14.07 17.12 1
17.12 17.26 0
17.26 17.44 2
17.44 17.66 3
17.66 18.70 1
18.70 19.20 0
19.20 20.94 1
20.94 21.07 0
21.07 21.47 2
21.47 21.88 0
21.88 27.42 1
27.42 27.97 0
27.97 31.53 1
31.53 32.00 0
32.00 33.01 1
33.01 33.42 0
33.42 33.56 2
33.56 33.82 3
33.82 37.54 1
37.54 38.07 0
38.07 40.67 1
40.67 41.00 0
41.00 41.64 1
41.64 41.91 0
41.91 42.32 2
42.32 43.25 0
43.25 47.20 1
47.20 47.72 0
47.72 48.36 1
48.36 48.79 0
48.79 51.58 1
51.58 52.46 0
52.46 55.43 1
55.43 55.83 0
55.83 61.24 1
61.24 62.02 0
62.02 64.40 1
64.40 64.80 0
64.80 66.28 1
66.28 66.36 0
66.36 66.77 2
66.77 66.86 3
66.86 68.45 1
68.45 68.66 0
68.66 68.87 2
68.87 69.79 3
69.79 71.77 1
71.77 72.69 0
72.69 76.67 1
76.67 77.77 0
77.77 82.23 1
82.23 82.53 0
82.53 83.32 1
83.32 83.72 0
83.72 85.76 1
85.76 86.00 0
86.00 87.12 1
87.12 87.59 3
87.59 88.64 1
88.64 89.08 0
89.08 92.83 1
92.83 92.91 0
92.91 93.38 2
93.38 93.51 0
93.51 94.70 1
94.70 94.91 3
94.91 95.58 2
95.58 95.65 3
95.65 96.51 1
96.51 97.27 0
97.27 101.18 1
101.18 101.76 0
101.76 105.88 1
105.88 106.10 0
106.10 106.67 2
106.67 107.20 0
107.20 108.28 1
108.28 108.63 0
108.63 109.76 2
109.76 109.98 0
109.98 110.46 1
110.46 111.35 0
111.35 113.84 1
113.84 114.13 0
114.13 117.09 1
117.09 117.34 0
117.34 117.54 2
117.54 117.81 3
117.81 119.51 1
119.51 120.56 0
120.56 122.85 1
122.85 123.03 0
123.03 123.60 2
123.60 123.65 0
123.65 127.09 1
127.09 127.77 0
127.77 130.09 1
130.09 130.92 0
130.92 133.03 1
133.03 134.32 0
134.32 139.11 1
139.11 139.73 0
139.73 144.77 1
144.77 145.22 0
145.22 147.46 1
147.46 147.86 0
147.86 152.96 1
152.96 153.01 3
153.01 153.32 2
153.32 153.54 3
153.54 156.73 1
156.73 157.45 0
157.45 162.23 1
162.23 162.36 3
162.36 162.71 2
162.71 162.76 0
162.76 164.95 1
164.95 165.89 0
165.89 169.84 1
169.84 170.22 0
170.22 173.84 1
173.84 174.12 0
174.12 176.10 1
176.10 176.33 0
176.33 176.64 2
176.64 176.74 3
176.74 182.37 1
182.37 183.02 0
183.02 184.03 1
184.03 185.05 0
185.05 187.36 1
187.36 188.64 0
188.64 192.16 1
192.16 192.65 0
192.65 195.93 1
195.93 196.68 0
196.68 198.85 1
198.85 199.49 0
199.49 200.49 1
200.49 200.96 0
200.96 204.50 1
204.50 204.87 0
204.87 208.01 1
208.01 209.13 0
209.13 211.00 1
211.00 212.38 0
212.38 212.61 1
212.61 212.90 3
212.90 214.87 2
214.87 215.25 3
215.25 218.57 1
218.57 219.05 0
219.05 221.56 1
221.56 222.12 0
222.12 222.98 1
222.98 223.55 0
223.55 226.18 1
226.18 226.28 0
226.28 226.75 2
226.75 226.94 0
226.94 233.02 1
233.02 233.42 0
233.42 235.02 1
235.02 235.57 0
235.57 236.04 2
236.04 236.07 0
236.07 238.30 1
238.30 238.75 0
238.75 244.06 1
244.06 244.55 0
244.55 248.22 1
248.22 248.51 0
248.51 251.61 1
251.61 252.17 0
252.17 257.03 1
257.03 257.71 0
257.71 261.49 1
261.49 261.82 0
261.82 264.18 1
264.18 264.69 0
264.69 265.28 1
265.28 265.95 0
265.95 268.81 1
268.81 269.33 0
269.33 274.16 1
274.16 274.45 0
274.45 275.05 2
275.05 275.42 0
275.42 279.36 1
279.36 279.71 0
279.71 281.60 1
281.60 282.16 0
282.16 283.86 1
283.86 284.11 0
284.11 286.34 1
286.34 286.63 0
286.63 290.23 1
290.23 290.66 3
290.66 290.76 1
290.76 291.35 0
291.35 292.59 1
292.59 293.12 0
293.12 294.67 1
294.67 295.66 0
295.66 297.12 1
297.12 297.46 0
297.46 300.72 1
300.72 301.22 0
301.22 302.87 1
302.87 303.24 0
303.24 308.23 1
308.23 308.60 3
308.60 308.78 2
308.78 309.26 0
309.26 315.02 1
315.02 315.39 0
315.39 317.14 1
317.14 317.55 0
317.55 320.53 1
320.53 320.76 0
320.76 321.61 1
321.61 322.31 0
322.31 324.72 1
324.72 325.50 3
325.50 326.36 1
326.36 326.79 0
326.79 328.47 1
328.47 329.08 0
329.08 331.65 1
331.65 331.89 0
331.89 332.68 1
332.68 333.60 0
333.60 333.65 2
333.65 334.11 3
334.11 336.48 1
336.48 336.64 3
336.64 337.31 1
337.31 337.89 0
337.89 339.25 1
339.25 339.74 0
339.74 341.78 1
341.78 342.22 0
342.22 345.77 1
345.77 346.12 0
346.12 348.12 1
348.12 348.56 0
348.56 348.58 2
348.58 348.84 3
348.84 350.00 1
350.00 350.77 0
350.77 351.91 1
351.91 352.21 0
352.21 356.62 1
356.62 357.02 0
357.02 357.32 2
357.32 357.84 0
357.84 362.14 1
362.14 363.18 0
363.18 369.99 1
369.99 370.12 0
370.12 370.14 2
370.14 370.48 3
370.48 371.11 2
371.11 371.27 3
371.27 375.00 1
375.00 375.75 0
375.75 376.49 1
376.49 376.57 3
376.57 376.88 2
376.88 376.98 0
376.98 377.74 1
377.74 378.19 0
378.19 382.87 1
382.87 383.00 0
383.00 383.46 2
383.46 383.57 3
383.57 384.11 1
384.11 384.58 0
384.58 388.39 1
388.39 389.26 0
389.26 390.48 1
390.48 390.65 0
390.65 394.33 1
394.33 394.95 0
394.95 400.26 1
400.26 400.82 0
400.82 405.83 1
405.83 406.31 0
406.31 406.52 2
406.52 407.00 3
407.00 408.63 1
408.63 409.11 3
409.11 409.38 2
409.38 409.71 0
409.71 411.39 1
411.39 411.56 0
411.56 411.72 2
411.72 411.97 3
411.97 412.89 1
412.89 413.15 0
413.15 414.35 1
414.35 414.45 3
414.45 414.81 2
414.81 414.83 0
414.83 417.50 1
417.50 419.38 0
419.38 422.05 2
422.05 422.13 3
422.13 424.24 1
424.24 424.70 0
424.70 429.18 1
429.18 429.32 0
429.32 430.32 1
430.32 430.39 0
430.39 430.90 2
430.90 431.47 0
431.47 433.90 2
433.90 434.17 0
434.17 436.21 2
436.21 436.25 3
436.25 437.18 1
437.18 437.42 0
437.42 438.93 2
438.93 439.42 0
439.42 441.93 2
441.93 441.99 0
441.99 442.46 1
442.46 442.48 0
442.48 443.27 2
443.27 443.87 0
443.87 445.40 2
445.40 446.06 0
446.06 448.02 2
448.02 448.04 0
448.04 448.50 1
448.50 449.24 0
449.24 450.33 2
450.33 450.60 0
450.60 454.34 2
454.34 455.04 0
455.04 457.42 1
457.42 457.76 0
457.76 461.71 1
461.71 462.12 0
462.12 463.15 1
463.15 463.56 0
463.56 468.70 1
468.70 468.81 3
468.81 469.17 2
469.17 469.51 0
469.51 473.59 1
473.59 474.02 3
474.02 474.20 1
474.20 474.58 0
474.58 477.60 1
477.60 478.35 0
478.35 482.12 1
482.12 482.25 0
482.25 482.69 2
482.69 482.84 3
482.84 484.47 1
484.47 484.93 3
484.93 485.79 2
485.79 485.99 0
485.99 486.96 1
486.96 487.00 3
487.00 489.25 2
489.25 489.67 3
489.67 490.74 1
490.74 490.79 0
490.79 494.01 2
494.01 494.36 3
494.36 496.44 1
496.44 497.01 0
497.01 498.37 2
498.37 498.56 3
498.56 499.15 1
499.15 499.42 0
499.42 499.95 2
499.95 500.02 0
500.02 501.37 1
501.37 501.94 0
501.94 504.79 2
504.79 505.20 0
505.20 506.02 2
506.02 506.10 0
506.10 506.57 1
506.57 506.92 0
506.92 508.02 2
508.02 508.26 3
508.26 508.42 1
508.42 508.48 3
508.48 509.33 2
509.33 509.88 0
509.88 511.82 2
511.82 512.45 0
512.45 513.98 2
513.98 514.39 0
514.39 514.52 2
514.52 514.87 3
514.87 515.89 2
515.89 517.07 0
517.07 517.79 2
517.79 518.14 0
518.14 520.35 2
520.35 520.46 0
520.46 521.54 1
521.54 521.77 0
521.77 522.63 2
522.63 524.51 0
524.51 526.44 2
526.44 526.83 3
526.83 526.89 1
526.89 527.88 0
527.88 530.59 2
530.59 530.89 0
530.89 533.56 2
533.56 534.02 1
534.02 534.06 0
534.06 535.53 2
535.53 536.04 0
536.04 538.10 2
538.10 539.03 0
539.03 543.19 2
543.19 544.43 0
544.43 545.28 2
545.28 546.20 0
546.20 548.37 2
548.37 548.41 0
548.41 549.74 1
549.74 550.41 3
550.41 550.58 1
550.58 551.06 0
551.06 553.11 1
553.11 553.58 0
553.58 554.34 2
554.34 555.29 0
555.29 557.53 2
557.53 557.67 3
557.67 560.42 1
560.42 560.77 3
560.77 561.10 2
561.10 561.17 3
561.17 563.45 1
563.45 564.04 0
564.04 566.04 1
566.04 567.42 0
567.42 572.54 1
572.54 572.57 3
572.57 573.00 2
573.00 573.58 0
573.58 574.51 2
574.51 574.58 0
574.58 579.43 1
579.43 580.34 0
580.34 583.05 1
583.05 583.62 0
583.62 586.93 1
586.93 587.23 0
587.23 590.66 1
590.66 591.41 0
591.41 594.79 1
594.79 595.21 0
595.21 596.17 1
596.17 596.55 0
596.55 598.64 1
598.64 599.07 0
599.07 603.70 1
