0.00 2.86 1
2.86 3.46 0
3.46 6.95 1
6.95 7.47 0
7.47 9.87 1
9.87 10.94 0
10.94 17.61 1
17.61 18.30 0
18.30 21.07 1
21.07 21.62 3
21.62 21.80 2
21.80 22.18 0
22.18 23.47 1
23.47 23.77 0
23.77 24.49 1
24.49 25.05 0
25.05 27.00 1
27.00 27.50 0
27.50 28.95 1
28.95 30.06 0
30.06 30.76 1
30.76 31.15 3
31.15 31.40 2
31.40 31.51 0
31.51 32.47 1
32.47 32.69 0
32.69 33.92 1
33.92 34.65 0
34.65 35.41 1
35.41 36.08 0
36.08 36.34 2
36.34 36.69 0
36.69 37.56 1
37.56 38.11 0
38.11 39.01 2
39.01 39.17 0
39.17 42.59 1
42.59 43.52 0
43.52 45.22 1
45.22 45.49 0
45.49 46.49 1
46.49 47.12 0
47.12 48.47 2
48.47 48.74 3
48.74 50.06 1
50.06 50.45 3
50.45 50.62 2
50.62 51.03 0
51.03 51.34 1
51.34 51.66 0
51.66 52.00 1
52.00 52.34 0
52.34 53.93 1
53.93 54.62 0
54.62 54.98 2
54.98 55.02 0
55.02 57.39 1
57.39 57.75 0
57.75 59.19 1
59.19 59.55 3
59.55 62.20 2
62.20 62.48 0
62.48 63.75 1
63.75 64.58 0
64.58 65.58 1
65.58 66.47 0
66.47 68.34 2
68.34 68.77 0
68.77 70.17 2
70.17 70.86 0
70.86 72.08 2
72.08 72.61 0
72.61 72.70 1
72.70 72.78 3
72.78 75.17 2
75.17 75.75 0
75.75 76.03 1
76.03 76.49 0
76.49 77.09 1
77.09 77.72 0
77.72 78.12 1
78.12 78.36 0
78.36 78.69 1
78.69 78.95 0
78.95 82.77 1
82.77 82.91 0
82.91 83.88 2
83.88 84.11 0
84.11 87.18 1
87.18 87.30 3
87.30 88.35 2
88.35 88.76 0
88.76 89.85 2
89.85 90.68 0
90.68 90.81 1
90.81 91.16 0
91.16 93.90 1
93.90 94.12 0
94.12 94.82 2
94.82 98.49 1
98.49 98.77 0
98.77 99.05 2
99.05 99.08 0
99.08 99.95 1
99.95 100.59 0
100.59 101.22 1
101.22 101.50 3
101.50 101.70 2
101.70 102.12 0
102.12 102.34 1
102.34 102.75 0
102.75 103.25 2
103.25 103.43 0
103.43 104.16 1
104.16 104.39 3
104.39 104.71 2
104.71 104.77 0
104.77 106.17 1
106.17 106.95 0
106.95 107.42 1
107.42 108.23 0
108.23 110.54 1
110.54 111.42 0
111.42 113.26 1
113.26 113.56 0
113.56 116.36 1
116.36 117.13 0
117.13 117.28 2
117.28 117.36 3
117.36 117.78 2
117.78 117.86 3
117.86 118.23 1
118.23 118.52 0
118.52 118.65 1
118.65 118.77 0
118.77 120.23 2
120.23 120.28 0
120.28 120.96 1
120.96 121.27 3
121.27 122.05 2
122.05 122.09 3
122.09 122.30 1
122.30 122.58 3
122.58 122.88 2
122.88 123.92 0
123.92 124.95 1
124.95 125.17 0
125.17 126.86 1
126.86 127.66 0
127.66 128.86 2
128.86 128.88 3
128.88 129.29 1
129.29 129.93 0
129.93 130.73 1
130.73 131.59 0
131.59 133.09 1
133.09 133.43 0
133.43 135.81 1
135.81 136.48 0
136.48 137.27 2
137.27 137.76 0
137.76 138.88 1
138.88 139.54 0
139.54 139.63 1
139.63 139.97 3
139.97 142.21 2
142.21 142.53 0
142.53 142.67 1
142.67 142.76 3
142.76 144.80 2
144.80 144.84 0
144.84 147.72 1
147.72 148.02 0
148.02 151.23 1
151.23 151.30 3
151.30 152.67 2
152.67 152.83 3
152.83 153.09 2
153.09 154.02 0
154.02 156.38 1
156.38 156.74 0
156.74 158.57 2
158.57 158.61 0
158.61 159.39 1
159.39 159.47 3
159.47 162.69 2
162.69 162.76 0
162.76 163.56 1
163.56 163.62 0
163.62 166.57 2
166.57 166.90 0
166.90 167.29 1
167.29 167.37 0
167.37 169.20 2
169.20 169.51 0
169.51 171.98 1
171.98 172.28 0
172.28 172.45 1
172.45 172.97 0
172.97 173.38 1
173.38 173.62 0
173.62 174.62 1
174.62 174.77 0
174.77 175.31 1
175.31 175.48 0
175.48 177.44 1
177.44 177.89 0
177.89 177.94 2
177.94 178.23 3
178.23 178.60 1
178.60 179.44 0
179.44 180.40 1
180.40 181.51 0
181.51 181.65 1
181.65 182.02 3
182.02 182.28 2
182.28 182.37 3
182.37 182.87 1
182.87 183.29 0
183.29 186.40 1
186.40 186.77 3
186.77 186.81 1
186.81 187.51 0
187.51 188.04 1
188.04 188.35 3
188.35 188.53 2
188.53 188.92 0
188.92 189.01 1
189.01 189.48 0
189.48 189.52 1
189.52 189.79 3
189.79 190.90 2
190.90 191.23 0
191.23 191.48 1
191.48 192.04 0
192.04 192.41 2
192.41 192.66 0
192.66 193.78 2
193.78 193.97 0
193.97 195.83 2
195.83 196.92 0
196.92 197.32 3
197.32 197.35 1
197.35 197.97 0
197.97 198.25 2
198.25 198.33 0
198.33 200.35 1
200.35 200.53 3
200.53 200.73 2
200.73 201.04 0
201.04 202.51 1
202.51 203.16 0
203.16 204.01 1
204.01 204.15 0
204.15 206.57 1
206.57 206.82 0
206.82 207.37 1
207.37 207.57 0
207.57 207.73 2
207.73 207.87 0
207.87 208.67 1
208.67 208.82 0
208.82 209.95 2
209.95 210.15 0
210.15 211.35 1
211.35 211.40 3
211.40 212.00 2
212.00 212.48 0
212.48 213.54 1
213.54 214.12 0
214.12 215.54 1
215.54 216.71 0
216.71 217.22 1
217.22 218.16 0
218.16 219.12 1
219.12 219.96 0
219.96 221.04 1
221.04 222.46 0
222.46 223.10 1
223.10 223.67 0
223.67 224.41 1
224.41 225.23 0
225.23 225.45 2
225.45 226.63 0
226.63 227.19 1
227.19 227.48 3
227.48 229.35 2
229.35 229.52 0
229.52 229.81 1
229.81 229.89 0
229.89 231.54 2
231.54 231.71 0
231.71 232.03 1
232.03 232.48 0
232.48 233.47 1
233.47 233.93 0
233.93 234.82 1
234.82 235.13 3
235.13 235.62 1
235.62 236.04 0
236.04 236.82 2
236.82 237.09 0
237.09 237.64 2
237.64 238.16 0
238.16 238.45 1
238.45 238.49 3
238.49 240.55 2
240.55 240.76 0
240.76 241.26 1
241.26 241.74 0
241.74 242.05 1
242.05 243.01 0
243.01 243.26 2
243.26 243.78 0
243.78 244.39 2
244.39 244.81 0
244.81 246.36 1
246.36 246.72 0
246.72 247.33 1
247.33 249.23 0
249.23 251.21 1
251.21 252.23 0
252.23 254.23 1
254.23 254.63 0
254.63 255.08 1
255.08 255.99 0
255.99 256.56 1
256.56 256.74 0
256.74 257.37 2
257.37 257.63 0
257.63 258.86 2
258.86 259.24 0
259.24 259.65 1
259.65 260.18 0
260.18 260.97 2
260.97 261.67 0
261.67 261.95 1
261.95 262.63 0
262.63 263.68 2
263.68 264.63 0
264.63 266.16 2
266.16 266.62 0
266.62 267.23 1
267.23 267.83 0
267.83 270.20 2
270.20 270.69 0
270.69 270.86 1
270.86 271.01 3
271.01 274.95 2
274.95 275.49 0
275.49 275.60 1
275.60 275.67 3
275.67 277.49 2
277.49 277.67 0
277.67 278.25 1
278.25 279.24 0
279.24 279.50 1
279.50 279.61 3
279.61 280.01 2
280.01 281.48 0
281.48 282.60 2
282.60 283.26 0
283.26 284.42 2
284.42 284.65 0
284.65 285.10 1
285.10 285.53 0
285.53 288.59 2
288.59 289.41 0
289.41 290.63 2
290.63 291.04 0
291.04 292.35 2
292.35 292.70 3
292.70 292.74 2
292.74 293.15 0
293.15 294.21 3
294.21 294.58 1
294.58 294.71 3
294.71 294.78 2
294.78 295.87 0
295.87 301.76 2
301.76 302.13 0
302.13 302.42 1
302.42 302.97 0
302.97 306.88 2
306.88 307.52 0
307.52 310.07 2
310.07 310.17 0
310.17 310.55 1
310.55 311.10 0
311.10 313.44 2
313.44 313.82 0
313.82 314.01 1
314.01 314.30 3
314.30 314.83 2
314.83 315.79 3
315.79 316.52 1
316.52 319.02 2
319.02 319.30 0
319.30 319.66 1
319.66 319.82 0
319.82 321.60 2
321.60 322.20 0
322.20 323.29 2
323.29 323.47 0
323.47 324.14 2
324.14 324.61 0
324.61 325.47 2
325.47 326.05 0
326.05 326.41 1
326.41 326.65 0
326.65 328.28 2
328.28 328.73 0
328.73 330.21 2
330.21 330.39 0
330.39 330.74 1
330.74 331.41 0
331.41 332.03 2
332.03 332.97 0
332.97 333.56 2
333.56 334.50 0
334.50 336.64 2
336.64 337.36 0
337.36 337.61 2
337.61 337.77 3
337.77 338.48 2
338.48 339.11 0
339.11 339.44 1
339.44 339.85 0
339.85 342.56 2
342.56 342.99 0
342.99 344.82 2
344.82 345.37 0
345.37 346.07 2
346.07 346.76 0
346.76 347.10 1
347.10 347.45 0
347.45 350.38 2
350.38 351.35 0
351.35 354.65 2
354.65 354.91 0
354.91 355.10 1
355.10 355.19 3
355.19 355.69 2
355.69 355.87 0
355.87 356.11 1
356.11 356.18 0
356.18 357.88 2
357.88 359.57 3
359.57 360.16 1
360.16 360.66 0
360.66 361.11 2
361.11 361.52 0
361.52 361.79 1
361.79 362.02 3
362.02 362.63 2
362.63 362.75 0
362.75 362.87 1
362.87 363.54 0
363.54 363.64 1
363.64 363.74 0
363.74 365.86 2
365.86 366.25 0
366.25 368.13 1
368.13 368.30 3
368.30 368.74 2
368.74 368.91 3
368.91 369.49 2
369.49 369.61 3
369.61 370.57 2
370.57 371.06 3
371.06 371.24 2
371.24 371.49 0
371.49 371.73 1
371.73 371.81 3
371.81 372.12 2
372.12 372.23 3
372.23 372.91 2
372.91 373.03 3
373.03 373.48 2
373.48 373.55 0
373.55 375.72 1
375.72 376.08 0
376.08 376.27 2
376.27 376.33 3
376.33 377.25 1
377.25 377.60 0
377.60 377.75 1
377.75 378.90 3
378.90 379.21 1
379.21 379.27 3
379.27 380.45 2
380.45 381.04 3
381.04 381.76 2
381.76 382.24 0
382.24 382.41 1
382.41 382.73 3
382.73 386.81 2
386.81 387.28 0
387.28 387.50 1
387.50 387.57 3
387.57 389.20 2
389.20 389.64 0
389.64 389.80 2
389.80 390.21 0
390.21 392.82 2
392.82 393.14 0
393.14 393.53 1
393.53 393.55 0
393.55 394.34 2
394.34 394.57 0
394.57 395.73 2
395.73 396.51 0
396.51 396.81 1
396.81 397.01 0
397.01 398.34 2
398.34 398.43 3
398.43 399.78 2
399.78 400.07 0
400.07 400.31 1
400.31 400.38 3
400.38 400.86 2
400.86 401.31 3
401.31 401.32 1
401.32 401.71 0
401.71 402.61 2
402.61 402.86 0
402.86 403.44 1
403.44 403.96 0
403.96 405.07 2
405.07 406.15 0
406.15 406.19 1
406.19 406.43 3
406.43 409.51 2
409.51 409.68 0
409.68 410.01 1
410.01 410.55 0
410.55 410.72 2
410.72 412.34 0
412.34 413.19 1
413.19 413.28 3
413.28 415.07 2
415.07 415.44 0
415.44 415.64 2
415.64 415.78 3
415.78 416.19 2
416.19 416.61 0
416.61 416.98 2
416.98 417.25 0
417.25 417.49 1
417.49 417.66 3
417.66 418.57 2
418.57 418.68 0
418.68 422.12 1
422.12 422.74 0
422.74 423.26 2
423.26 423.44 0
423.44 423.99 1
423.99 424.31 3
424.31 425.14 2
425.14 425.85 0
425.85 426.86 1
426.86 427.90 0
427.90 430.26 1
430.26 431.52 0
431.52 433.41 1
433.41 433.75 0
433.75 433.78 2
433.78 434.24 3
434.24 435.90 1
435.90 436.37 0
436.37 438.52 1
438.52 439.87 0
439.87 440.41 2
440.41 440.42 3
440.42 442.16 1
442.16 442.82 0
442.82 443.15 1
443.15 443.56 0
443.56 444.47 1
444.47 444.99 0
444.99 447.12 1
447.12 447.52 0
447.52 449.16 2
449.16 449.29 0
449.29 449.60 1
449.60 449.80 0
449.80 449.98 1
449.98 450.15 3
450.15 450.38 2
450.38 450.45 0
450.45 450.67 1
450.67 450.75 0
450.75 452.37 2
452.37 452.68 0
452.68 453.06 1
453.06 453.49 0
453.49 453.62 1
453.62 455.45 0
455.45 456.30 1
456.30 456.52 3
456.52 456.67 2
456.67 456.78 0
456.78 457.69 1
457.69 458.31 0
458.31 458.76 1
458.76 459.29 0
459.29 459.51 1
459.51 460.73 3
460.73 461.73 1
461.73 461.99 0
461.99 464.13 1
464.13 464.85 0
464.85 465.53 2
465.53 465.69 3
465.69 466.85 1
466.85 467.24 0
467.24 468.50 2
468.50 468.56 3
468.56 469.94 1
469.94 470.07 3
470.07 470.94 2
470.94 471.23 3
471.23 471.60 2
471.60 471.76 3
471.76 472.16 1
472.16 473.09 3
473.09 473.74 1
473.74 474.13 3
474.13 474.66 2
474.66 474.72 0
474.72 477.27 1
477.27 477.43 0
477.43 478.88 2
478.88 479.27 0
479.27 479.87 1
479.87 480.10 0
480.10 485.18 1
485.18 485.91 0
485.91 486.14 1
486.14 486.59 0
486.59 487.02 1
487.02 487.48 0
487.48 488.05 1
488.05 488.79 0
488.79 489.84 1
489.84 490.10 0
490.10 494.42 1
494.42 494.94 3
494.94 495.47 2
495.47 496.68 3
496.68 497.48 1
497.48 497.69 3
497.69 497.81 2
497.81 497.84 3
497.84 499.95 1
499.95 500.16 0
500.16 501.27 1
501.27 502.42 3
502.42 502.88 1
502.88 503.11 0
503.11 504.74 1
504.74 505.28 0
505.28 505.81 1
505.81 506.40 0
506.40 510.43 1
510.43 510.56 3
510.56 512.20 2
512.20 512.39 0
512.39 512.44 1
512.44 512.64 3
512.64 512.88 1
512.88 513.23 0
513.23 514.86 1
514.86 515.86 0
515.86 516.03 1
516.03 516.28 3
516.28 516.39 1
516.39 516.81 0
516.81 518.27 2
518.27 518.74 0
518.74 521.77 1
521.77 522.12 0
522.12 522.50 2
522.50 523.19 0
523.19 526.64 1
526.64 527.18 0
527.18 527.52 2
527.52 527.60 3
527.60 529.48 1
529.48 530.24 0
530.24 530.37 3
530.37 532.91 2
532.91 533.99 0
533.99 534.56 1
534.56 535.16 0
535.16 536.53 1
536.53 536.77 0
536.77 537.32 2
537.32 537.98 0
537.98 539.85 2
539.85 541.44 3
541.44 543.02 1
543.02 543.07 3
543.07 543.35 2
543.35 543.85 3
543.85 544.77 2
544.77 545.27 3
545.27 545.45 2
545.45 545.48 0
545.48 546.64 1
546.64 546.91 0
546.91 550.17 1
550.17 551.17 0
551.17 551.52 2
551.52 551.67 0
551.67 551.81 1
551.81 552.19 3
552.19 552.32 2
552.32 552.60 0
552.60 552.62 1
552.62 552.98 3
552.98 555.14 2
555.14 555.28 0
555.28 556.47 1
556.47 556.63 0
556.63 557.39 2
557.39 557.63 0
557.63 558.34 2
558.34 558.68 0
558.68 559.01 1
559.01 559.03 3
559.03 561.14 2
561.14 561.36 0
561.36 563.20 1
563.20 563.62 0
563.62 564.91 2
564.91 566.10 3
566.10 566.59 1
566.59 566.66 3
566.66 570.26 2
570.26 570.52 0
570.52 570.82 1
570.82 570.83 0
570.83 572.93 2
572.93 573.05 0
573.05 574.77 1
574.77 574.96 0
574.96 576.25 2
576.25 576.48 0
576.48 576.94 1
576.94 577.29 0
577.29 577.59 1
577.59 577.74 3
577.74 579.39 2
579.39 579.59 0
579.59 581.42 1
581.42 581.65 3
581.65 586.05 2
586.05 586.28 3
586.28 587.40 1
587.40 588.04 3
588.04 589.68 2
589.68 589.69 3
589.69 590.73 1
590.73 592.29 3
592.29 592.56 2
592.56 592.60 0
592.60 597.62 2
597.62 597.67 3
597.67 598.01 1
598.01 598.32 3
598.32 604.47 2
