0.00 5.11 2
5.11 5.71 0
5.71 12.30 2
12.30 12.95 0
12.95 17.01 2
17.01 17.79 0
17.79 18.83 2
18.83 22.00 0
22.00 23.31 2
23.31 23.73 0
23.73 28.09 2
28.09 28.53 0
28.53 30.78 2
30.78 31.03 0
31.03 31.34 1
31.34 31.65 0
31.65 34.07 2
34.07 34.90 0
34.90 38.62 2
38.62 39.40 0
39.40 41.85 2
41.85 42.64 0
42.64 50.05 2
50.05 50.09 3
50.09 50.34 1
50.34 50.36 3
50.36 52.01 2
52.01 52.67 0
52.67 56.62 2
56.62 57.41 0
57.41 57.98 2
57.98 59.16 0
59.16 64.61 2
64.61 65.24 0
65.24 69.45 2
69.45 69.72 0
69.72 70.01 1
70.01 70.03 0
70.03 70.53 2
70.53 71.26 0
71.26 74.42 2
74.42 75.35 0
75.35 78.77 2
78.77 79.56 0
79.56 83.57 2
83.57 84.76 0
84.76 84.82 1
84.82 85.07 3
85.07 85.59 2
85.59 87.32 0
87.32 92.92 2
92.92 93.95 0
93.95 95.45 2
95.45 95.85 0
95.85 96.17 1
96.17 96.23 0
96.23 103.28 2
103.28 104.81 0
104.81 114.52 2
114.52 114.54 0
114.54 114.83 1
114.83 115.15 3
115.15 115.75 2
115.75 116.65 0
116.65 118.52 1
118.52 118.81 0
118.81 119.38 1
119.38 119.94 3
119.94 120.06 1
120.06 120.73 0
120.73 123.19 1
123.19 124.07 0
124.07 126.11 2
126.11 126.55 0
126.55 131.83 1
131.83 133.37 0
133.37 134.20 1
134.20 137.33 0
137.33 137.37 2
137.37 137.85 3
137.85 138.75 2
138.75 138.96 0
138.96 139.29 1
139.29 140.24 0
140.24 140.51 2
140.51 142.41 0
142.41 147.97 1
147.97 148.84 0
148.84 151.08 2
151.08 151.20 0
151.20 152.08 1
152.08 154.85 0
154.85 157.91 2
157.91 158.29 0
158.29 159.81 1
159.81 161.48 0
161.48 167.01 2
167.01 167.05 3
167.05 169.67 1
169.67 169.72 3
169.72 174.92 2
174.92 175.23 0
175.23 175.81 1
175.81 176.94 0
176.94 180.88 2
180.88 181.44 3
181.44 181.82 2
181.82 182.86 0
182.86 185.66 2
185.66 186.05 0
186.05 186.76 1
186.76 187.34 0
187.34 188.40 1
188.40 190.14 0
190.14 190.39 1
190.39 191.22 3
191.22 191.24 2
191.24 192.64 0
192.64 197.56 2
197.56 197.69 3
197.69 198.00 1
198.00 198.08 3
198.08 204.21 2
204.21 205.91 0
205.91 208.28 1
208.28 209.82 0
209.82 214.15 2
214.15 214.52 3
214.52 217.56 1
217.56 219.00 0
219.00 219.27 1
219.27 220.13 0
220.13 224.64 2
224.64 224.76 0
224.76 225.01 1
225.01 225.05 3
225.05 234.45 2
234.45 234.95 0
234.95 240.08 2
240.08 241.09 0
241.09 244.57 2
244.57 245.30 0
245.30 245.53 1
245.53 245.74 0
245.74 247.38 2
247.38 248.45 0
248.45 250.55 2
250.55 251.29 0
251.29 251.83 1
251.83 252.54 3
252.54 252.94 1
252.94 253.52 0
253.52 259.17 1
259.17 260.69 0
260.69 265.22 2
265.22 266.11 3
266.11 266.15 2
266.15 266.47 0
266.47 277.71 2
277.71 278.46 0
278.46 278.48 2
278.48 279.29 3
279.29 279.88 1
279.88 280.94 0
280.94 281.29 2
281.29 281.54 0
281.54 283.13 1
283.13 283.88 0
283.88 284.28 1
284.28 284.82 3
284.82 284.99 2
284.99 285.72 0
285.72 297.21 2
297.21 297.50 0
297.50 301.92 2
301.92 302.23 0
302.23 304.03 1
304.03 305.24 0
305.24 312.58 2
312.58 313.06 0
313.06 317.08 2
317.08 318.75 0
318.75 319.54 2
319.54 320.17 0
320.17 320.46 1
320.46 322.52 0
322.52 327.93 2
327.93 328.22 0
328.22 328.82 1
328.82 329.68 0
329.68 331.56 2
331.56 331.99 0
331.99 332.33 1
332.33 333.18 0
333.18 338.00 2
338.00 339.29 0
339.29 339.58 1
339.58 339.83 3
339.83 341.38 2
341.38 341.96 0
341.96 342.73 1
342.73 343.44 0
343.44 344.51 1
344.51 345.27 0
345.27 348.98 2
348.98 349.61 0
349.61 359.29 2
359.29 360.18 0
360.18 367.48 1
367.48 368.02 0
368.02 368.86 2
368.86 369.76 3
369.76 370.63 0
370.63 372.76 2
372.76 373.30 0
373.30 380.60 2
380.60 380.72 0
380.72 381.06 1
381.06 381.81 0
381.81 389.03 2
389.03 389.67 0
389.67 390.67 2
390.67 391.47 0
391.47 396.53 2
396.53 397.41 0
397.41 398.45 2
398.45 398.83 0
398.83 400.48 1
400.48 401.56 0
401.56 408.34 2
408.34 408.48 0
408.48 409.15 1
409.15 409.38 3
409.38 412.07 1
412.07 412.86 0
412.86 415.24 2
415.24 415.59 3
415.59 415.87 2
415.87 415.89 0
415.89 421.48 2
421.48 421.83 0
421.83 422.25 1
422.25 422.37 3
422.37 423.62 2
423.62 424.79 0
424.79 429.61 1
429.61 430.05 0
430.05 431.07 1
431.07 432.13 0
432.13 432.53 1
432.53 432.65 3
432.65 433.09 2
433.09 433.93 0
433.93 436.64 2
436.64 437.72 0
437.72 438.35 1
438.35 439.97 0
439.97 449.03 1
449.03 450.03 0
450.03 451.38 2
451.38 452.49 0
452.49 455.07 2
455.07 455.41 0
455.41 455.45 1
455.45 455.68 3
455.68 456.72 2
456.72 457.01 3
457.01 457.58 2
457.58 458.16 0
458.16 463.02 1
463.02 464.37 0
464.37 466.69 2
466.69 466.75 0
466.75 467.92 1
467.92 468.44 0
468.44 471.17 1
471.17 471.94 0
471.94 474.84 2
474.84 475.20 0
475.20 477.14 1
477.14 478.16 3
478.16 483.54 2
483.54 485.15 0
485.15 485.35 2
485.35 485.63 3
485.63 486.15 1
486.15 487.71 0
487.71 492.20 1
492.20 494.11 0
494.11 495.47 1
495.47 496.47 0
496.47 503.10 1
503.10 503.85 0
503.85 507.42 1
507.42 508.05 0
508.05 512.45 2
512.45 513.02 0
513.02 514.93 2
514.93 515.18 0
515.18 518.29 2
518.29 518.45 0
518.45 519.24 1
519.24 519.34 0
519.34 523.12 2
523.12 523.16 3
523.16 523.48 1
523.48 523.51 0
523.51 528.58 2
528.58 530.02 0
530.02 530.04 1
530.04 530.58 3
530.58 530.64 2
530.64 531.75 0
531.75 538.49 2
538.49 539.44 0
539.44 542.89 2
542.89 543.03 0
543.03 543.20 2
543.20 543.56 3
543.56 544.87 2
544.87 545.49 0
545.49 548.88 2
548.88 549.12 0
549.12 551.45 2
551.45 551.83 0
551.83 552.06 2
552.06 552.33 3
552.33 553.26 2
553.26 555.20 0
555.20 557.55 1
557.55 558.26 0
558.26 558.70 2
558.70 558.88 0
558.88 559.32 1
559.32 560.41 0
560.41 562.15 2
562.15 562.48 0
562.48 562.49 2
562.49 562.98 3
562.98 563.24 2
563.24 563.88 0
563.88 564.35 1
564.35 566.16 0
566.16 566.71 1
566.71 568.21 0
568.21 569.17 1
569.17 569.71 0
569.71 574.94 2
574.94 576.27 0
576.27 578.61 2
578.61 580.50 0
580.50 583.67 2
583.67 583.98 0
583.98 584.31 1
584.31 584.40 3
584.40 585.69 2
585.69 586.55 0
586.55 588.34 1
588.34 589.85 3
589.85 594.74 2
594.74 594.97 0
594.97 595.41 1
595.41 596.19 0
596.19 600.12 2
600.12 601.11 0
601.11 606.06 2
