0.00 2.63 1
2.63 2.64 0
2.64 2.80 1
2.80 3.06 3
3.06 6.04 1
6.04 6.27 0
6.27 6.91 2
6.91 7.07 3
7.07 9.10 1
9.10 9.22 3
9.22 9.56 2
9.56 10.04 0
10.04 10.78 1
10.78 11.15 3
11.15 11.56 2
11.56 12.00 0
12.00 12.53 1
12.53 13.16 0
13.16 13.48 2
13.48 14.07 0
14.07 15.14 1
15.14 15.24 3
15.24 15.70 2
15.70 17.28 0
17.28 22.98 2
22.98 23.15 0
23.15 23.72 1
23.72 23.78 3
23.78 28.09 2
28.09 28.44 0
28.44 30.15 2
30.15 30.26 0
30.26 35.46 2
35.46 35.99 0
35.99 36.56 2
36.56 37.57 0
37.57 40.42 2
40.42 40.53 0
40.53 40.69 2
40.69 41.25 3
41.25 41.43 2
41.43 41.93 0
41.93 47.05 2
47.05 47.77 0
47.77 51.76 2
51.76 52.52 0
52.52 53.94 2
53.94 54.20 0
54.20 56.28 2
56.28 56.59 0
56.59 57.98 2
57.98 58.20 0
58.20 58.57 1
58.57 58.83 3
58.83 60.28 2
60.28 60.50 3
60.50 62.60 1
62.60 62.66 0
62.66 62.92 2
62.92 63.20 0
63.20 63.71 1
63.71 63.72 0
63.72 64.65 2
64.65 65.83 0
65.83 68.57 2
68.57 69.20 0
69.20 69.22 1
69.22 69.72 3
69.72 70.37 1
70.37 70.50 3
70.50 72.12 2
72.12 72.26 0
72.26 73.90 2
73.90 74.01 0
74.01 75.55 2
75.55 75.92 3
75.92 76.87 1
76.87 76.92 0
76.92 77.36 2
77.36 77.78 3
77.78 79.21 1
79.21 79.22 0
79.22 80.06 2
80.06 80.23 3
80.23 80.66 1
80.66 80.74 3
80.74 81.94 2
81.94 82.32 3
82.32 85.69 1
85.69 85.92 3
85.92 86.79 2
86.79 86.86 0
86.86 89.61 2
89.61 89.89 0
89.89 92.23 2
92.23 92.75 0
92.75 96.43 2
96.43 96.44 0
96.44 100.46 2
100.46 100.84 0
100.84 104.51 2
104.51 105.12 0
105.12 108.45 2
108.45 109.02 0
109.02 111.64 2
111.64 112.66 0
112.66 118.27 2
118.27 119.26 0
119.26 119.87 2
119.87 120.45 0
120.45 121.98 2
121.98 122.65 0
122.65 123.33 2
123.33 123.81 0
123.81 124.23 1
124.23 124.70 0
124.70 127.54 2
127.54 127.69 3
127.69 128.19 1
128.19 128.21 0
128.21 131.25 2
131.25 131.41 3
131.41 131.48 1
131.48 131.70 3
131.70 131.93 2
131.93 132.35 1
132.35 132.72 3
132.72 132.85 1
132.85 133.04 0
133.04 134.02 2
134.02 134.05 3
134.05 134.36 1
134.36 134.57 3
134.57 136.20 2
136.20 136.77 0
136.77 137.54 2
137.54 138.53 0
138.53 139.96 2
139.96 140.50 0
140.50 143.83 2
143.83 144.88 0
144.88 150.17 2
150.17 151.69 0
151.69 152.68 2
152.68 153.21 0
153.21 154.59 2
154.59 155.01 0
155.01 158.66 2
158.66 160.77 3
160.77 161.46 1
161.46 161.92 0
161.92 163.91 2
163.91 164.45 0
164.45 164.89 2
164.89 165.38 0
165.38 167.25 2
167.25 167.33 0
167.33 171.29 2
171.29 171.69 0
171.69 175.58 2
175.58 176.07 0
176.07 179.22 2
179.22 179.71 0
179.71 184.99 2
184.99 185.13 0
185.13 186.04 1
186.04 186.22 3
186.22 186.81 2
186.81 187.39 3
187.39 189.84 2
189.84 189.90 0
189.90 192.80 2
192.80 193.34 3
193.34 193.67 1
193.67 193.93 3
193.93 194.78 2
194.78 195.36 3
195.36 195.70 1
195.70 195.77 3
195.77 196.46 2
196.46 197.09 3
197.09 197.91 0
197.91 200.28 2
200.28 200.71 0
200.71 201.16 1
201.16 201.29 3
201.29 204.62 2
204.62 205.31 0
205.31 210.37 2
210.37 210.97 0
210.97 211.61 2
211.61 212.07 0
212.07 216.84 2
216.84 216.86 0
216.86 217.74 1
217.74 217.78 3
217.78 222.72 2
222.72 223.29 3
223.29 224.26 1
224.26 224.35 3
224.35 224.62 2
224.62 225.16 0
225.16 229.00 2
229.00 229.51 0
229.51 229.58 1
229.58 230.27 3
230.27 230.87 1
230.87 230.95 3
230.95 232.82 2
232.82 232.89 3
232.89 233.22 1
233.22 233.73 0
233.73 235.46 2
235.46 235.56 0
235.56 240.47 2
240.47 241.67 0
241.67 244.18 2
244.18 244.63 3
244.63 244.76 2
244.76 245.02 0
245.02 248.21 2
248.21 248.64 0
248.64 250.11 2
250.11 250.75 0
250.75 251.29 1
251.29 251.72 3
251.72 256.47 2
256.47 257.04 0
257.04 258.75 2
258.75 258.92 0
258.92 259.40 1
259.40 259.60 0
259.60 262.51 2
262.51 262.62 3
262.62 263.59 1
263.59 263.66 3
263.66 266.92 2
266.92 266.97 0
266.97 267.36 1
267.36 268.26 0
268.26 270.21 2
270.21 272.05 0
272.05 276.26 2
276.26 276.30 3
276.30 276.91 1
276.91 277.02 0
277.02 277.17 2
277.17 277.67 3
277.67 280.31 1
280.31 280.41 0
280.41 281.29 2
281.29 281.33 3
281.33 282.77 1
282.77 282.92 3
282.92 284.02 2
284.02 284.07 0
284.07 286.15 1
286.15 286.49 3
286.49 286.87 1
286.87 286.94 3
286.94 287.08 2
287.08 287.59 3
287.59 288.04 2
288.04 288.10 0
288.10 289.07 1
289.07 289.16 0
289.16 289.53 2
289.53 289.93 3
289.93 291.21 1
291.21 291.29 0
291.29 291.42 2
291.42 291.86 3
291.86 292.43 1
292.43 293.40 2
293.40 293.56 3
293.56 294.98 1
294.98 295.90 3
295.90 297.35 1
297.35 297.55 3
297.55 298.41 2
298.41 298.49 0
298.49 300.73 1
300.73 302.33 3
302.33 303.60 1
303.60 304.15 3
304.15 305.14 1
305.14 305.31 0
305.31 306.84 2
306.84 307.12 3
307.12 309.52 1
309.52 309.63 3
309.63 309.81 2
309.81 310.18 3
310.18 312.40 1
312.40 312.81 3
312.81 313.43 2
313.43 313.45 3
313.45 314.52 1
314.52 314.76 3
314.76 315.43 2
315.43 315.83 3
315.83 320.40 1
320.40 320.45 0
320.45 320.62 2
320.62 321.12 3
321.12 322.04 1
322.04 322.34 3
322.34 323.47 1
323.47 324.64 3
324.64 328.15 1
328.15 328.28 0
328.28 330.89 2
330.89 330.92 0
330.92 333.52 1
333.52 333.81 0
333.81 335.29 1
335.29 335.44 3
335.44 336.01 2
336.01 336.36 3
336.36 337.25 1
337.25 337.28 0
337.28 338.20 2
338.20 339.02 0
339.02 340.16 1
340.16 340.45 3
340.45 341.00 2
341.00 341.97 3
341.97 343.24 1
343.24 343.60 3
343.60 344.01 2
344.01 344.48 0
344.48 346.14 1
346.14 346.22 3
346.22 346.50 2
346.50 346.71 3
346.71 347.35 1
347.35 347.78 3
347.78 348.10 2
348.10 348.17 3
348.17 350.08 1
350.08 350.44 0
350.44 351.07 2
351.07 351.63 3
351.63 352.97 2
352.97 353.39 3
353.39 356.99 1
356.99 357.62 0
357.62 359.84 1
359.84 360.81 0
360.81 361.97 1
361.97 362.22 0
362.22 362.79 2
362.79 363.00 0
363.00 365.17 1
365.17 365.37 0
365.37 365.87 2
365.87 365.94 3
365.94 368.37 1
368.37 368.44 0
368.44 368.99 2
368.99 369.11 3
369.11 370.76 1
370.76 371.61 3
371.61 372.80 1
372.80 372.88 3
372.88 373.64 2
373.64 373.81 3
373.81 374.84 1
374.84 375.17 3
375.17 375.84 2
375.84 376.29 3
376.29 379.05 1
379.05 379.21 3
379.21 379.67 2
379.67 379.76 0
379.76 383.51 1
383.51 383.71 0
383.71 384.41 2
384.41 384.47 0
384.47 386.63 1
386.63 386.72 0
386.72 387.52 2
387.52 387.77 0
387.77 390.20 1
390.20 391.04 3
391.04 391.47 2
391.47 391.73 0
391.73 392.54 1
392.54 392.63 3
392.63 393.20 2
393.20 393.29 3
393.29 393.96 1
393.96 394.19 0
394.19 394.49 2
394.49 394.68 0
394.68 398.25 1
398.25 398.41 3
398.41 399.42 2
399.42 401.18 3
401.18 402.11 1
402.11 402.25 0
402.25 402.54 2
402.54 402.85 0
402.85 407.23 1
407.23 407.29 3
407.29 408.37 2
408.37 408.60 3
408.60 413.56 1
413.56 414.12 0
414.12 418.43 1
418.43 418.55 0
418.55 418.82 2
418.82 419.29 3
419.29 420.86 1
420.86 421.14 0
421.14 421.27 2
421.27 421.48 3
421.48 422.37 1
422.37 422.78 0
422.78 424.93 1
424.93 425.01 0
425.01 425.57 2
425.57 425.74 0
425.74 430.42 1
430.42 430.50 3
430.50 430.64 2
430.64 431.04 0
431.04 437.49 1
437.49 437.69 0
437.69 439.97 1
439.97 440.77 0
440.77 444.41 1
444.41 444.62 0
444.62 447.45 1
447.45 447.54 3
447.54 447.89 2
447.89 447.98 0
447.98 452.46 1
452.46 452.79 0
452.79 454.07 1
454.07 454.34 3
454.34 454.65 1
454.65 455.57 0
455.57 456.87 1
456.87 456.90 0
456.90 457.45 2
457.45 458.66 0
458.66 462.31 1
462.31 462.46 0
462.46 462.64 2
462.64 462.76 3
462.76 465.25 1
465.25 465.75 3
465.75 466.91 1
466.91 467.02 3
467.02 467.41 2
467.41 468.04 0
468.04 470.76 1
470.76 471.63 0
471.63 474.91 1
474.91 475.34 3
475.34 475.92 1
475.92 476.19 0
476.19 477.26 2
477.26 477.29 3
477.29 478.02 1
478.02 478.39 0
478.39 483.10 1
483.10 483.18 0
483.18 483.60 2
483.60 484.13 0
484.13 486.40 1
486.40 487.18 0
487.18 488.47 1
488.47 488.48 0
488.48 489.54 2
489.54 489.75 0
489.75 490.42 1
490.42 491.01 0
491.01 495.06 2
495.06 495.27 3
495.27 498.04 1
498.04 498.24 3
498.24 498.64 2
498.64 498.82 3
498.82 499.19 1
499.19 500.02 0
500.02 500.64 2
500.64 500.81 0
500.81 502.62 1
502.62 502.71 3
502.71 503.51 2
503.51 503.72 0
503.72 506.96 1
506.96 507.55 0
507.55 509.00 1
509.00 509.36 3
509.36 510.49 1
510.49 510.55 3
510.55 511.04 2
511.04 511.15 0
511.15 513.10 1
513.10 513.24 3
513.24 513.43 2
513.43 513.98 0
513.98 516.49 1
516.49 516.65 3
516.65 517.04 2
517.04 517.32 0
517.32 520.42 1
520.42 520.48 3
520.48 521.01 2
521.01 521.39 0
521.39 522.15 1
522.15 522.25 3
522.25 523.26 2
523.26 523.37 0
523.37 524.43 1
524.43 524.67 0
524.67 525.13 2
525.13 525.44 3
525.44 525.98 1
525.98 526.96 0
526.96 532.39 1
532.39 532.52 3
532.52 533.48 2
533.48 533.71 0
533.71 535.76 1
535.76 536.41 0
536.41 538.20 1
538.20 538.39 0
538.39 538.76 2
538.76 538.84 0
538.84 540.02 1
540.02 540.50 3
540.50 541.81 2
541.81 541.95 0
541.95 544.34 1
544.34 544.46 3
544.46 544.80 2
544.80 545.25 0
545.25 548.93 1
548.93 549.24 0
549.24 549.89 2
549.89 550.03 0
550.03 553.00 1
553.00 553.29 0
553.29 555.15 2
555.15 555.94 0
555.94 559.95 1
559.95 560.19 3
560.19 560.86 2
560.86 561.01 3
561.01 561.61 1
561.61 561.81 3
561.81 562.19 2
562.19 562.35 3
562.35 562.66 1
562.66 562.76 3
562.76 563.09 2
563.09 563.51 3
563.51 564.41 1
564.41 564.43 0
564.43 564.91 2
564.91 565.24 0
565.24 570.75 1
570.75 570.87 3
570.87 571.32 2
571.32 571.36 0
571.36 572.80 1
572.80 572.89 3
572.89 573.31 2
573.31 573.42 0
573.42 576.67 1
576.67 576.88 0
576.88 576.95 1
576.95 577.84 3
577.84 578.13 2
578.13 578.24 3
578.24 580.78 1
580.78 580.92 3
580.92 581.51 2
581.51 581.54 0
581.54 583.22 1
583.22 583.35 0
583.35 584.21 2
584.21 584.30 3
584.30 587.06 1
587.06 587.81 3
587.81 588.51 1
588.51 588.55 3
588.55 589.26 2
589.26 589.38 3
589.38 591.61 1
591.61 591.67 0
591.67 593.36 2
593.36 593.53 3
593.53 596.76 1
596.76 596.79 0
596.79 602.01 1
