0.00 1.51 2
1.51 1.70 0
1.70 2.48 1
2.48 2.98 3
2.98 3.48 1
3.48 3.73 3
3.73 6.38 2
6.38 6.39 0
6.39 7.14 1
7.14 7.34 0
7.34 9.39 2
9.39 9.91 3
9.91 10.85 2
10.85 11.39 3
11.39 13.14 1
13.14 13.44 3
13.44 14.67 2
14.67 14.86 3
14.86 15.70 2
15.70 15.73 3
15.73 15.82 1
15.82 15.92 3
15.92 17.98 2
17.98 18.02 0
18.02 19.01 1
19.01 19.27 3
19.27 19.97 2
19.97 20.07 3
20.07 20.16 1
20.16 21.14 3
21.14 23.00 1
23.00 23.83 0
23.83 29.25 2
29.25 30.45 1
30.45 30.62 3
30.62 33.44 2
33.44 33.80 0
33.80 36.89 1
36.89 36.95 0
36.95 37.54 1
37.54 37.85 3
37.85 40.46 1
40.46 40.49 0
40.49 44.79 1
44.79 45.50 0
45.50 46.54 1
46.54 46.90 0
46.90 47.24 2
47.24 47.70 3
47.70 48.65 2
48.65 48.82 3
48.82 50.55 1
50.55 51.11 0
51.11 55.90 2
55.90 57.24 3
57.24 57.83 1
57.83 58.39 0
58.39 62.01 1
62.01 62.68 0
62.68 64.38 1
64.38 64.77 0
64.77 64.86 1
64.86 65.31 3
65.31 67.66 2
67.66 68.79 0
68.79 70.32 2
70.32 71.29 3
71.29 71.92 1
71.92 71.96 3
71.96 73.07 2
73.07 73.71 3
73.71 74.70 2
74.70 74.78 3
74.78 79.30 1
79.30 79.85 0
79.85 81.29 1
81.29 81.34 0
81.34 84.55 1
84.55 85.20 0
85.20 90.16 1
90.16 90.27 3
90.27 90.46 2
90.46 90.55 3
90.55 92.52 1
92.52 92.95 3
92.95 93.19 2
93.19 93.84 0
93.84 95.37 2
95.37 95.48 3
95.48 95.82 1
95.82 97.28 3
97.28 97.82 2
97.82 99.05 3
99.05 100.67 2
100.67 101.91 3
101.91 101.95 1
101.95 103.57 3
103.57 103.95 2
103.95 104.79 3
104.79 105.44 1
105.44 106.18 3
106.18 106.76 2
106.76 107.47 3
107.47 107.85 1
107.85 107.86 3
107.86 108.47 2
108.47 108.72 3
108.72 109.30 1
109.30 110.13 3
110.13 110.53 2
110.53 111.09 3
111.09 113.92 1
113.92 114.61 0
114.61 119.28 1
119.28 120.03 0
120.03 124.64 2
124.64 124.77 3
124.77 125.51 1
125.51 125.61 3
125.61 127.30 2
127.30 127.34 3
127.34 127.57 1
127.57 128.12 3
128.12 129.48 2
129.48 129.71 3
129.71 130.86 1
130.86 131.03 0
131.03 133.71 2
133.71 133.77 3
133.77 134.94 1
134.94 135.23 0
135.23 137.32 2
137.32 137.37 0
137.37 138.01 1
138.01 138.34 0
138.34 139.03 2
139.03 139.63 3
139.63 140.55 1
140.55 141.53 0
141.53 141.61 1
141.61 142.34 3
142.34 143.20 2
143.20 143.95 3
143.95 148.78 1
148.78 149.25 0
149.25 150.36 1
150.36 150.88 3
150.88 153.20 2
153.20 153.38 3
153.38 159.45 1
159.45 159.53 0
159.53 162.28 1
162.28 162.37 0
162.37 163.15 2
163.15 163.30 3
163.30 164.74 1
164.74 164.89 3
164.89 165.34 2
165.34 165.89 0
165.89 173.46 1
173.46 174.21 0
174.21 178.59 1
178.59 178.75 0
178.75 182.14 1
182.14 183.03 0
183.03 185.15 1
185.15 185.42 0
185.42 185.44 2
185.44 185.84 3
185.84 193.94 1
193.94 195.24 0
195.24 195.47 1
195.47 196.70 3
196.70 199.14 2
199.14 200.13 3
200.13 201.69 2
201.69 202.41 3
202.41 204.01 2
204.01 204.14 3
204.14 210.25 1
210.25 210.98 0
210.98 214.87 1
214.87 214.93 3
214.93 215.66 2
215.66 216.09 3
216.09 216.75 1
216.75 217.00 3
217.00 218.45 2
218.45 219.19 3
219.19 221.85 2
221.85 221.99 0
221.99 222.01 1
222.01 223.18 3
223.18 225.51 1
225.51 226.73 3
226.73 228.45 2
228.45 229.66 3
229.66 234.08 1
234.08 234.14 3
234.14 234.80 2
234.80 234.95 3
234.95 242.90 1
242.90 242.95 3
242.95 243.40 2
243.40 245.05 3
245.05 245.34 2
245.34 245.88 0
245.88 246.93 1
246.93 246.98 3
246.98 247.77 2
247.77 247.94 0
247.94 248.64 1
248.64 249.14 3
249.14 250.07 2
250.07 250.26 0
250.26 251.05 1
251.05 251.91 3
251.91 252.16 2
252.16 252.58 0
252.58 253.81 1
253.81 254.80 3
254.80 255.26 1
255.26 256.87 0
256.87 259.87 1
259.87 260.43 3
260.43 261.29 1
261.29 262.36 0
262.36 266.76 1
266.76 266.90 0
266.90 273.27 1
273.27 274.54 0
274.54 278.76 1
278.76 278.84 0
278.84 279.36 1
279.36 279.73 3
279.73 281.48 1
281.48 284.19 3
284.19 284.83 2
284.83 285.31 0
285.31 287.84 1
287.84 288.42 0
288.42 293.37 1
293.37 293.58 0
293.58 295.99 1
295.99 297.30 3
297.30 299.26 1
299.26 299.72 3
299.72 302.51 1
302.51 302.74 0
302.74 310.04 1
310.04 310.14 0
310.14 310.62 2
310.62 311.07 0
311.07 317.90 1
317.90 318.52 0
318.52 325.12 1
325.12 325.36 0
325.36 329.12 1
329.12 329.82 0
329.82 329.99 2
329.99 330.22 0
330.22 334.82 1
334.82 335.11 0
335.11 339.63 1
339.63 340.15 0
340.15 342.94 1
342.94 343.55 0
343.55 344.07 2
344.07 344.29 3
344.29 349.74 1
349.74 350.33 0
350.33 352.22 1
352.22 352.38 0
352.38 357.45 1
357.45 357.60 3
357.60 357.89 2
357.89 357.97 0
357.97 366.37 1
366.37 366.62 0
366.62 368.89 1
368.89 369.21 3
369.21 369.25 1
369.25 370.70 0
370.70 375.43 1
375.43 378.54 0
378.54 381.68 1
381.68 382.02 3
382.02 387.30 1
387.30 387.45 0
387.45 391.74 1
391.74 391.96 3
391.96 392.17 2
392.17 392.43 3
392.43 399.88 1
399.88 400.27 0
400.27 408.52 1
408.52 408.80 0
408.80 415.33 1
415.33 415.95 0
415.95 422.70 1
422.70 423.40 0
423.40 429.51 1
429.51 429.88 0
429.88 430.28 2
430.28 430.61 0
430.61 438.43 1
438.43 438.83 0
438.83 440.26 1
440.26 442.20 0
442.20 443.18 2
443.18 443.23 3
443.23 444.03 1
444.03 445.35 0
445.35 445.36 2
445.36 446.12 3
446.12 448.20 1
448.20 448.90 3
448.90 451.30 1
451.30 452.15 0
452.15 452.80 2
452.80 452.81 3
452.81 453.80 1
453.80 453.88 0
453.88 454.29 2
454.29 456.73 0
456.73 457.03 1
457.03 458.49 0
458.49 458.97 1
458.97 460.55 0
460.55 460.59 1
460.59 461.14 3
461.14 464.20 2
464.20 464.35 3
464.35 466.48 1
466.48 466.60 0
466.60 467.00 2
467.00 467.21 3
467.21 467.64 1
467.64 467.68 3
467.68 469.64 2
469.64 470.03 0
470.03 472.38 1
472.38 472.89 0
472.89 473.68 2
473.68 474.04 3
474.04 474.67 2
474.67 475.21 3
475.21 477.17 1
477.17 477.87 3
477.87 478.22 2
478.22 478.60 0
478.60 479.15 1
479.15 479.65 0
479.65 480.40 1
480.40 481.09 0
481.09 484.30 1
484.30 485.34 0
485.34 486.10 1
486.10 486.16 0
486.16 486.67 2
486.67 486.72 3
486.72 489.24 1
489.24 489.41 0
489.41 489.64 1
489.64 489.85 3
489.85 492.33 1
492.33 492.39 3
492.39 492.59 2
492.59 492.81 0
492.81 494.01 1
494.01 494.70 0
494.70 497.30 1
497.30 497.80 3
497.80 498.27 1
498.27 498.62 0
498.62 499.67 1
499.67 500.33 0
500.33 502.98 1
502.98 503.80 0
503.80 505.51 1
505.51 506.77 0
506.77 508.27 2
508.27 508.61 0
508.61 511.64 1
511.64 512.02 3
512.02 512.09 2
512.09 512.75 0
512.75 514.05 1
514.05 514.79 0
514.79 515.65 1
515.65 516.70 0
516.70 517.37 2
517.37 517.43 3
517.43 517.78 1
517.78 518.60 0
518.60 518.92 1
518.92 519.91 0
519.91 522.46 1
522.46 522.67 0
522.67 523.74 1
523.74 525.56 0
525.56 527.44 1
527.44 527.92 0
527.92 528.89 1
528.89 529.80 3
529.80 530.33 2
530.33 531.13 0
531.13 532.47 2
532.47 533.28 0
533.28 535.04 1
535.04 535.09 3
535.09 535.89 2
535.89 536.29 0
536.29 536.46 2
536.46 537.92 3
537.92 538.10 1
538.10 538.14 0
538.14 540.82 1
540.82 541.06 3
541.06 541.92 2
541.92 542.35 3
542.35 542.51 1
542.51 542.77 3
542.77 543.73 2
543.73 544.14 0
544.14 544.36 2
544.36 544.67 3
544.67 546.24 1
546.24 546.60 3
546.60 547.23 1
547.23 547.65 3
547.65 547.76 2
547.76 548.64 3
548.64 549.24 1
549.24 549.34 0
549.34 555.01 1
555.01 555.08 3
555.08 555.41 2
555.41 555.61 3
555.61 556.63 2
556.63 556.84 0
556.84 557.92 1
557.92 558.02 0
558.02 559.63 2
559.63 560.15 3
560.15 560.99 1
560.99 561.06 3
561.06 561.28 2
561.28 561.87 3
561.87 563.36 2
563.36 564.89 3
564.89 565.02 1
565.02 565.18 3
565.18 569.12 2
569.12 569.17 3
569.17 569.56 1
569.56 569.65 3
569.65 575.38 2
575.38 575.46 3
575.46 575.49 1
575.49 575.63 3
575.63 578.59 2
578.59 578.83 0
578.83 579.64 1
579.64 579.86 3
579.86 583.19 2
583.19 583.92 0
583.92 585.90 2
585.90 586.08 0
586.08 588.61 2
588.61 588.66 0
588.66 589.00 2
589.00 590.57 3
590.57 591.00 2
591.00 591.42 3
591.42 591.55 2
591.55 592.20 0
592.20 593.34 1
593.34 594.53 0
594.53 594.88 2
594.88 594.90 3
594.90 595.65 1
595.65 596.23 0
596.23 601.05 1
