0.00 1.43 1
1.43 1.76 0
1.76 9.23 2
9.23 9.78 0
9.78 9.85 1
9.85 10.12 3
10.12 12.03 2
12.03 12.12 3
12.12 12.75 1
12.75 12.83 3
12.83 18.04 2
18.04 18.33 0
18.33 18.96 1
18.96 19.43 0
19.43 21.36 2
21.36 21.51 3
21.51 23.17 1
23.17 23.59 3
23.59 31.53 2
31.53 31.78 0
31.78 32.31 1
32.31 32.57 0
32.57 35.14 2
35.14 35.26 0
35.26 35.70 1
35.70 35.92 0
35.92 40.76 2
40.76 40.99 0
40.99 41.78 1
41.78 41.85 3
41.85 43.16 2
43.16 44.10 3
44.10 45.91 1
45.91 46.17 3
46.17 46.26 1
46.26 46.45 0
46.45 47.76 1
47.76 48.31 0
48.31 49.64 2
49.64 55.53 1
55.53 56.31 0
56.31 56.45 2
56.45 56.75 3
56.75 57.08 1
57.08 57.74 3
57.74 58.41 2
58.41 58.49 3
58.49 64.16 1
64.16 64.37 3
64.37 65.63 2
65.63 66.31 3
66.31 66.79 2
66.79 67.63 0
67.63 69.33 1
69.33 69.69 3
69.69 71.60 2
71.60 72.23 0
72.23 73.95 1
73.95 74.19 0
74.19 75.26 2
75.26 75.45 0
75.45 75.78 1
75.78 76.12 3
76.12 77.59 2
77.59 77.63 0
77.63 77.88 1
77.88 78.81 3
78.81 79.69 1
79.69 79.84 3
79.84 80.66 2
80.66 80.91 3
80.91 81.50 1
81.50 81.79 2
81.79 82.25 0
82.25 86.31 1
86.31 86.62 3
86.62 91.05 1
91.05 91.45 3
91.45 93.13 2
93.13 93.25 0
93.25 93.64 1
93.64 94.50 0
94.50 101.55 2
101.55 101.76 0
101.76 102.13 1
102.13 102.61 0
102.61 105.71 2
105.71 105.89 0
105.89 106.09 1
106.09 106.49 3
106.49 109.01 2
109.01 109.14 0
109.14 109.55 1
109.55 110.04 0
110.04 113.38 2
113.38 113.45 0
113.45 114.51 1
114.51 115.61 0
115.61 116.77 2
116.77 117.49 0
117.49 119.82 1
119.82 120.20 0
120.20 120.21 1
120.21 120.63 3
120.63 121.80 1
121.80 121.99 0
121.99 122.34 2
122.34 123.07 0
123.07 123.08 2
123.08 123.27 3
123.27 129.55 2
129.55 130.45 0
130.45 131.01 1
131.01 131.20 0
131.20 132.32 2
132.32 132.52 0
132.52 132.79 1
132.79 132.99 3
132.99 134.64 1
134.64 134.98 0
134.98 135.27 2
135.27 135.48 0
135.48 136.85 1
136.85 137.18 0
137.18 142.66 2
142.66 143.49 0
143.49 144.20 1
144.20 145.26 0
145.26 146.13 1
146.13 146.21 3
146.21 149.45 2
149.45 149.69 0
149.69 159.02 1
159.02 159.44 0
159.44 164.08 2
164.08 164.25 3
164.25 166.24 2
166.24 166.43 0
166.43 170.47 1
170.47 170.89 0
170.89 171.01 2
171.01 171.45 3
171.45 177.32 1
177.32 177.67 0
177.67 178.43 2
178.43 179.02 3
179.02 181.71 1
181.71 181.94 3
181.94 183.43 2
183.43 183.55 3
183.55 190.91 1
190.91 190.99 0
190.99 192.61 2
192.61 192.76 0
192.76 194.16 1
194.16 194.52 3
194.52 195.95 2
195.95 197.06 1
197.06 197.29 0
197.29 197.34 1
197.34 197.69 3
197.69 199.04 1
199.04 199.40 0
199.40 199.86 2
199.86 199.90 0
199.90 203.09 1
203.09 203.28 0
203.28 205.36 2
205.36 211.37 1
211.37 211.62 0
211.62 212.02 2
212.02 212.08 3
212.08 215.63 1
215.63 216.10 0
216.10 216.26 2
216.26 216.41 3
216.41 220.15 1
220.15 220.40 3
220.40 223.18 1
223.18 223.45 3
223.45 223.70 1
223.70 224.40 0
224.40 225.53 2
225.53 226.66 0
226.66 228.09 2
228.09 228.76 0
228.76 230.45 1
230.45 232.38 0
232.38 235.60 2
235.60 236.87 3
236.87 237.53 2
237.53 237.99 0
237.99 239.75 2
239.75 240.07 0
240.07 240.49 1
240.49 240.87 0
240.87 241.69 2
241.69 242.00 0
242.00 244.28 1
244.28 244.46 0
244.46 245.91 2
245.91 246.24 0
246.24 249.53 1
249.53 249.88 0
249.88 249.91 2
249.91 250.30 3
250.30 250.63 1
250.63 251.16 3
251.16 251.26 2
251.26 251.66 0
251.66 253.20 1
253.20 253.58 0
253.58 256.96 2
256.96 257.00 3
257.00 257.41 1
257.41 259.03 0
259.03 263.45 2
263.45 264.12 0
264.12 271.52 1
271.52 271.75 0
271.75 271.91 2
271.91 272.41 3
272.41 273.76 1
273.76 274.33 0
274.33 282.19 2
282.19 282.50 3
282.50 283.18 2
283.18 283.39 0
283.39 283.85 1
283.85 284.10 0
284.10 292.15 2
292.15 292.59 1
292.59 292.78 0
292.78 298.76 2
298.76 299.02 0
299.02 301.16 1
301.16 301.24 0
301.24 301.69 2
301.69 302.17 0
302.17 303.41 1
303.41 303.89 0
303.89 304.27 2
304.27 304.29 0
304.29 305.59 1
305.59 306.24 0
306.24 307.27 2
307.27 307.76 0
307.76 311.45 1
311.45 311.87 0
311.87 312.19 2
312.19 312.55 0
312.55 313.89 1
313.89 314.58 0
314.58 314.84 2
314.84 315.33 0
315.33 316.10 1
316.10 316.69 3
316.69 318.61 1
318.61 319.67 0
319.67 319.98 1
319.98 323.43 0
323.43 326.45 1
326.45 326.83 0
326.83 327.25 2
327.25 327.65 0
327.65 330.03 1
330.03 330.95 0
330.95 331.77 2
331.77 331.87 3
331.87 333.70 1
333.70 334.48 0
334.48 335.47 2
335.47 336.33 0
336.33 336.58 1
336.58 336.96 2
336.96 337.00 3
337.00 344.96 1
344.96 345.19 3
345.19 346.31 0
346.31 346.41 2
346.41 347.04 3
347.04 347.76 2
347.76 348.20 3
348.20 349.73 1
349.73 350.32 3
350.32 350.45 1
350.45 350.82 0
350.82 359.79 1
359.79 360.51 0
360.51 363.22 2
363.22 363.68 1
363.68 363.97 0
363.97 364.35 2
364.35 364.52 0
364.52 365.70 1
365.70 366.41 0
366.41 367.00 2
367.00 367.25 0
367.25 368.28 1
368.28 368.53 3
368.53 369.56 1
369.56 369.69 3
369.69 370.42 2
370.42 370.80 0
370.80 373.09 1
373.09 373.51 0
373.51 373.79 2
373.79 373.93 0
373.93 375.47 1
375.47 376.22 0
376.22 377.00 2
377.00 377.25 0
377.25 378.43 1
378.43 378.81 0
378.81 379.14 2
379.14 379.58 0
379.58 381.96 1
381.96 382.19 3
382.19 383.68 2
383.68 383.81 0
383.81 390.17 1
390.17 390.55 3
390.55 391.98 1
391.98 392.42 0
392.42 398.70 1
398.70 399.02 0
399.02 399.42 2
399.42 399.84 0
399.84 401.16 1
401.16 401.43 3
401.43 401.77 1
401.77 402.36 0
402.36 402.78 2
402.78 402.95 0
402.95 404.06 1
404.06 404.37 0
404.37 404.67 2
404.67 404.77 0
404.77 405.38 1
405.38 406.18 0
406.18 406.24 2
406.24 406.41 3
406.41 406.64 1
406.64 407.13 0
407.13 407.46 2
407.46 407.71 0
407.71 408.30 1
408.30 409.96 0
409.96 410.28 2
410.28 410.30 0
410.30 411.10 1
411.10 411.52 0
411.52 411.92 2
411.92 411.96 0
411.96 412.27 1
412.27 413.03 0
413.03 413.34 2
413.34 413.41 0
413.41 414.14 1
414.14 415.57 0
415.57 415.89 2
415.89 415.91 0
415.91 418.83 1
418.83 419.63 0
419.63 420.87 2
420.87 420.97 3
420.97 421.75 1
421.75 421.94 3
421.94 422.82 1
422.82 423.28 0
423.28 424.35 2
424.35 424.69 0
424.69 425.24 1
425.24 425.38 0
425.38 425.66 2
425.66 426.33 0
426.33 426.39 2
426.39 426.90 3
426.90 428.66 2
428.66 429.31 0
429.31 433.39 1
433.39 433.64 0
433.64 433.91 2
433.91 434.29 0
434.29 434.61 1
434.61 434.65 3
434.65 435.78 2
435.78 436.47 0
436.47 437.80 1
437.80 438.18 0
438.18 438.60 2
438.60 439.50 0
439.50 446.05 1
446.05 446.41 3
446.41 446.69 2
446.69 447.65 0
447.65 449.69 1
449.69 450.24 3
450.24 457.38 2
457.38 458.51 3
458.51 465.70 1
465.70 465.74 3
465.74 466.05 2
466.05 466.10 0
466.10 469.14 1
469.14 470.49 3
470.49 473.49 2
473.49 473.58 3
473.58 473.95 1
473.95 475.63 0
475.63 483.63 1
483.63 483.99 0
483.99 484.35 2
484.35 484.92 0
484.92 486.43 1
486.43 486.49 3
486.49 486.90 2
486.90 487.06 0
487.06 489.77 1
489.77 489.79 3
489.79 492.19 2
492.19 492.49 3
492.49 494.87 1
494.87 495.05 3
495.05 496.16 1
496.16 496.56 0
496.56 496.83 2
496.83 497.24 0
497.24 506.16 1
506.16 506.38 0
506.38 506.47 2
506.47 506.79 3
506.79 507.92 1
507.92 508.22 3
508.22 509.48 1
509.48 509.79 3
509.79 509.82 1
509.82 510.19 0
510.19 513.97 1
513.97 514.31 0
514.31 514.35 1
514.35 514.69 3
514.69 517.36 1
517.36 517.65 0
517.65 518.00 2
518.00 518.09 0
518.09 525.34 1
525.34 525.88 0
525.88 526.35 2
526.35 526.38 3
526.38 535.99 1
535.99 536.13 0
536.13 536.43 2
536.43 536.52 0
536.52 542.53 1
542.53 542.90 0
542.90 543.30 2
543.30 543.62 0
543.62 543.91 1
543.91 544.16 3
544.16 544.73 2
544.73 544.94 0
544.94 553.75 1
553.75 554.46 0
554.46 555.05 2
555.05 555.40 0
555.40 561.24 1
561.24 562.53 3
562.53 563.43 2
563.43 563.49 0
563.49 568.16 1
568.16 568.43 3
568.43 569.19 1
569.19 569.56 3
569.56 572.21 2
572.21 572.34 0
572.34 574.44 1
574.44 574.71 3
574.71 576.43 1
576.43 576.56 3
576.56 576.69 2
576.69 577.37 0
577.37 584.90 1
584.90 585.15 3
585.15 586.71 1
586.71 587.06 0
587.06 587.19 2
587.19 587.36 3
587.36 594.87 1
594.87 595.09 3
595.09 596.05 1
596.05 596.49 0
596.49 596.90 2
596.90 596.98 0
596.98 598.75 1
598.75 599.04 0
599.04 599.40 2
599.40 599.48 0
599.48 603.60 1
603.60 603.79 0
603.79 604.06 2
604.06 604.12 3
604.12 607.54 1
607.54 608.12 0
608.12 608.30 2
608.30 608.60 3
608.60 609.44 2
609.44 609.92 0
609.92 614.84 1
614.84 614.90 0
614.90 615.66 2
615.66 615.68 0
615.68 616.05 1
616.05 617.42 0
617.42 625.91 1
