0.00 1.77 2
1.77 2.02 3
2.02 2.24 1
2.24 2.26 3
2.26 2.96 2
2.96 3.46 0
3.46 8.34 2
8.34 8.85 0
8.85 12.89 2
12.89 13.07 0
13.07 17.07 2
17.07 17.52 0
17.52 19.31 2
19.31 19.81 0
19.81 24.38 2
24.38 24.84 0
24.84 26.76 2
26.76 27.80 3
27.80 28.94 1
28.94 29.19 0
29.19 31.02 2
31.02 31.31 0
31.31 36.08 2
36.08 36.80 0
36.80 40.55 2
40.55 41.34 0
41.34 42.59 2
42.59 43.42 0
43.42 48.81 2
48.81 49.29 0
49.29 49.33 1
49.33 49.68 3
49.68 53.17 2
53.17 53.71 0
53.71 54.44 2
54.44 54.88 0
54.88 58.30 2
58.30 58.55 0
58.55 59.59 2
59.59 60.30 0
60.30 63.02 2
63.02 63.19 0
63.19 64.36 1
64.36 64.54 0
64.54 66.63 2
66.63 67.26 0
67.26 68.74 2
68.74 69.22 0
69.22 70.37 1
70.37 71.06 0
71.06 76.15 2
76.15 76.63 0
76.63 78.61 2
78.61 78.75 0
78.75 84.17 2
84.17 85.12 0
85.12 87.34 1
87.34 87.91 0
87.91 88.98 2
88.98 89.43 0
89.43 91.72 2
91.72 92.30 0
92.30 95.82 2
95.82 96.17 0
96.17 98.95 2
98.95 99.33 3
99.33 101.38 2
101.38 101.99 0
101.99 105.92 2
105.92 106.11 0
106.11 107.76 2
107.76 108.44 0
108.44 109.36 2
109.36 109.68 0
109.68 112.88 2
112.88 113.03 0
113.03 113.95 1
113.95 114.27 0
114.27 118.63 2
118.63 119.05 0
119.05 121.12 2
121.12 121.42 0
121.42 124.63 2
124.63 124.93 0
124.93 126.12 2
126.12 126.56 3
126.56 128.95 2
128.95 129.25 0
129.25 129.59 1
129.59 130.71 3
130.71 134.26 2
134.26 134.51 0
134.51 136.92 2
136.92 138.63 0
138.63 140.09 2
140.09 140.56 0
140.56 142.29 2
142.29 142.44 0
142.44 147.02 2
147.02 147.21 3
147.21 148.10 1
148.10 148.55 3
148.55 153.02 2
153.02 153.21 3
153.21 154.95 1
154.95 155.01 3
155.01 157.59 2
157.59 157.74 0
157.74 160.53 2
160.53 160.96 0
160.96 160.97 1
160.97 161.21 3
161.21 162.25 1
162.25 162.40 3
162.40 165.15 2
165.15 165.46 0
165.46 166.59 2
166.59 167.15 0
167.15 171.26 2
171.26 171.64 0
171.64 175.14 2
175.14 175.59 3
175.59 176.50 2
176.50 176.73 3
176.73 176.98 2
176.98 177.55 0
177.55 177.56 1
177.56 178.02 3
178.02 178.69 2
178.69 178.90 3
178.90 181.22 1
181.22 181.27 3
181.27 187.17 2
187.17 187.53 0
187.53 192.42 2
192.42 192.92 0
192.92 194.31 2
194.31 194.77 0
194.77 196.05 1
196.05 196.42 0
196.42 200.38 2
200.38 200.51 3
200.51 201.32 1
201.32 201.80 3
201.80 201.92 1
201.92 202.25 0
202.25 202.38 1
202.38 202.52 3
202.52 204.30 1
204.30 205.06 0
205.06 206.68 2
206.68 206.75 0
206.75 211.49 1
211.49 212.23 0
212.23 213.53 2
213.53 213.99 3
213.99 214.19 1
214.19 214.56 0
214.56 216.95 2
216.95 217.38 0
217.38 224.36 2
224.36 225.09 0
225.09 225.92 2
225.92 226.13 0
226.13 230.42 2
230.42 230.49 3
230.49 231.85 1
231.85 232.33 0
232.33 233.82 2
233.82 234.18 0
234.18 236.82 2
236.82 237.00 0
237.00 238.58 1
238.58 238.86 0
238.86 240.34 1
240.34 240.61 0
240.61 244.04 2
244.04 244.48 0
244.48 248.82 2
248.82 248.98 0
248.98 251.07 2
251.07 251.70 0
251.70 255.89 2
255.89 256.30 0
256.30 260.68 2
260.68 260.80 0
260.80 261.12 1
261.12 261.57 3
261.57 262.00 2
262.00 262.11 0
262.11 262.86 1
262.86 263.01 0
263.01 266.52 2
266.52 266.90 3
266.90 267.82 2
267.82 267.90 0
267.90 270.31 2
270.31 270.45 0
270.45 271.78 2
271.78 272.29 0
272.29 272.55 1
272.55 272.66 3
272.66 275.58 2
275.58 276.74 0
276.74 277.54 2
277.54 278.68 3
278.68 280.54 1
280.54 280.94 0
280.94 281.22 2
281.22 281.72 0
281.72 284.64 2
284.64 285.47 3
285.47 285.55 1
285.55 286.03 0
286.03 291.19 2
291.19 291.55 0
291.55 292.79 2
292.79 294.08 0
294.08 298.22 2
298.22 299.17 0
299.17 299.97 2
299.97 300.09 3
300.09 300.49 1
300.49 300.54 0
300.54 302.32 2
302.32 302.88 0
302.88 306.87 2
306.87 307.12 3
307.12 307.34 1
307.34 307.62 3
307.62 307.69 1
307.69 307.95 0
307.95 311.69 2
311.69 312.21 3
312.21 314.04 1
314.04 314.15 3
314.15 316.82 2
316.82 316.91 0
316.91 317.34 1
317.34 317.80 3
317.80 322.56 2
322.56 322.95 0
322.95 325.32 2
325.32 325.42 3
325.42 326.52 1
326.52 326.57 0
326.57 327.35 2
327.35 328.39 0
328.39 328.81 1
328.81 329.09 3
329.09 330.93 2
330.93 331.42 0
331.42 331.72 1
331.72 332.51 3
332.51 335.82 2
335.82 336.15 0
336.15 340.39 2
340.39 340.86 0
340.86 341.12 1
341.12 341.52 3
341.52 344.20 2
344.20 344.41 0
344.41 351.12 2
351.12 351.64 0
351.64 353.60 2
353.60 354.23 3
354.23 354.49 1
354.49 354.88 0
354.88 358.05 2
358.05 358.21 3
358.21 359.30 1
359.30 359.34 0
359.34 361.84 2
361.84 362.19 3
362.19 363.00 1
363.00 363.07 3
363.07 364.93 2
364.93 365.13 0
365.13 368.85 2
368.85 369.30 0
369.30 369.71 2
369.71 370.38 3
370.38 371.29 2
371.29 371.38 3
371.38 374.08 1
374.08 374.43 0
374.43 380.26 2
380.26 380.80 3
380.80 382.36 1
382.36 382.37 0
382.37 387.96 2
387.96 388.10 3
388.10 388.38 1
388.38 388.47 0
388.47 389.81 2
389.81 390.73 0
390.73 391.99 2
391.99 392.32 0
392.32 394.12 2
394.12 394.78 0
394.78 395.29 2
395.29 395.60 0
395.60 398.62 2
398.62 398.89 0
398.89 400.06 1
400.06 400.21 3
400.21 400.46 2
400.46 401.08 0
401.08 403.51 2
403.51 403.79 0
403.79 404.37 2
404.37 404.77 0
404.77 405.95 2
405.95 406.33 0
406.33 408.56 2
408.56 409.08 0
409.08 409.71 2
409.71 410.55 3
410.55 414.40 2
414.40 414.92 0
414.92 417.36 2
417.36 417.84 0
417.84 422.38 2
422.38 422.84 0
422.84 424.87 2
424.87 425.24 3
425.24 426.31 2
426.31 426.80 0
426.80 433.56 2
433.56 433.91 3
433.91 437.36 1
437.36 437.52 0
437.52 443.27 2
443.27 443.74 0
443.74 446.76 2
446.76 447.13 0
447.13 453.37 2
453.37 454.25 0
454.25 457.65 2
457.65 458.10 3
458.10 461.75 2
461.75 462.18 0
462.18 465.83 2
465.83 466.13 0
466.13 469.82 2
469.82 470.16 0
470.16 470.79 2
470.79 470.88 3
470.88 471.73 1
471.73 471.83 0
471.83 476.10 2
476.10 476.48 0
476.48 480.75 2
480.75 480.99 0
480.99 482.43 2
482.43 482.72 0
482.72 483.60 2
483.60 484.10 0
484.10 486.77 2
486.77 487.55 3
487.55 489.71 2
489.71 490.12 0
490.12 492.38 2
492.38 492.73 3
492.73 495.19 1
495.19 495.64 3
495.64 501.06 2
501.06 501.79 0
501.79 508.30 2
508.30 508.59 0
508.59 508.65 2
508.65 509.13 3
509.13 510.43 2
510.43 510.64 0
510.64 511.01 1
511.01 511.13 3
511.13 513.28 2
513.28 513.43 0
513.43 516.05 2
516.05 516.30 0
516.30 518.49 2
518.49 518.61 0
518.61 523.80 2
523.80 523.86 0
523.86 524.96 1
524.96 525.14 3
525.14 527.60 2
527.60 527.66 0
527.66 533.99 2
533.99 534.49 0
534.49 535.72 2
535.72 536.02 0
536.02 538.94 2
538.94 539.74 0
539.74 541.70 2
541.70 542.38 0
542.38 543.97 2
543.97 544.44 0
544.44 548.18 2
548.18 548.32 0
548.32 548.74 1
548.74 549.05 3
549.05 551.61 2
551.61 552.13 0
552.13 554.10 2
554.10 554.58 0
554.58 559.64 2
559.64 560.38 0
560.38 560.41 1
560.41 561.54 3
561.54 562.89 2
562.89 563.22 0
563.22 567.88 2
567.88 567.99 0
567.99 569.50 1
569.50 569.88 0
569.88 571.29 2
571.29 572.06 3
572.06 573.06 1
573.06 573.38 0
573.38 573.82 2
573.82 574.29 0
574.29 576.21 2
576.21 576.36 3
576.36 577.74 1
577.74 578.05 3
578.05 582.34 2
582.34 582.73 0
582.73 585.31 2
585.31 585.63 0
585.63 588.72 2
588.72 588.99 3
588.99 591.25 1
591.25 591.51 3
591.51 592.86 2
592.86 593.14 0
593.14 593.60 1
593.60 593.82 0
593.82 595.61 2
595.61 595.86 3
595.86 596.68 2
596.68 597.45 3
597.45 597.72 1
597.72 597.90 3
597.90 598.58 2
598.58 598.97 3
598.97 600.66 1
