0.00 0.84 1
0.84 1.63 0
1.63 3.33 2
3.33 3.71 3
3.71 3.97 2
3.97 4.71 0
4.71 8.14 2
8.14 8.37 0
8.37 8.85 1
8.85 9.10 0
9.10 14.11 2
14.11 14.60 0
14.60 16.39 2
16.39 17.50 0
17.50 21.72 2
21.72 21.75 0
21.75 24.77 2
24.77 25.22 0
25.22 31.69 2
31.69 31.94 0
31.94 32.31 1
32.31 33.09 0
33.09 33.43 2
33.43 48.45 0
48.45 50.99 2
50.99 51.31 3
51.31 51.42 2
51.42 51.71 0
51.71 54.52 2
54.52 54.88 0
54.88 59.53 1
59.53 59.87 3
59.87 60.60 2
60.60 62.61 3
62.61 64.79 1
64.79 65.67 0
65.67 66.38 2
66.38 66.85 0
66.85 68.52 2
68.52 68.68 0
68.68 71.96 1
71.96 72.57 0
72.57 73.11 2
73.11 73.43 0
73.43 77.58 1
77.58 78.05 0
78.05 81.27 1
81.27 81.91 0
81.91 83.98 1
83.98 84.19 0
84.19 87.18 1
87.18 87.88 3
87.88 88.06 1
88.06 88.57 0
88.57 93.84 1
93.84 94.59 0
94.59 99.29 1
99.29 99.93 0
99.93 102.16 1
102.16 103.02 0
103.02 103.64 1
103.64 104.23 0
104.23 108.71 1
108.71 109.53 0
109.53 115.38 1
115.38 116.17 0
116.17 122.05 1
122.05 122.85 3
122.85 123.76 2
123.76 123.91 3
123.91 129.06 1
129.06 129.24 3
129.24 129.31 2
129.31 130.42 0
130.42 130.49 2
130.49 131.75 3
131.75 132.11 2
132.11 132.57 0
132.57 135.88 1
135.88 136.80 0
136.80 141.93 1
141.93 142.57 0
142.57 142.87 2
142.87 143.30 0
143.30 152.11 1
152.11 153.05 0
153.05 153.29 3
153.29 153.75 2
153.75 153.76 3
153.76 160.15 1
160.15 160.76 0
160.76 168.72 1
168.72 169.24 0
169.24 174.54 1
174.54 175.35 0
175.35 181.44 1
181.44 182.09 0
182.09 186.52 1
186.52 186.81 3
186.81 186.98 1
186.98 187.61 0
187.61 190.15 1
190.15 190.35 3
190.35 190.50 2
190.50 191.42 0
191.42 193.84 1
193.84 194.35 0
194.35 196.82 2
196.82 196.90 0
196.90 198.88 1
198.88 199.32 0
199.32 200.48 2
200.48 200.82 0
200.82 201.34 1
201.34 201.65 0
201.65 201.87 2
201.87 202.39 0
202.39 204.18 1
204.18 205.04 0
205.04 213.91 2
213.91 214.11 0
214.11 214.42 1
214.42 214.91 0
214.91 219.34 2
219.34 219.78 0
219.78 221.84 2
221.84 222.44 0
222.44 223.70 2
223.70 224.13 0
224.13 226.27 2
226.27 226.46 3
226.46 226.54 1
226.54 226.61 3
226.61 228.07 2
228.07 228.41 0
228.41 228.71 1
228.71 229.15 0
229.15 234.05 2
234.05 234.45 0
234.45 234.78 1
234.78 235.19 0
235.19 238.81 2
238.81 239.74 0
239.74 239.87 1
239.87 240.09 3
240.09 241.36 2
241.36 241.63 0
241.63 242.00 1
242.00 242.11 0
242.11 252.28 2
252.28 252.97 0
252.97 257.37 2
257.37 257.64 0
257.64 257.90 1
257.90 258.03 0
258.03 260.32 2
260.32 261.00 0
261.00 261.96 2
261.96 262.24 0
262.24 264.99 2
264.99 265.40 0
265.40 265.81 1
265.81 266.15 0
266.15 266.76 2
266.76 267.65 0
267.65 272.53 2
272.53 272.74 3
272.74 272.89 1
272.89 273.31 0
273.31 275.75 2
275.75 276.27 0
276.27 279.00 2
279.00 279.40 0
279.40 279.68 1
279.68 280.69 0
280.69 282.89 1
282.89 283.56 0
283.56 283.84 2
283.84 284.11 0
284.11 288.15 1
288.15 288.56 0
288.56 290.77 2
290.77 290.96 0
290.96 292.01 1
292.01 292.11 3
292.11 293.86 1
293.86 293.87 0
293.87 296.24 2
296.24 296.62 0
296.62 297.19 1
297.19 297.44 0
297.44 297.69 2
297.69 298.68 0
298.68 301.48 1
301.48 301.86 0
301.86 305.11 2
305.11 305.72 3
305.72 309.97 1
309.97 310.71 0
310.71 311.89 2
311.89 312.21 0
312.21 312.41 1
312.41 312.64 3
312.64 314.54 2
314.54 315.60 0
315.60 316.18 2
316.18 316.67 0
316.67 318.25 2
318.25 318.41 0
318.41 318.71 1
318.71 319.13 0
319.13 320.32 2
320.32 320.57 0
320.57 320.90 1
320.90 321.21 0
321.21 326.04 2
326.04 326.43 0
326.43 326.98 1
326.98 327.46 0
327.46 334.76 2
334.76 334.96 0
334.96 335.72 1
335.72 336.24 0
336.24 339.06 2
339.06 339.92 0
339.92 340.88 2
340.88 341.92 0
341.92 344.61 2
344.61 344.93 0
344.93 344.96 2
344.96 345.21 3
345.21 347.21 2
347.21 347.78 0
347.78 348.38 1
348.38 348.64 0
348.64 348.88 2
348.88 349.72 0
349.72 352.41 1
352.41 352.66 0
352.66 360.00 2
360.00 360.57 0
360.57 362.00 2
362.00 362.46 0
362.46 363.90 2
363.90 363.92 0
363.92 364.29 1
364.29 364.72 0
364.72 369.83 2
369.83 370.06 0
370.06 370.42 1
370.42 370.88 0
370.88 373.55 2
373.55 373.77 3
373.77 373.91 1
373.91 374.06 0
374.06 377.31 2
377.31 377.48 0
377.48 378.78 1
378.78 378.91 0
378.91 385.55 2
385.55 386.87 0
386.87 387.41 2
387.41 387.46 0
387.46 388.95 1
388.95 389.54 3
389.54 390.59 1
390.59 390.64 3
390.64 391.09 2
391.09 391.64 0
391.64 395.96 1
395.96 396.55 0
396.55 399.69 1
399.69 400.13 0
400.13 405.42 1
405.42 405.96 0
405.96 409.00 1
409.00 409.15 3
409.15 409.59 2
409.59 411.41 0
411.41 411.58 2
411.58 411.99 3
411.99 416.41 2
416.41 417.94 0
417.94 420.74 2
420.74 421.05 3
421.05 422.19 2
422.19 422.43 0
422.43 422.74 1
422.74 422.84 3
422.84 427.79 2
427.79 427.96 0
427.96 428.27 1
428.27 428.69 0
428.69 432.90 2
432.90 433.11 0
433.11 433.38 1
433.38 433.87 0
433.87 434.51 2
434.51 434.62 0
434.62 439.16 1
439.16 439.82 0
439.82 440.58 2
440.58 441.44 0
441.44 444.91 2
444.91 445.04 0
445.04 445.36 1
445.36 445.92 0
445.92 448.69 2
448.69 448.99 3
448.99 449.96 2
449.96 450.62 0
450.62 452.30 2
452.30 452.52 0
452.52 452.79 1
452.79 453.11 0
453.11 455.46 2
455.46 455.51 0
455.51 456.00 1
456.00 456.36 0
456.36 461.50 2
461.50 461.74 3
461.74 461.78 1
461.78 461.98 0
461.98 462.52 2
462.52 463.87 0
463.87 471.97 2
471.97 472.15 0
472.15 472.41 1
472.41 472.46 3
472.46 473.85 2
473.85 474.08 0
474.08 474.31 1
474.31 474.37 3
474.37 478.24 2
478.24 478.83 0
478.83 482.05 1
482.05 482.38 3
482.38 488.33 2
488.33 489.16 0
489.16 492.23 2
492.23 492.37 3
492.37 492.49 1
492.49 492.83 0
492.83 497.87 2
497.87 498.64 0
498.64 502.03 2
502.03 502.40 0
502.40 502.72 1
502.72 502.82 3
502.82 504.87 2
504.87 505.10 0
505.10 507.71 1
507.71 507.92 0
507.92 509.94 2
509.94 511.62 3
511.62 513.94 1
513.94 514.62 0
514.62 515.86 2
515.86 516.07 0
516.07 518.72 1
518.72 519.24 0
519.24 520.99 2
520.99 521.91 0
521.91 523.06 2
523.06 523.34 0
523.34 523.36 1
523.36 523.68 3
523.68 525.90 2
525.90 526.28 0
526.28 526.56 1
526.56 555.55 0
555.55 556.35 2
556.35 557.80 0
557.80 563.12 1
563.12 563.53 0
563.53 565.80 2
565.80 566.00 3
566.00 569.96 1
569.96 570.59 0
570.59 573.61 1
573.61 573.91 0
573.91 575.43 1
575.43 575.72 0
575.72 579.77 1
579.77 580.61 0
580.61 582.56 1
582.56 583.06 0
583.06 585.27 2
585.27 585.34 0
585.34 585.89 1
585.89 586.00 0
586.00 586.34 2
586.34 586.48 0
586.48 588.49 1
588.49 588.97 0
588.97 589.39 2
589.39 589.60 0
589.60 590.23 1
590.23 590.97 0
590.97 594.36 2
594.36 594.48 0
594.48 595.03 1
595.03 595.37 0
595.37 597.99 2
597.99 599.11 0
599.11 600.61 1
600.61 601.47 0
601.47 602.07 1
602.07 602.20 3
602.20 602.93 2
