0.00 0.46 1
0.46 1.01 3
1.01 3.45 2
3.45 3.78 0
3.78 4.83 1
4.83 5.46 3
5.46 5.55 2
5.55 6.13 0
6.13 7.86 1
7.86 13.57 2
13.57 13.99 0
13.99 16.34 1
16.34 16.56 0
16.56 18.27 2
18.27 18.74 0
18.74 21.98 1
21.98 22.48 0
22.48 24.92 2
24.92 34.99 1
34.99 35.63 3
35.63 36.17 1
36.17 36.55 0
36.55 38.45 1
38.45 38.56 3
38.56 39.03 2
39.03 39.33 3
39.33 40.00 2
40.00 40.17 0
40.17 40.59 1
40.59 41.01 3
41.01 46.13 2
46.13 46.18 0
46.18 52.02 1
52.02 52.10 3
52.10 53.87 2
53.87 54.87 0
54.87 61.09 1
61.09 61.26 3
61.26 61.80 2
61.80 61.89 3
61.89 63.21 1
63.21 64.51 3
64.51 66.93 2
66.93 67.90 0
67.90 69.45 1
69.45 69.79 0
69.79 70.54 2
70.54 71.59 0
71.59 72.73 1
72.73 73.36 3
73.36 86.97 2
86.97 87.01 3
87.01 87.86 1
87.86 88.11 3
88.11 90.88 2
90.88 90.96 0
90.96 92.50 1
92.50 92.60 3
92.60 97.80 2
97.80 98.29 0
98.29 98.65 1
98.65 99.04 3
99.04 100.00 1
100.00 100.44 0
100.44 108.57 2
108.57 108.77 0
108.77 112.73 2
112.73 113.20 3
113.20 116.15 2
116.15 116.65 0
116.65 121.39 2
121.39 121.44 0
121.44 122.14 1
122.14 122.30 3
122.30 127.76 2
127.76 127.89 0
127.89 130.85 2
130.85 131.32 3
131.32 136.03 2
136.03 137.05 3
137.05 137.69 1
137.69 138.45 0
138.45 147.51 2
147.51 148.04 3
148.04 148.31 1
148.31 148.67 0
148.67 161.28 2
161.28 162.24 3
162.24 163.71 1
163.71 163.95 0
163.95 175.72 2
175.72 176.49 3
176.49 177.35 1
177.35 177.38 0
177.38 180.41 2
180.41 180.60 0
180.60 180.82 1
180.82 181.40 3
181.40 182.25 1
182.25 182.78 0
182.78 186.38 2
186.38 187.68 3
187.68 188.82 1
188.82 189.11 0
189.11 194.64 2
194.64 195.14 0
195.14 201.30 2
201.30 202.08 0
202.08 202.29 2
202.29 202.81 3
202.81 205.02 1
205.02 205.50 3
205.50 213.13 2
213.13 213.22 0
213.22 213.62 1
213.62 214.04 0
214.04 223.57 2
223.57 223.64 0
223.64 226.83 1
226.83 227.10 0
227.10 228.95 2
228.95 229.48 3
229.48 233.03 2
233.03 233.66 0
233.66 233.89 1
233.89 234.02 3
234.02 239.98 2
239.98 243.01 3
243.01 243.66 1
243.66 243.97 0
243.97 256.31 2
256.31 256.47 0
256.47 256.72 1
256.72 257.25 3
257.25 258.90 2
258.90 259.96 3
259.96 260.03 1
260.03 260.78 0
260.78 267.42 2
267.42 267.67 0
267.67 268.17 1
268.17 268.42 3
268.42 274.90 2
274.90 274.96 0
274.96 275.42 1
275.42 275.71 0
275.71 279.45 2
279.45 280.06 3
280.06 280.32 1
280.32 281.49 3
281.49 287.25 2
287.25 287.56 0
287.56 288.61 1
288.61 289.62 0
289.62 292.61 2
292.61 293.19 0
293.19 293.59 1
293.59 293.72 3
293.72 293.93 2
293.93 295.00 0
295.00 297.46 2
297.46 297.56 3
297.56 298.57 1
298.57 298.89 0
298.89 300.95 2
300.95 301.11 0
301.11 302.06 1
302.06 302.15 0
302.15 307.53 2
307.53 307.90 0
307.90 310.13 1
310.13 310.55 0
310.55 311.52 2
311.52 312.08 3
312.08 312.51 1
312.51 312.97 0
312.97 319.00 2
319.00 319.15 0
319.15 319.51 1
319.51 319.78 0
319.78 323.46 2
323.46 323.78 0
323.78 324.15 1
324.15 324.27 0
324.27 326.06 2
326.06 326.27 0
326.27 326.59 1
326.59 326.61 3
326.61 326.82 2
326.82 327.66 0
327.66 328.08 1
328.08 328.69 3
328.69 328.79 1
328.79 329.30 0
329.30 332.95 1
332.95 334.00 0
334.00 340.79 2
340.79 340.91 3
340.91 341.21 1
341.21 341.69 0
341.69 345.89 2
345.89 346.39 0
346.39 346.69 1
346.69 346.98 0
346.98 350.18 2
350.18 350.65 0
350.65 352.48 2
352.48 352.83 3
352.83 353.57 2
353.57 354.41 0
354.41 357.26 2
357.26 357.47 0
357.47 357.50 1
357.50 357.67 3
357.67 361.78 2
361.78 362.31 0
362.31 363.62 1
363.62 364.67 0
364.67 368.49 2
368.49 368.74 0
368.74 369.30 1
369.30 369.54 0
369.54 371.47 2
371.47 372.17 0
372.17 374.97 1
374.97 375.95 0
375.95 379.98 2
379.98 380.16 0
380.16 380.60 1
380.60 380.71 0
380.71 382.96 2
382.96 383.06 0
383.06 384.52 1
384.52 385.10 0
385.10 389.38 2
389.38 390.02 0
390.02 390.44 1
390.44 390.92 0
390.92 392.14 2
392.14 392.90 0
392.90 393.84 1
393.84 394.76 0
394.76 403.64 2
403.64 403.85 0
403.85 404.29 1
404.29 404.83 0
404.83 408.20 2
408.20 408.81 0
408.81 410.14 1
410.14 410.32 0
410.32 412.31 2
412.31 413.56 0
413.56 415.37 2
415.37 416.21 0
416.21 416.83 1
416.83 417.24 0
417.24 419.77 2
419.77 420.45 0
420.45 420.53 1
420.53 421.10 3
421.10 422.32 1
422.32 423.16 0
423.16 426.78 2
426.78 427.63 0
427.63 433.02 2
433.02 433.75 0
433.75 438.01 2
438.01 438.84 0
438.84 441.91 2
441.91 442.14 0
442.14 442.59 1
442.59 442.92 0
442.92 446.57 2
446.57 446.95 0
446.95 447.52 1
447.52 448.27 0
448.27 454.68 2
454.68 455.77 0
455.77 456.00 1
456.00 456.19 3
456.19 460.45 2
460.45 460.90 0
460.90 461.51 1
461.51 461.88 0
461.88 462.51 2
462.51 463.16 0
463.16 464.76 1
464.76 465.12 0
465.12 471.95 2
471.95 472.70 0
472.70 472.79 1
472.79 473.29 3
473.29 484.43 2
484.43 485.24 0
485.24 486.42 1
486.42 487.24 0
487.24 487.30 2
487.30 487.79 3
487.79 488.19 1
488.19 488.71 0
488.71 495.29 2
495.29 495.50 0
495.50 497.42 1
497.42 498.33 3
498.33 500.92 2
500.92 501.95 0
501.95 502.32 1
502.32 502.53 0
502.53 502.90 2
502.90 503.46 0
503.46 504.23 1
504.23 504.85 0
504.85 506.13 2
506.13 506.38 0
506.38 510.44 1
510.44 511.07 0
511.07 513.50 2
513.50 514.09 0
514.09 515.85 1
515.85 516.36 0
516.36 521.02 2
521.02 521.64 0
521.64 523.17 1
523.17 523.46 0
523.46 525.80 2
525.80 526.17 0
526.17 526.67 1
526.67 527.11 0
527.11 540.85 2
540.85 541.29 0
541.29 541.52 1
541.52 541.65 3
541.65 549.61 2
549.61 550.16 0
550.16 550.74 1
550.74 551.45 0
551.45 559.42 2
559.42 560.08 0
560.08 560.42 1
560.42 560.54 3
560.54 567.67 2
567.67 569.00 0
569.00 577.49 2
577.49 578.54 3
578.54 579.30 1
579.30 579.46 3
579.46 594.15 2
594.15 594.23 1
594.23 595.07 3
595.07 598.70 2
598.70 599.07 3
599.07 600.74 2
