0.00 2.17 1
2.17 2.77 3
2.77 6.86 2
6.86 7.11 3
7.11 7.27 1
7.27 7.32 3
7.32 13.86 2
13.86 14.11 0
14.11 14.61 1
14.61 14.70 0
14.70 17.08 2
17.08 17.60 0
17.60 18.08 1
18.08 18.10 3
18.10 18.49 2
18.49 19.49 3
19.49 21.48 1
21.48 22.54 0
22.54 25.04 2
25.04 25.41 0
25.41 25.61 1
25.61 25.63 3
25.63 34.11 2
34.11 34.29 3
34.29 37.67 2
37.67 37.92 3
37.92 38.24 1
38.24 38.45 0
38.45 38.83 2
38.83 39.62 3
39.62 39.91 1
39.91 40.73 0
40.73 43.16 2
43.16 43.90 0
43.90 44.60 2
44.60 45.16 0
45.16 46.69 2
46.69 47.46 0
47.46 51.22 2
51.22 51.41 0
51.41 52.03 1
52.03 52.07 3
52.07 53.74 2
53.74 54.67 3
54.67 55.17 2
55.17 55.29 3
55.29 56.42 1
56.42 56.87 3
56.87 60.17 1
60.17 60.73 0
60.73 61.27 2
61.27 61.30 0
61.30 61.61 1
61.61 61.80 3
61.80 61.91 2
61.91 62.50 3
62.50 63.30 1
63.30 63.96 0
63.96 64.90 2
64.90 66.05 3
66.05 66.96 1
66.96 67.69 0
67.69 71.49 2
71.49 72.34 3
72.34 73.78 1
73.78 74.51 3
74.51 75.28 2
75.28 75.39 3
75.39 75.57 1
75.57 76.04 3
76.04 76.16 2
76.16 76.17 0
76.17 77.76 1
77.76 77.91 0
77.91 80.00 2
80.00 80.50 3
80.50 82.73 2
82.73 83.14 0
83.14 83.98 1
83.98 84.00 3
84.00 84.19 2
84.19 84.66 0
84.66 85.75 1
85.75 86.19 3
86.19 88.09 1
88.09 88.59 0
88.59 89.54 2
89.54 89.69 3
89.69 90.19 1
90.19 90.51 3
90.51 91.33 1
91.33 91.90 0
91.90 96.62 2
96.62 96.72 0
96.72 97.29 1
97.29 97.45 3
97.45 99.41 2
99.41 100.64 0
100.64 103.08 2
103.08 103.80 3
103.80 103.87 1
103.87 104.77 0
104.77 105.33 1
105.33 108.27 3
108.27 108.91 2
108.91 109.86 0
109.86 112.88 2
112.88 113.11 3
113.11 113.93 1
113.93 114.20 3
114.20 115.95 1
115.95 116.03 3
116.03 119.43 2
119.43 119.87 0
119.87 120.37 1
120.37 121.83 3
121.83 124.10 1
124.10 124.44 3
124.44 125.02 1
125.02 125.17 0
125.17 130.42 2
130.42 130.56 0
130.56 133.51 2
133.51 133.57 0
133.57 134.03 1
134.03 134.16 3
134.16 135.72 2
135.72 136.60 3
136.60 137.33 1
137.33 137.45 0
137.45 139.08 2
139.08 140.37 0
140.37 143.54 2
143.54 144.29 3
144.29 146.27 1
146.27 146.88 0
146.88 147.34 1
147.34 147.44 3
147.44 147.90 2
147.90 148.23 0
148.23 148.48 1
148.48 148.75 3
148.75 149.61 1
149.61 150.53 0
150.53 154.38 2
154.38 154.97 0
154.97 162.21 2
162.21 162.64 3
162.64 162.71 1
162.71 162.79 3
162.79 165.52 2
165.52 166.31 0
166.31 168.02 2
168.02 168.63 0
168.63 171.80 2
171.80 172.09 3
172.09 173.78 1
173.78 174.55 0
174.55 179.12 2
179.12 179.68 0
179.68 179.81 1
179.81 180.02 3
180.02 184.29 2
184.29 184.52 0
184.52 185.08 1
185.08 185.77 0
185.77 196.60 2
196.60 196.76 0
196.76 196.85 1
196.85 197.01 3
197.01 198.56 2
198.56 198.83 0
198.83 198.93 1
198.93 199.06 3
199.06 202.39 2
202.39 203.08 3
203.08 203.31 2
203.31 203.92 0
203.92 203.96 1
203.96 204.46 3
204.46 204.48 2
204.48 205.46 0
205.46 207.40 2
207.40 207.96 3
207.96 208.07 2
208.07 208.17 0
208.17 208.90 2
208.90 209.17 0
209.17 210.05 1
210.05 210.57 0
210.57 220.66 2
220.66 220.70 3
220.70 221.33 1
221.33 221.41 3
221.41 224.96 2
224.96 226.25 0
226.25 230.09 2
230.09 230.17 0
230.17 230.19 2
230.19 230.71 3
230.71 234.47 2
234.47 235.28 3
235.28 237.93 1
237.93 238.08 3
238.08 243.39 2
243.39 243.69 0
243.69 244.21 1
244.21 244.94 3
244.94 245.17 2
245.17 246.63 0
246.63 249.09 2
249.09 249.50 0
249.50 249.57 1
249.57 249.78 3
249.78 250.19 1
250.19 250.51 0
250.51 252.45 2
252.45 252.65 0
252.65 253.15 1
253.15 253.18 0
253.18 261.50 2
261.50 261.52 0
261.52 261.89 1
261.89 262.08 3
262.08 263.79 2
263.79 264.15 0
264.15 264.69 1
264.69 265.10 3
265.10 267.09 1
267.09 268.25 0
268.25 268.63 1
268.63 269.13 3
269.13 270.49 1
270.49 271.42 0
271.42 272.36 2
272.36 272.86 0
272.86 274.74 1
274.74 275.82 3
275.82 280.64 2
280.64 281.66 3
281.66 282.56 1
282.56 283.06 3
283.06 283.23 2
283.23 284.15 0
284.15 290.42 2
290.42 290.55 0
290.55 291.09 1
291.09 291.38 3
291.38 292.90 2
292.90 293.26 0
293.26 293.57 1
293.57 293.97 3
293.97 296.85 2
296.85 296.87 0
296.87 297.08 1
297.08 297.39 3
297.39 297.60 2
297.60 298.51 0
298.51 300.85 2
300.85 300.95 3
300.95 301.35 1
301.35 302.00 0
302.00 304.02 2
304.02 304.37 0
304.37 305.19 2
305.19 305.38 0
305.38 306.13 1
306.13 306.25 3
306.25 307.40 2
307.40 307.63 0
307.63 310.44 1
310.44 311.07 0
311.07 311.51 3
311.51 314.22 1
314.22 314.64 3
314.64 315.30 1
315.30 315.66 0
315.66 317.18 1
317.18 317.85 0
317.85 318.68 2
318.68 318.72 3
318.72 321.23 1
321.23 321.33 3
321.33 323.27 2
323.27 323.37 3
323.37 331.38 1
331.38 331.59 3
331.59 331.72 2
331.72 331.74 0
331.74 332.55 1
332.55 332.74 3
332.74 334.82 1
334.82 335.24 0
335.24 337.53 1
337.53 337.93 3
337.93 338.31 2
338.31 338.37 3
338.37 338.85 1
338.85 339.62 3
339.62 340.12 1
340.12 340.52 0
340.52 340.60 1
340.60 341.00 3
341.00 346.13 1
346.13 346.40 3
346.40 350.15 1
350.15 350.61 0
350.61 356.24 1
356.24 356.97 0
356.97 365.35 1
365.35 365.98 0
365.98 366.04 2
366.04 366.48 3
366.48 368.94 1
368.94 369.23 3
369.23 370.36 1
370.36 370.67 3
370.67 371.24 1
371.24 371.90 0
371.90 372.01 1
372.01 372.55 3
372.55 372.90 1
372.90 372.99 0
372.99 375.80 1
375.80 375.97 2
375.97 376.35 3
376.35 376.64 1
376.64 377.18 0
377.18 377.64 3
377.64 386.46 1
386.46 386.71 0
386.71 386.84 1
386.84 387.17 3
387.17 395.76 1
395.76 396.03 3
396.03 396.93 1
396.93 397.53 0
397.53 397.70 1
397.70 398.20 3
398.20 406.38 1
406.38 406.71 0
406.71 407.17 1
407.17 407.42 3
407.42 407.63 2
407.63 407.90 0
407.90 412.97 1
412.97 413.40 0
413.40 413.74 2
413.74 413.80 3
413.80 416.60 1
416.60 417.43 0
417.43 423.46 1
423.46 423.75 3
423.75 424.96 1
424.96 425.10 0
425.10 425.98 1
425.98 426.17 3
426.17 426.69 1
426.69 427.21 0
427.21 434.22 1
434.22 434.93 0
434.93 444.17 1
444.17 444.31 3
444.31 446.50 2
446.50 446.61 3
446.61 448.94 1
448.94 449.21 3
449.21 449.40 1
449.40 449.96 0
449.96 451.26 1
451.26 451.34 3
451.34 452.15 2
452.15 452.36 3
452.36 457.30 1
457.30 457.81 0
457.81 457.89 1
457.89 458.20 3
458.20 460.20 1
460.20 460.75 3
460.75 461.02 1
461.02 461.45 0
461.45 464.00 1
464.00 464.60 3
464.60 464.94 2
464.94 465.33 3
465.33 468.13 1
468.13 468.36 3
468.36 472.90 1
472.90 473.15 3
473.15 473.32 1
473.32 473.43 0
473.43 484.50 1
484.50 484.94 0
484.94 485.13 1
485.13 485.38 3
485.38 490.30 1
490.30 490.71 0
490.71 491.19 1
491.19 491.74 3
491.74 497.41 1
497.41 498.74 3
498.74 499.08 2
499.08 499.64 0
499.64 504.65 1
504.65 505.09 3
505.09 505.17 1
505.17 505.23 0
505.23 507.35 1
507.35 507.83 0
507.83 507.98 1
507.98 508.59 3
508.59 510.21 1
510.21 510.28 0
510.28 510.32 1
510.32 512.53 3
512.53 513.05 1
513.05 513.20 3
513.20 513.30 2
513.30 513.40 3
513.40 519.47 1
519.47 519.91 0
519.91 520.06 2
520.06 520.93 3
520.93 522.52 1
522.52 523.67 3
523.67 523.83 2
523.83 524.59 0
524.59 527.08 1
527.08 527.83 0
527.83 531.01 1
531.01 531.28 0
531.28 531.72 2
531.72 531.80 3
531.80 532.38 1
532.38 533.33 3
533.33 534.07 2
534.07 534.97 3
534.97 536.56 1
536.56 536.95 0
536.95 539.39 2
539.39 540.43 3
540.43 542.00 1
542.00 542.28 0
542.28 543.44 2
543.44 543.51 3
543.51 545.42 1
545.42 546.50 0
546.50 549.70 1
549.70 551.33 0
551.33 552.67 1
552.67 552.83 3
552.83 556.70 2
556.70 556.98 3
556.98 561.47 1
561.47 561.90 3
561.90 565.25 1
565.25 567.23 3
567.23 567.33 2
567.33 567.44 3
567.44 572.70 1
572.70 575.91 3
575.91 576.33 1
576.33 576.70 0
576.70 577.10 2
577.10 577.36 3
577.36 579.98 1
579.98 580.06 0
580.06 584.09 1
584.09 584.17 0
584.17 585.71 1
585.71 586.67 3
586.67 587.51 2
587.51 588.13 3
588.13 591.52 1
591.52 591.55 0
591.55 597.46 1
597.46 597.60 3
597.60 597.82 2
