0.00 1.06 2
1.06 1.53 0
1.53 2.15 1
2.15 2.25 3
2.25 2.87 2
2.87 2.96 3
2.96 3.46 1
3.46 3.53 3
3.53 3.89 2
3.89 5.31 0
5.31 5.80 1
5.80 7.64 0
7.64 8.89 2
8.89 8.90 3
8.90 10.42 1
10.42 10.68 0
10.68 11.62 2
11.62 11.79 3
11.79 12.54 1
12.54 13.52 0
13.52 15.89 1
15.89 15.96 0
15.96 16.33 2
16.33 16.37 0
16.37 19.49 1
19.49 19.62 0
19.62 20.31 2
20.31 20.34 0
20.34 20.62 1
20.62 21.70 0
21.70 23.33 1
23.33 23.96 0
23.96 25.17 2
25.17 26.75 0
26.75 28.15 1
28.15 28.46 3
28.46 28.54 2
28.54 30.50 0
30.50 31.43 2
31.43 31.71 3
31.71 31.73 1
31.73 32.65 0
32.65 34.31 1
34.31 34.40 0
34.40 35.05 2
35.05 35.92 3
35.92 38.19 1
38.19 38.28 0
38.28 39.40 2
39.40 39.54 3
39.54 39.79 1
39.79 39.94 0
39.94 40.22 2
40.22 41.24 0
41.24 41.59 2
41.59 41.72 0
41.72 42.06 1
42.06 43.99 0
43.99 45.75 2
45.75 46.73 0
46.73 47.05 1
47.05 47.18 0
47.18 49.13 1
49.13 49.95 3
49.95 50.33 1
50.33 50.44 0
50.44 50.82 2
50.82 51.23 0
51.23 51.76 1
51.76 52.44 0
52.44 53.06 1
53.06 53.14 0
53.14 54.05 2
54.05 54.44 0
54.44 54.78 1
54.78 55.09 0
55.09 55.34 2
55.34 55.60 3
55.60 55.77 1
55.77 56.43 0
56.43 59.22 1
59.22 59.42 0
59.42 60.04 2
60.04 60.42 0
60.42 60.89 2
60.89 61.55 0
61.55 62.13 1
62.13 62.40 3
62.40 63.13 2
63.13 64.23 0
64.23 64.82 2
64.82 65.47 0
65.47 66.30 1
66.30 68.54 0
68.54 69.23 2
69.23 69.92 0
69.92 70.66 1
70.66 73.08 0
73.08 73.87 1
73.87 74.30 3
74.30 74.75 1
74.75 75.12 0
75.12 75.44 2
75.44 75.50 3
75.50 77.79 1
77.79 77.91 0
77.91 78.47 2
78.47 78.49 3
78.49 79.16 1
79.16 79.51 0
79.51 81.38 1
81.38 82.07 0
82.07 83.70 1
83.70 83.74 0
83.74 83.92 2
83.92 84.04 3
84.04 85.42 1
85.42 85.57 0
85.57 85.63 2
85.63 86.19 3
86.19 86.58 2
86.58 86.84 0
86.84 86.85 1
86.85 87.27 3
87.27 88.37 1
88.37 88.38 0
88.38 88.92 2
88.92 88.97 0
88.97 91.26 1
91.26 91.90 0
91.90 93.87 1
93.87 93.89 0
93.89 94.22 2
94.22 94.67 0
94.67 95.64 1
95.64 95.92 0
95.92 97.13 1
97.13 97.17 3
97.17 97.65 2
97.65 97.73 3
97.73 98.15 1
98.15 98.70 0
98.70 101.20 2
101.20 101.22 0
101.22 103.69 1
103.69 103.91 0
103.91 105.44 1
105.44 105.84 0
105.84 106.24 2
106.24 106.28 0
106.28 106.86 1
106.86 107.65 0
107.65 110.25 2
110.25 110.41 3
110.41 110.60 1
110.60 110.84 0
110.84 111.46 2
111.46 111.67 0
111.67 115.86 2
115.86 116.14 0
116.14 117.74 2
117.74 118.03 0
118.03 119.37 2
119.37 119.42 0
119.42 119.51 2
119.51 119.86 3
119.86 119.88 2
119.88 120.13 0
120.13 121.82 2
121.82 122.05 3
122.05 122.17 1
122.17 122.21 3
122.21 122.91 2
122.91 122.94 0
122.94 123.16 1
123.16 123.31 0
123.31 125.07 2
125.07 125.14 3
125.14 125.37 1
125.37 125.55 0
125.55 125.99 2
125.99 126.16 0
126.16 130.54 2
130.54 130.60 0
130.60 130.92 1
130.92 130.94 0
130.94 131.76 2
131.76 132.00 3
132.00 133.93 2
133.93 134.04 0
134.04 134.50 1
134.50 134.51 0
134.51 135.73 2
135.73 136.03 0
136.03 139.09 2
139.09 139.21 0
139.21 139.82 2
139.82 139.94 3
139.94 140.07 1
140.07 140.13 0
140.13 140.67 2
140.67 141.07 3
141.07 141.29 1
141.29 141.63 0
141.63 141.97 2
141.97 142.29 3
142.29 142.38 2
142.38 142.63 3
142.63 143.37 2
143.37 143.50 3
143.50 143.61 1
143.61 143.85 0
143.85 145.97 2
145.97 146.07 0
146.07 147.31 2
147.31 147.49 0
147.49 148.32 2
148.32 148.38 0
148.38 150.29 2
150.29 150.63 0
150.63 152.88 2
152.88 153.11 0
153.11 155.93 2
155.93 156.69 0
156.69 157.44 2
157.44 158.06 3
158.06 158.36 2
158.36 160.11 0
160.11 160.42 2
160.42 161.07 3
161.07 161.13 2
161.13 161.38 0
161.38 163.82 2
163.82 164.50 0
164.50 165.50 2
165.50 165.63 0
165.63 167.53 2
167.53 167.62 3
167.62 167.80 1
167.80 167.85 3
167.85 169.06 2
169.06 169.35 0
169.35 170.24 2
170.24 170.26 0
170.26 172.82 2
172.82 173.16 0
173.16 176.54 2
176.54 176.68 0
176.68 176.99 1
176.99 177.00 0
177.00 181.23 2
181.23 182.01 0
182.01 182.74 1
182.74 182.76 0
182.76 184.85 2
184.85 185.53 3
185.53 185.54 1
185.54 185.66 0
185.66 187.56 2
187.56 188.22 3
188.22 188.63 2
188.63 189.09 0
189.09 189.84 2
189.84 189.90 0
189.90 191.29 2
191.29 191.37 0
191.37 192.40 2
192.40 192.50 3
192.50 192.87 1
192.87 192.97 3
192.97 193.56 2
193.56 194.91 0
194.91 196.63 2
196.63 198.13 0
198.13 200.17 2
200.17 200.24 3
200.24 200.96 1
200.96 201.00 3
201.00 202.28 2
202.28 202.56 3
202.56 202.92 1
202.92 203.51 2
203.51 203.80 0
203.80 205.23 2
205.23 205.93 0
205.93 206.07 2
206.07 206.35 3
206.35 206.96 1
206.96 207.54 3
207.54 209.28 2
209.28 209.30 0
209.30 210.25 1
210.25 210.39 0
210.39 210.71 2
210.71 210.73 0
210.73 211.61 1
211.61 211.94 0
211.94 212.90 2
212.90 213.31 0
213.31 217.19 2
217.19 217.77 0
217.77 218.44 2
218.44 218.68 3
218.68 219.07 1
219.07 219.41 0
219.41 221.47 1
221.47 221.77 0
221.77 222.91 1
222.91 222.98 0
222.98 223.24 2
223.24 223.37 3
223.37 225.85 1
225.85 225.95 0
225.95 226.52 2
226.52 229.01 1
229.01 229.07 0
229.07 229.56 2
229.56 229.89 0
229.89 230.72 1
230.72 230.82 0
230.82 231.27 2
231.27 231.84 0
231.84 235.27 1
235.27 235.29 3
235.29 235.89 2
235.89 235.91 0
235.91 237.50 1
237.50 237.52 0
237.52 237.91 2
237.91 237.98 3
237.98 239.98 1
239.98 239.99 0
239.99 240.56 2
240.56 242.12 0
242.12 242.81 2
242.81 243.32 0
243.32 245.38 2
245.38 245.72 0
245.72 246.30 1
246.30 246.31 0
246.31 247.21 2
247.21 247.58 0
247.58 251.24 2
251.24 251.84 0
251.84 254.96 2
254.96 255.04 3
255.04 255.40 1
255.40 255.56 0
255.56 257.48 2
257.48 257.78 0
257.78 261.06 2
261.06 261.50 0
261.50 264.32 2
264.32 264.97 0
264.97 265.33 1
265.33 265.49 3
265.49 266.00 1
266.00 266.12 0
266.12 268.18 2
268.18 268.24 0
268.24 269.25 2
269.25 269.44 3
269.44 269.77 2
269.77 270.38 3
270.38 270.90 2
270.90 271.09 3
271.09 271.33 1
271.33 271.38 0
271.38 273.52 2
273.52 273.90 3
273.90 274.00 2
274.00 274.31 0
274.31 276.66 2
276.66 277.03 3
277.03 277.05 2
277.05 277.32 0
277.32 279.67 2
279.67 280.04 0
280.04 280.35 2
280.35 280.95 3
280.95 281.45 1
281.45 281.56 0
281.56 282.59 2
282.59 283.15 0
283.15 283.65 2
283.65 283.98 0
283.98 285.03 2
285.03 285.21 3
285.21 285.83 1
285.83 286.17 3
286.17 287.28 2
287.28 287.90 3
287.90 288.17 1
288.17 288.60 3
288.60 289.99 2
289.99 290.06 3
290.06 290.78 1
290.78 291.26 0
291.26 291.73 2
291.73 292.03 0
292.03 293.73 2
293.73 293.99 0
293.99 294.74 2
294.74 294.97 0
294.97 298.36 2
298.36 299.15 0
299.15 301.71 2
301.71 302.07 0
302.07 304.00 2
304.00 304.10 0
304.10 304.42 1
304.42 304.63 0
304.63 306.60 2
306.60 307.29 0
307.29 309.20 2
309.20 310.02 0
310.02 312.73 2
312.73 312.82 3
312.82 315.33 1
315.33 315.74 0
315.74 316.79 1
316.79 317.19 0
317.19 319.98 2
319.98 320.01 0
320.01 320.34 1
320.34 320.47 3
320.47 322.28 2
322.28 322.38 0
322.38 322.75 1
322.75 323.33 0
323.33 324.44 2
324.44 324.82 3
324.82 326.04 1
326.04 326.37 0
326.37 326.81 2
326.81 326.97 0
326.97 328.25 1
328.25 328.31 0
328.31 328.78 2
328.78 328.96 3
328.96 329.15 1
329.15 330.30 0
330.30 331.35 2
331.35 331.75 3
331.75 331.90 1
331.90 332.20 3
332.20 332.40 2
332.40 332.54 3
332.54 333.69 1
333.69 334.08 3
334.08 334.65 2
334.65 335.18 0
335.18 336.30 2
336.30 336.49 3
336.49 337.29 1
337.29 337.72 3
337.72 339.12 2
339.12 339.37 3
339.37 339.61 1
339.61 339.65 3
339.65 340.05 2
340.05 340.73 0
340.73 341.83 2
341.83 342.09 3
342.09 342.47 2
342.47 342.77 0
342.77 343.35 2
343.35 343.75 0
343.75 344.84 2
344.84 345.51 0
345.51 346.29 2
346.29 346.57 0
346.57 347.81 2
347.81 347.89 0
347.89 348.13 1
348.13 348.35 3
348.35 348.84 2
348.84 349.46 0
349.46 352.08 2
352.08 352.61 3
352.61 352.81 1
352.81 353.06 0
353.06 354.26 2
354.26 357.95 0
357.95 360.49 2
360.49 361.51 0
361.51 362.97 2
362.97 363.07 3
363.07 365.00 1
365.00 366.09 0
366.09 369.26 1
369.26 369.62 3
369.62 369.82 2
369.82 370.25 0
370.25 371.05 1
371.05 371.10 0
371.10 371.43 2
371.43 371.65 3
371.65 373.44 1
373.44 374.17 0
374.17 375.11 2
375.11 375.17 0
375.17 375.58 1
375.58 375.80 0
375.80 376.16 2
376.16 376.45 3
376.45 377.20 1
377.20 377.97 0
377.97 379.25 2
379.25 380.05 3
380.05 380.96 2
380.96 381.03 3
381.03 382.19 1
382.19 382.61 3
382.61 382.78 1
382.78 384.15 0
384.15 385.00 2
385.00 385.07 0
385.07 385.64 1
385.64 386.44 0
386.44 386.95 1
386.95 387.24 0
387.24 388.26 2
388.26 388.35 0
388.35 389.76 2
389.76 390.21 0
390.21 392.39 2
392.39 392.75 0
392.75 396.45 2
396.45 396.96 0
396.96 397.78 2
397.78 398.54 0
398.54 399.29 2
399.29 403.62 0
403.62 405.87 1
405.87 406.60 0
406.60 407.72 2
407.72 408.03 3
408.03 408.41 1
408.41 408.75 0
408.75 409.86 2
409.86 410.27 0
410.27 412.40 2
412.40 413.09 0
413.09 414.99 1
414.99 415.08 0
415.08 415.43 2
415.43 415.53 3
415.53 416.78 1
416.78 417.04 0
417.04 417.65 2
417.65 417.68 3
417.68 418.56 1
418.56 418.68 0
418.68 422.22 1
422.22 422.32 0
422.32 422.71 2
422.71 423.40 0
423.40 427.52 1
427.52 427.60 3
427.60 428.00 2
428.00 428.44 0
428.44 430.03 1
430.03 430.49 3
430.49 431.00 1
431.00 432.47 0
432.47 434.08 2
434.08 434.38 0
434.38 436.08 2
436.08 436.14 3
436.14 436.59 1
436.59 436.76 0
436.76 437.81 2
437.81 437.94 0
437.94 439.81 2
439.81 440.09 0
440.09 441.82 2
441.82 442.12 3
442.12 443.23 2
443.23 443.90 0
443.90 445.59 2
445.59 445.64 3
445.64 445.84 1
445.84 445.86 3
445.86 446.64 2
446.64 447.00 3
447.00 448.44 2
448.44 448.57 3
448.57 449.04 1
449.04 449.28 0
449.28 450.65 2
450.65 451.08 0
451.08 451.15 2
451.15 451.64 3
451.64 452.08 1
452.08 452.28 3
452.28 453.98 2
453.98 454.27 3
454.27 455.39 2
455.39 455.53 3
455.53 455.69 1
455.69 456.40 0
456.40 456.90 1
456.90 457.16 3
457.16 457.61 2
457.61 458.15 3
458.15 458.47 2
458.47 458.73 1
458.73 458.79 0
458.79 459.78 2
459.78 460.01 0
460.01 463.29 2
463.29 463.64 0
463.64 465.49 2
465.49 465.65 3
465.65 465.69 1
465.69 465.86 0
465.86 466.35 2
466.35 466.82 3
466.82 468.84 1
468.84 468.87 0
468.87 469.15 1
469.15 469.54 3
469.54 469.99 1
469.99 470.34 0
470.34 470.83 2
470.83 471.25 3
471.25 473.24 1
473.24 473.93 0
473.93 474.78 1
474.78 475.33 0
475.33 478.03 1
478.03 478.15 0
478.15 478.53 2
478.53 478.57 3
478.57 479.45 1
479.45 480.68 0
480.68 482.43 1
482.43 483.00 0
483.00 485.09 1
485.09 486.07 0
486.07 487.02 1
487.02 487.69 0
487.69 489.38 1
489.38 490.00 0
490.00 491.35 1
491.35 491.40 0
491.40 491.64 2
491.64 491.84 3
491.84 492.74 1
492.74 493.28 0
493.28 495.25 1
495.25 495.35 0
495.35 495.64 2
495.64 495.77 3
495.77 497.01 1
497.01 497.07 0
497.07 497.28 2
497.28 497.47 3
497.47 499.02 1
499.02 499.20 0
499.20 499.45 2
499.45 499.52 3
499.52 500.15 1
500.15 500.45 0
500.45 501.94 1
501.94 502.03 3
502.03 502.21 2
502.21 502.31 3
502.31 503.09 1
503.09 504.03 0
504.03 504.57 1
504.57 505.59 0
505.59 505.87 1
505.87 505.94 0
505.94 506.31 2
506.31 506.44 0
506.44 509.51 1
509.51 509.57 0
509.57 509.78 2
509.78 509.95 3
509.95 512.20 1
512.20 512.52 3
512.52 513.10 1
513.10 513.77 0
513.77 514.77 1
514.77 514.89 3
514.89 515.09 2
515.09 515.16 3
515.16 516.98 1
516.98 517.41 3
517.41 517.88 1
517.88 518.65 0
518.65 518.78 2
518.78 519.57 3
519.57 521.51 2
521.51 521.74 3
521.74 522.19 1
522.19 522.21 0
522.21 522.36 2
522.36 523.69 3
523.69 524.07 1
524.07 524.13 0
524.13 524.52 2
524.52 524.56 0
524.56 525.03 1
525.03 525.26 0
525.26 525.85 2
525.85 526.01 3
526.01 526.84 1
526.84 526.88 0
526.88 526.94 2
526.94 527.53 3
527.53 528.28 1
528.28 528.91 2
528.91 529.06 3
529.06 529.81 2
529.81 531.15 0
531.15 531.92 2
531.92 532.48 0
532.48 533.13 2
533.13 534.55 0
534.55 535.23 2
535.23 536.30 0
536.30 538.97 2
538.97 539.12 3
539.12 540.01 1
540.01 540.70 0
540.70 541.61 1
541.61 541.89 0
541.89 543.39 2
543.39 543.81 3
543.81 544.69 1
544.69 545.00 3
545.00 545.62 2
545.62 545.87 3
545.87 546.11 1
546.11 546.31 0
546.31 546.64 2
546.64 547.24 3
547.24 549.42 1
549.42 549.83 0
549.83 551.31 1
551.31 552.13 0
552.13 553.44 2
553.44 553.71 0
553.71 555.16 1
555.16 555.23 0
555.23 555.63 2
555.63 556.02 3
556.02 556.92 2
556.92 557.02 3
557.02 559.25 1
559.25 559.28 3
559.28 559.67 2
559.67 560.52 0
560.52 562.36 1
562.36 562.88 0
562.88 563.45 1
563.45 563.87 0
563.87 566.27 1
566.27 566.37 0
566.37 566.71 2
566.71 567.33 0
567.33 568.24 1
568.24 568.66 0
568.66 571.16 1
571.16 571.22 3
571.22 571.49 2
571.49 571.50 3
571.50 573.49 1
573.49 573.95 3
573.95 574.66 2
574.66 574.95 3
574.95 575.83 1
575.83 576.10 0
576.10 576.16 2
576.16 576.50 3
576.50 577.13 1
577.13 577.33 0
577.33 578.26 2
578.26 580.00 0
580.00 580.92 1
580.92 581.25 0
581.25 583.82 2
583.82 584.31 3
584.31 585.14 1
585.14 585.87 0
585.87 587.02 2
587.02 587.12 3
587.12 587.47 1
587.47 587.52 3
587.52 588.29 2
588.29 588.67 3
588.67 589.17 1
589.17 589.50 0
589.50 590.05 2
590.05 590.32 0
590.32 591.11 1
591.11 591.19 0
591.19 592.76 2
592.76 593.06 0
593.06 594.48 1
594.48 594.69 0
594.69 596.19 1
596.19 596.39 0
596.39 598.16 1
598.16 598.31 0
598.31 599.70 1
599.70 599.83 0
599.83 600.12 2
600.12 601.10 0
601.10 606.12 1
