0.00 0.97 1
0.97 1.41 0
1.41 2.66 2
2.66 2.84 3
2.84 7.39 1
7.39 7.96 0
7.96 8.65 2
8.65 8.99 0
8.99 9.49 1
9.49 9.87 3
9.87 11.04 1
11.04 11.82 0
11.82 12.25 2
12.25 12.41 0
12.41 12.77 1
12.77 13.50 3
13.50 13.69 1
13.69 14.22 0
14.22 14.59 1
14.59 14.62 3
14.62 14.97 2
14.97 15.37 0
15.37 17.09 2
17.09 17.75 0
17.75 18.57 2
18.57 18.91 0
18.91 20.46 1
20.46 21.34 0
21.34 21.37 2
21.37 22.63 3
22.63 22.79 2
22.79 22.89 0
22.89 24.10 1
24.10 24.84 0
24.84 25.26 2
25.26 25.87 0
25.87 25.90 1
25.90 27.10 3
27.10 28.41 1
28.41 29.15 0
29.15 31.45 2
31.45 31.67 0
31.67 31.90 1
31.90 32.13 3
32.13 33.33 2
33.33 33.49 3
33.49 33.62 1
33.62 34.76 0
34.76 37.43 2
37.43 37.77 0
37.77 38.05 1
38.05 38.38 3
38.38 39.07 2
39.07 39.36 0
39.36 40.71 1
40.71 41.52 0
41.52 41.60 1
41.60 42.16 3
42.16 42.28 1
42.28 42.67 0
42.67 42.88 1
42.88 43.96 3
43.96 44.56 1
44.56 44.74 0
44.74 46.95 1
46.95 47.07 0
47.07 48.08 2
48.08 48.75 3
48.75 49.05 2
49.05 50.37 0
50.37 50.54 1
50.54 50.61 3
50.61 50.74 2
50.74 50.92 3
50.92 53.19 1
53.19 53.98 0
53.98 55.89 1
55.89 57.31 0
57.31 58.25 2
58.25 58.88 3
58.88 59.09 2
59.09 59.72 3
59.72 60.88 1
60.88 61.53 0
61.53 63.63 1
63.63 63.79 0
63.79 64.26 2
64.26 64.90 0
64.90 65.14 1
65.14 65.26 3
65.26 67.45 2
67.45 67.58 3
67.58 69.47 1
69.47 70.20 0
70.20 72.58 2
72.58 72.60 3
72.60 74.09 1
74.09 74.89 3
74.89 76.55 1
76.55 77.79 0
77.79 79.34 2
79.34 79.45 3
79.45 79.64 1
79.64 80.48 0
80.48 81.36 2
81.36 82.41 3
82.41 82.79 1
82.79 83.10 0
83.10 83.42 1
83.42 83.59 3
83.59 83.99 2
83.99 84.07 0
84.07 84.45 1
84.45 84.97 0
84.97 85.18 1
85.18 85.44 3
85.44 85.90 2
85.90 86.23 0
86.23 87.37 1
87.37 88.15 0
88.15 92.47 2
92.47 93.00 3
93.00 95.56 1
95.56 95.83 0
95.83 96.11 2
96.11 96.78 0
96.78 96.80 2
96.80 97.58 3
97.58 97.89 2
97.89 98.15 0
98.15 98.42 1
98.42 99.22 3
99.22 99.38 1
99.38 99.99 0
99.99 101.65 2
101.65 101.76 3
101.76 102.09 1
102.09 102.35 3
102.35 106.07 2
106.07 106.15 3
106.15 108.08 1
108.08 108.75 0
108.75 108.82 2
108.82 109.19 3
109.19 109.20 2
109.20 109.41 0
109.41 111.15 1
111.15 111.74 3
111.74 111.97 1
111.97 112.56 0
112.56 112.66 2
112.66 113.63 3
113.63 113.73 2
113.73 114.45 0
114.45 115.71 2
115.71 116.07 0
116.07 116.72 1
116.72 117.39 0
117.39 120.71 2
120.71 122.07 3
122.07 123.08 1
123.08 124.70 0
124.70 126.02 2
126.02 126.63 0
126.63 129.05 1
129.05 129.33 0
129.33 130.11 2
130.11 131.46 1
131.46 132.49 0
132.49 132.56 1
132.56 133.31 3
133.31 134.01 2
134.01 134.14 0
134.14 135.23 1
135.23 136.11 3
136.11 137.91 1
137.91 138.23 3
138.23 140.64 2
140.64 141.00 0
141.00 141.36 3
141.36 142.14 2
142.14 142.49 0
142.49 142.79 1
142.79 142.83 3
142.83 145.11 2
145.11 145.27 0
145.27 145.52 1
145.52 150.89 2
150.89 150.94 0
150.94 154.83 1
154.83 155.33 0
155.33 156.19 2
156.19 156.44 0
156.44 156.74 1
156.74 156.86 0
156.86 163.84 2
163.84 163.88 3
163.88 164.30 1
164.30 164.55 0
164.55 170.83 2
170.83 171.32 0
171.32 174.49 2
174.49 174.53 0
174.53 175.83 1
175.83 176.04 3
176.04 177.89 2
177.89 178.33 3
178.33 179.20 1
179.20 179.66 0
179.66 184.36 2
184.36 184.91 0
184.91 191.15 2
191.15 191.44 3
191.44 192.47 1
192.47 193.40 3
193.40 195.04 1
195.04 195.10 0
195.10 196.09 2
196.09 196.30 3
196.30 197.43 2
197.43 197.68 3
197.68 198.46 2
198.46 198.67 0
198.67 198.88 1
198.88 199.05 3
199.05 202.73 2
202.73 203.27 3
203.27 204.11 2
204.11 204.45 0
204.45 208.31 2
208.31 208.47 3
208.47 208.80 1
208.80 209.28 0
209.28 218.04 2
218.04 218.25 3
218.25 218.54 1
218.54 219.99 0
219.99 221.42 2
221.42 221.73 0
221.73 222.68 1
222.68 223.56 0
223.56 223.87 2
223.87 224.08 3
224.08 224.94 2
224.94 225.22 0
225.22 227.30 1
227.30 228.23 0
228.23 228.57 1
228.57 228.96 3
228.96 229.20 2
229.20 229.80 0
229.80 230.14 1
230.14 230.50 3
230.50 230.96 1
230.96 231.63 0
231.63 232.05 2
232.05 233.40 0
233.40 233.73 1
233.73 234.17 3
234.17 234.78 2
234.78 235.41 0
235.41 237.75 2
237.75 238.65 3
238.65 241.04 1
241.04 242.18 3
242.18 242.58 2
242.58 242.96 0
242.96 243.42 1
243.42 244.05 0
244.05 246.97 2
246.97 247.30 3
247.30 247.37 1
247.37 247.68 0
247.68 249.93 2
249.93 250.15 0
250.15 251.19 1
251.19 252.43 0
252.43 253.53 2
253.53 253.82 3
253.82 253.96 1
253.96 254.51 0
254.51 256.59 2
256.59 257.39 3
257.39 257.89 1
257.89 258.40 3
258.40 258.44 1
258.44 259.26 0
259.26 261.03 2
261.03 261.55 0
261.55 263.03 1
263.03 263.21 0
263.21 266.03 2
266.03 266.42 0
266.42 269.97 1
269.97 271.11 2
271.11 271.84 0
271.84 274.55 1
274.55 274.89 3
274.89 277.97 1
277.97 278.17 3
278.17 278.90 1
278.90 279.81 0
279.81 280.15 1
280.15 280.56 3
280.56 281.42 1
281.42 282.01 0
282.01 282.43 2
282.43 282.75 0
282.75 287.28 1
287.28 288.12 0
288.12 288.15 1
288.15 288.46 3
288.46 290.75 1
290.75 292.37 0
292.37 292.49 1
292.49 293.00 3
293.00 293.22 2
293.22 293.75 0
293.75 294.26 1
294.26 294.90 0
294.90 296.34 2
296.34 297.70 0
297.70 297.94 1
297.94 298.38 3
298.38 298.82 2
298.82 299.01 3
299.01 300.15 1
300.15 301.51 0
301.51 304.87 2
304.87 305.18 0
305.18 305.58 1
305.58 306.28 0
306.28 308.75 2
308.75 309.20 0
309.20 309.72 1
309.72 309.83 3
309.83 313.82 2
313.82 314.43 0
314.43 317.12 1
317.12 317.39 3
317.39 317.75 2
317.75 318.02 0
318.02 319.68 1
319.68 320.25 0
320.25 320.96 2
320.96 321.19 0
321.19 322.91 1
322.91 323.54 0
323.54 325.29 2
325.29 325.33 0
325.33 325.81 1
325.81 326.55 0
326.55 326.91 2
326.91 327.12 0
327.12 327.47 1
327.47 327.98 0
327.98 330.20 2
330.20 330.35 0
330.35 332.09 1
332.09 332.41 0
332.41 333.78 2
333.78 334.81 3
334.81 336.63 1
336.63 336.86 3
336.86 337.14 1
337.14 337.75 0
337.75 348.65 2
348.65 349.41 0
349.41 350.14 3
350.14 351.30 2
351.30 351.40 0
351.40 352.12 1
352.12 352.79 3
352.79 353.94 1
353.94 354.59 0
354.59 356.18 2
356.18 356.31 3
356.31 357.33 2
357.33 357.39 0
357.39 361.38 1
361.38 362.12 0
362.12 362.58 2
362.58 362.60 0
362.60 363.25 1
363.25 363.84 3
363.84 364.72 1
364.72 365.35 0
365.35 365.83 1
365.83 366.30 3
366.30 366.93 1
366.93 367.56 0
367.56 368.02 2
368.02 369.64 0
369.64 372.79 2
372.79 373.38 0
373.38 374.43 1
374.43 375.46 3
375.46 376.09 1
376.09 376.51 3
376.51 376.74 1
376.74 377.07 0
377.07 377.35 2
377.35 378.06 3
378.06 378.29 1
378.29 378.99 0
378.99 379.20 2
379.20 379.34 3
379.34 380.48 1
380.48 380.67 0
380.67 381.44 2
381.44 381.84 3
381.84 382.91 1
382.91 383.54 0
383.54 385.67 2
385.67 385.73 3
385.73 387.81 1
387.81 388.21 0
388.21 390.58 2
390.58 390.90 3
390.90 392.41 1
392.41 393.61 0
393.61 394.26 2
394.26 395.25 3
395.25 396.36 1
396.36 396.53 3
396.53 396.86 2
396.86 397.33 3
397.33 399.74 2
399.74 399.76 3
399.76 401.15 1
401.15 401.97 3
401.97 402.05 2
402.05 402.79 0
402.79 402.81 2
402.81 403.23 3
403.23 405.02 1
405.02 405.33 0
405.33 406.28 2
406.28 406.97 3
406.97 408.82 1
408.82 408.88 0
408.88 410.14 2
410.14 410.56 0
410.56 410.92 1
410.92 411.34 0
411.34 413.19 2
413.19 414.76 0
414.76 421.04 1
421.04 421.57 0
421.57 423.63 2
423.63 424.81 3
424.81 425.62 1
425.62 425.83 3
425.83 430.37 2
430.37 431.63 0
431.63 433.75 2
433.75 433.86 0
433.86 434.24 1
434.24 434.26 0
434.26 437.47 2
437.47 438.46 0
438.46 439.81 2
439.81 439.97 3
439.97 440.60 1
440.60 442.01 0
442.01 445.25 2
445.25 445.81 3
445.81 446.15 2
446.15 446.19 3
446.19 446.40 1
446.40 446.70 3
446.70 450.16 2
450.16 450.62 3
450.62 451.25 2
451.25 451.33 3
451.33 452.30 1
452.30 452.38 3
452.38 454.53 2
454.53 454.57 0
454.57 455.05 1
455.05 456.34 0
456.34 458.94 2
458.94 459.83 0
459.83 460.18 1
460.18 460.25 3
460.25 463.08 2
463.08 463.75 0
463.75 464.06 3
464.06 466.86 2
466.86 467.77 3
467.77 468.82 1
468.82 469.68 0
469.68 475.46 2
475.46 475.79 0
475.79 476.21 1
476.21 477.94 0
477.94 479.07 2
479.07 479.99 0
479.99 480.69 1
480.69 480.92 3
480.92 481.93 1
481.93 482.68 0
482.68 484.49 2
484.49 484.57 0
484.57 484.85 1
484.85 485.06 3
485.06 486.49 2
486.49 486.80 0
486.80 487.26 1
487.26 487.37 3
487.37 491.91 2
491.91 492.07 0
492.07 492.49 1
492.49 493.15 0
493.15 494.70 2
494.70 495.37 3
495.37 495.79 1
495.79 496.67 0
496.67 497.14 2
497.14 497.43 0
497.43 497.75 1
497.75 498.54 3
498.54 499.72 2
499.72 499.99 0
499.99 500.29 1
500.29 500.41 3
500.41 502.94 2
502.94 503.23 3
503.23 506.34 1
506.34 506.36 0
506.36 509.22 2
509.22 509.53 0
509.53 509.93 1
509.93 510.61 0
510.61 514.22 2
514.22 515.16 3
515.16 517.33 1
517.33 517.86 0
517.86 518.48 2
518.48 518.57 0
518.57 518.90 1
518.90 519.15 0
519.15 521.66 2
521.66 521.80 3
521.80 521.91 1
521.91 522.93 3
522.93 522.97 2
522.97 523.21 0
523.21 523.57 1
523.57 525.16 2
525.16 525.34 0
525.34 525.35 1
525.35 525.75 3
525.75 529.96 2
529.96 530.24 3
530.24 530.94 1
530.94 531.33 3
531.33 533.45 2
533.45 533.54 3
533.54 534.49 1
534.49 534.72 0
534.72 539.79 2
539.79 540.35 3
540.35 540.97 2
540.97 541.44 0
541.44 541.66 1
541.66 541.92 3
541.92 544.30 2
544.30 544.99 0
544.99 545.32 1
545.32 545.61 3
545.61 547.55 2
547.55 548.81 3
548.81 550.29 1
550.29 551.14 3
551.14 551.36 1
551.36 552.32 0
552.32 554.60 2
554.60 554.77 0
554.77 554.92 1
554.92 555.81 3
555.81 556.30 0
556.30 556.79 1
556.79 557.43 3
557.43 560.73 2
560.73 561.46 3
561.46 561.95 1
561.95 562.19 0
562.19 566.58 2
566.58 566.68 0
566.68 567.23 1
567.23 568.74 0
568.74 568.89 2
568.89 569.86 3
569.86 569.96 2
569.96 570.28 0
570.28 570.35 1
570.35 570.65 3
570.65 571.09 1
571.09 571.93 0
571.93 572.24 1
572.24 572.61 3
572.61 573.03 2
573.03 573.18 0
573.18 574.22 1
574.22 574.98 3
574.98 575.00 2
575.00 575.95 0
575.95 578.93 2
578.93 579.22 3
579.22 581.93 2
581.93 582.19 0
582.19 582.57 1
582.57 582.60 0
582.60 589.90 2
589.90 590.87 0
590.87 591.24 1
591.24 591.60 3
591.60 592.27 2
592.27 592.75 3
592.75 595.53 1
595.53 596.35 0
596.35 596.99 2
596.99 598.11 3
598.11 599.21 1
599.21 599.99 0
599.99 603.81 1
603.81 604.50 0
604.50 604.68 1
604.68 605.11 3
605.11 608.34 1
608.34 609.02 0
609.02 614.50 1
614.50 614.62 3
614.62 615.71 2
615.71 616.43 3
616.43 618.60 1
618.60 619.23 3
619.23 620.28 2
620.28 620.31 3
620.31 620.70 1
620.70 620.80 0
620.80 624.11 2
624.11 624.49 3
624.49 624.69 1
624.69 625.98 3
625.98 627.95 2
627.95 632.05 1
632.05 632.15 3
632.15 633.36 2
633.36 633.98 0
633.98 638.95 2
638.95 640.23 3
640.23 640.65 2
640.65 641.10 0
641.10 645.41 2
645.41 645.72 0
645.72 646.61 1
646.61 647.73 0
647.73 648.77 2
648.77 648.86 0
648.86 649.13 1
649.13 650.98 0
650.98 652.69 2
652.69 652.83 3
652.83 656.14 1
656.14 657.53 0
657.53 659.01 2
659.01 659.53 0
659.53 659.95 1
659.95 660.59 0
660.59 661.11 2
661.11 661.29 3
661.29 662.13 1
662.13 664.07 0
664.07 666.71 2
666.71 667.71 0
667.71 668.87 1
