0.00 0.94 1
0.94 1.00 3
1.00 1.45 2
1.45 2.37 3
2.37 3.61 2
3.61 3.86 0
3.86 6.10 1
6.10 6.60 3
6.60 6.71 2
6.71 6.92 3
6.92 7.66 1
7.66 8.25 3
8.25 8.36 2
8.36 9.91 3
9.91 10.06 1
10.06 10.39 3
10.39 10.81 2
10.81 10.86 3
10.86 12.36 1
12.36 13.65 3
13.65 14.17 1
14.17 14.32 3
14.32 14.65 2
14.65 15.78 3
15.78 21.36 2
21.36 21.93 0
21.93 23.28 2
23.28 23.42 3
23.42 23.59 1
23.59 23.68 3
23.68 25.43 2
25.43 26.86 3
26.86 31.03 1
31.03 31.24 0
31.24 32.69 2
32.69 32.73 3
32.73 34.79 1
34.79 35.13 3
35.13 37.88 2
37.88 38.33 3
38.33 38.43 1
38.43 38.56 3
38.56 38.76 2
38.76 39.04 3
39.04 39.22 2
39.22 39.92 3
39.92 40.18 1
40.18 40.73 3
40.73 42.21 2
42.21 42.79 3
42.79 43.56 2
43.56 43.76 3
43.76 46.52 1
46.52 46.54 3
46.54 47.41 2
47.41 47.42 0
47.42 47.62 1
47.62 48.23 3
48.23 50.60 2
50.60 50.64 0
50.64 54.87 2
54.87 54.91 0
54.91 58.07 2
58.07 58.15 0
58.15 61.97 2
61.97 62.51 3
62.51 63.27 1
63.27 64.51 3
64.51 65.86 1
65.86 67.10 3
67.10 67.60 1
67.60 67.91 0
67.91 70.19 2
70.19 71.43 3
71.43 71.60 1
71.60 71.71 3
71.71 73.66 2
73.66 73.81 3
73.81 74.22 1
74.22 74.76 0
74.76 74.92 2
74.92 76.61 3
76.61 77.27 1
77.27 77.85 0
77.85 79.13 1
79.13 79.40 0
79.40 79.92 2
79.92 80.01 3
80.01 81.36 1
81.36 81.49 0
81.49 84.40 2
84.40 84.66 0
84.66 84.85 2
84.85 85.13 3
85.13 85.46 2
85.46 86.04 3
86.04 90.51 1
90.51 91.32 0
91.32 95.12 1
95.12 95.94 0
95.94 96.38 1
96.38 96.58 3
96.58 97.79 1
97.79 98.49 0
98.49 98.87 2
98.87 99.57 3
99.57 104.45 1
104.45 104.84 0
104.84 106.34 2
106.34 107.21 0
107.21 107.85 2
107.85 108.12 0
108.12 109.01 1
109.01 109.15 0
109.15 110.35 2
110.35 111.67 0
111.67 112.06 1
112.06 112.16 3
112.16 112.35 2
112.35 112.58 0
112.58 112.93 1
112.93 114.90 3
114.90 115.86 2
115.86 115.91 0
115.91 118.41 1
118.41 118.47 3
118.47 118.79 2
118.79 118.80 3
118.80 121.15 1
121.15 121.29 3
121.29 121.59 2
121.59 122.31 3
122.31 122.66 2
122.66 122.89 0
122.89 124.04 2
124.04 124.44 1
124.44 125.40 3
125.40 126.65 1
126.65 126.73 3
126.73 127.86 2
127.86 128.05 0
128.05 131.01 2
131.01 131.31 3
131.31 132.55 2
132.55 132.72 0
132.72 137.25 2
137.25 137.84 3
137.84 138.08 1
138.08 138.16 3
138.16 139.75 2
139.75 139.98 0
139.98 140.46 1
140.46 140.97 0
140.97 141.42 2
141.42 141.79 3
141.79 142.37 2
142.37 142.65 0
142.65 144.40 2
144.40 145.29 0
145.29 147.32 2
147.32 147.52 3
147.52 149.67 1
149.67 149.72 3
149.72 149.96 2
149.96 150.05 3
150.05 150.32 2
150.32 150.37 3
150.37 151.63 1
151.63 152.15 0
152.15 155.86 2
155.86 155.88 0
155.88 157.74 1
157.74 158.08 3
158.08 159.25 2
159.25 159.66 0
159.66 159.68 1
159.68 160.37 3
160.37 161.44 1
161.44 161.68 0
161.68 162.84 2
162.84 162.85 3
162.85 166.64 1
166.64 167.14 0
167.14 170.85 1
170.85 171.61 0
171.61 177.91 1
177.91 178.33 0
178.33 178.78 2
178.78 178.83 3
178.83 182.59 1
182.59 182.93 0
182.93 183.40 2
183.40 183.74 0
183.74 186.93 1
186.93 186.96 3
186.96 187.33 2
187.33 187.70 0
187.70 189.71 1
189.71 189.82 3
189.82 190.02 2
190.02 192.53 3
192.53 194.08 1
194.08 194.44 0
194.44 198.86 2
198.86 199.24 0
199.24 199.36 1
199.36 199.45 3
199.45 203.19 2
203.19 203.37 3
203.37 204.86 1
204.86 204.97 3
204.97 206.11 2
206.11 206.43 0
206.43 211.55 2
211.55 211.87 3
211.87 213.37 2
213.37 213.90 0
213.90 224.66 2
224.66 224.82 0
224.82 226.18 2
226.18 226.91 3
226.91 227.29 2
227.29 227.84 0
227.84 231.57 2
231.57 231.73 0
231.73 233.10 2
233.10 233.40 3
233.40 236.96 2
236.96 237.06 3
237.06 237.12 1
237.12 237.30 3
237.30 238.84 2
238.84 239.15 3
239.15 239.19 1
239.19 239.27 3
239.27 249.57 2
249.57 249.60 0
249.60 256.21 2
256.21 256.23 0
256.23 262.46 1
262.46 262.70 3
262.70 262.81 2
262.81 263.44 0
263.44 271.07 1
271.07 271.15 3
271.15 272.40 2
272.40 273.38 3
273.38 277.22 2
277.22 277.44 3
277.44 279.13 2
279.13 279.22 0
279.22 284.40 2
284.40 284.46 0
284.46 284.67 2
284.67 285.12 3
285.12 288.24 2
288.24 288.29 0
288.29 292.78 2
292.78 292.90 0
292.90 295.12 2
295.12 295.24 0
295.24 295.32 1
295.32 295.57 3
295.57 297.24 2
297.24 297.81 3
297.81 297.95 2
297.95 298.15 0
298.15 298.97 2
298.97 299.93 3
299.93 302.49 1
302.49 302.87 0
302.87 303.00 2
303.00 303.25 3
303.25 304.58 1
304.58 304.94 0
304.94 305.20 1
305.20 305.35 3
305.35 310.53 1
310.53 310.60 0
310.60 313.62 1
313.62 314.07 3
314.07 314.27 1
314.27 314.65 0
314.65 315.25 2
315.25 315.34 0
315.34 321.17 1
321.17 321.60 0
321.60 322.43 2
322.43 322.94 1
322.94 323.02 0
323.02 325.53 2
325.53 325.56 0
325.56 326.00 1
326.00 326.32 3
326.32 328.82 1
328.82 328.88 3
328.88 329.35 2
329.35 329.51 0
329.51 329.74 1
329.74 329.88 3
329.88 334.07 2
334.07 335.35 3
335.35 336.58 1
336.58 336.65 3
336.65 344.45 2
344.45 345.01 3
345.01 346.10 1
346.10 346.79 3
346.79 349.83 1
349.83 349.94 3
349.94 350.11 2
350.11 350.25 3
350.25 351.95 1
351.95 353.18 0
353.18 355.89 1
355.89 356.72 3
356.72 360.61 1
360.61 360.80 3
360.80 366.04 2
366.04 366.34 3
366.34 371.76 2
371.76 371.97 0
371.97 372.79 2
372.79 373.16 3
373.16 374.53 2
374.53 374.65 0
374.65 377.24 2
377.24 377.67 0
377.67 381.31 2
381.31 381.44 0
381.44 381.91 1
381.91 382.08 0
382.08 385.24 2
385.24 385.36 0
385.36 387.10 2
387.10 387.37 0
387.37 389.47 2
389.47 389.79 3
389.79 390.48 2
390.48 390.69 0
390.69 391.62 2
391.62 391.82 0
391.82 395.30 2
395.30 395.52 0
395.52 401.43 2
401.43 401.60 0
401.60 406.53 2
406.53 406.72 0
406.72 407.15 1
407.15 408.71 3
408.71 409.19 1
409.19 409.25 3
409.25 411.22 2
411.22 412.68 3
412.68 412.97 1
412.97 413.03 3
413.03 415.93 2
415.93 416.47 3
416.47 418.11 2
418.11 418.12 0
418.12 418.28 1
418.28 418.72 3
418.72 419.84 1
419.84 419.98 3
419.98 422.27 2
422.27 423.48 3
423.48 427.19 2
427.19 427.81 3
427.81 428.70 2
428.70 429.14 3
429.14 429.53 1
429.53 430.41 3
430.41 430.54 1
430.54 430.85 3
430.85 432.22 2
432.22 433.71 3
433.71 434.14 2
434.14 434.36 3
434.36 434.59 2
434.59 435.14 3
435.14 436.23 1
436.23 436.30 0
436.30 436.32 1
436.32 437.73 3
437.73 438.01 1
438.01 438.49 3
438.49 440.28 2
440.28 440.40 0
440.40 440.98 2
440.98 441.03 0
441.03 442.57 2
442.57 443.87 3
443.87 444.65 2
444.65 445.17 3
445.17 445.70 2
445.70 445.95 0
445.95 446.11 1
446.11 446.58 3
446.58 446.64 2
446.64 446.71 0
446.71 447.08 1
447.08 447.21 0
447.21 449.34 1
449.34 449.39 0
449.39 451.70 1
451.70 452.14 0
452.14 452.16 1
452.16 453.61 3
453.61 456.50 1
456.50 457.03 3
457.03 457.76 2
457.76 458.56 3
458.56 458.63 1
458.63 459.43 3
459.43 463.28 2
463.28 463.45 3
463.45 465.32 2
465.32 466.00 3
466.00 466.68 1
466.68 466.96 3
466.96 468.31 2
468.31 468.60 3
468.60 469.37 1
469.37 469.67 3
469.67 471.20 2
471.20 471.33 3
471.33 471.86 2
471.86 471.92 3
471.92 473.23 1
473.23 473.61 3
473.61 473.93 1
473.93 474.52 0
474.52 474.57 1
474.57 475.00 3
475.00 475.28 2
475.28 475.47 0
475.47 475.86 1
475.86 476.97 3
476.97 478.28 1
478.28 478.56 3
478.56 478.84 2
478.84 479.01 3
479.01 481.43 1
481.43 481.69 3
481.69 483.61 1
483.61 484.51 3
484.51 485.24 1
485.24 485.40 0
485.40 485.72 2
485.72 486.06 3
486.06 486.68 2
486.68 487.26 3
487.26 488.12 2
488.12 488.65 3
488.65 488.76 2
488.76 489.42 0
489.42 490.81 2
490.81 491.53 0
491.53 493.91 1
493.91 494.42 0
494.42 495.25 2
495.25 495.35 3
495.35 500.30 1
500.30 500.50 0
500.50 500.83 1
500.83 501.33 3
501.33 503.38 1
503.38 503.83 0
503.83 504.14 2
504.14 504.24 3
504.24 504.52 2
504.52 504.84 0
504.84 505.35 1
505.35 506.18 0
506.18 509.09 1
509.09 509.19 3
509.19 509.82 2
509.82 510.51 3
510.51 512.59 2
512.59 512.88 0
512.88 514.69 1
514.69 515.23 3
515.23 516.80 2
516.80 516.81 0
516.81 521.22 1
521.22 521.55 3
521.55 522.46 1
522.46 523.22 0
523.22 524.25 1
524.25 525.21 0
525.21 526.47 1
526.47 526.55 0
526.55 529.67 1
529.67 529.97 0
529.97 530.38 2
530.38 530.54 0
530.54 534.12 1
534.12 535.41 0
535.41 537.38 1
537.38 537.70 0
537.70 538.01 2
538.01 538.11 3
538.11 538.64 1
538.64 539.13 0
539.13 540.92 1
540.92 541.05 3
541.05 541.24 2
541.24 541.43 0
541.43 541.87 1
541.87 541.93 3
541.93 543.90 2
543.90 544.47 0
544.47 546.50 1
546.50 546.95 0
546.95 549.79 1
549.79 550.17 3
550.17 550.34 1
550.34 550.56 0
550.56 550.86 2
550.86 551.16 3
551.16 555.86 1
555.86 556.36 0
556.36 559.42 1
559.42 559.47 3
559.47 559.93 2
559.93 560.34 0
560.34 561.50 1
561.50 561.63 3
561.63 562.27 2
562.27 562.89 0
562.89 569.54 1
569.54 569.62 0
569.62 570.04 2
570.04 570.21 3
570.21 574.54 1
574.54 575.25 0
575.25 576.12 1
576.12 576.62 0
576.62 578.68 1
578.68 579.32 3
579.32 579.97 1
579.97 580.32 0
580.32 580.44 1
580.44 581.07 3
581.07 582.34 1
582.34 582.74 3
582.74 584.01 2
584.01 584.27 0
584.27 584.71 1
584.71 585.01 0
585.01 585.43 2
585.43 585.62 3
585.62 585.86 2
585.86 585.99 0
585.99 591.21 1
591.21 592.69 0
592.69 593.60 1
593.60 594.23 0
594.23 595.33 1
595.33 595.61 0
595.61 596.06 1
596.06 596.38 3
596.38 597.13 1
597.13 597.55 0
597.55 598.41 1
598.41 598.50 0
598.50 601.57 1
