0.00 5.65 2
5.65 6.03 0
6.03 6.58 1
6.58 6.84 0
6.84 8.54 2
8.54 9.28 0
9.28 9.71 1
9.71 10.15 3
10.15 14.02 2
14.02 14.52 0
14.52 15.20 2
15.20 15.79 0
15.79 21.14 2
21.14 21.27 0
21.27 24.35 2
24.35 24.60 0
24.60 24.94 1
24.94 25.97 3
25.97 29.18 1
29.18 29.52 0
29.52 29.70 2
29.70 29.99 3
29.99 35.41 1
35.41 35.56 0
35.56 35.77 2
35.77 36.01 3
36.01 38.70 1
38.70 39.47 0
39.47 43.24 1
43.24 43.69 0
43.69 47.66 2
47.66 47.82 3
47.82 52.66 1
52.66 53.02 0
53.02 54.85 2
54.85 55.25 3
55.25 55.41 1
55.41 56.24 0
56.24 56.59 2
56.59 57.13 0
57.13 58.50 2
58.50 58.89 3
58.89 61.53 1
61.53 61.81 0
61.81 62.39 2
62.39 62.47 0
62.47 62.74 1
62.74 63.15 0
63.15 66.78 2
66.78 66.95 0
66.95 67.33 1
67.33 67.85 0
67.85 68.99 2
68.99 69.27 3
69.27 70.95 1
70.95 71.52 0
71.52 73.16 1
73.16 74.04 0
74.04 78.33 1
78.33 78.74 0
78.74 78.84 2
78.84 79.20 3
79.20 79.97 2
79.97 80.02 0
80.02 82.12 1
82.12 82.82 0
82.82 85.22 2
85.22 85.76 3
85.76 90.47 1
90.47 90.83 0
90.83 91.12 2
91.12 91.21 3
91.21 95.70 1
95.70 96.09 0
96.09 100.37 1
100.37 100.59 0
100.59 101.51 2
101.51 101.63 3
101.63 103.66 1
103.66 104.05 0
104.05 104.49 2
104.49 104.56 3
104.56 108.00 1
108.00 108.58 0
108.58 111.51 1
111.51 111.69 0
111.69 112.11 2
112.11 112.49 3
112.49 113.22 2
113.22 113.33 3
113.33 114.87 1
114.87 115.10 0
115.10 115.40 2
115.40 115.73 3
115.73 118.41 1
118.41 118.57 0
118.57 119.48 2
119.48 120.32 0
120.32 123.81 1
123.81 124.12 0
124.12 124.54 2
124.54 124.87 3
124.87 125.85 1
125.85 126.23 0
126.23 126.62 2
126.62 126.77 3
126.77 129.43 1
129.43 129.89 0
129.89 130.21 2
130.21 130.53 3
130.53 132.88 1
132.88 133.20 0
133.20 134.19 2
134.19 135.21 0
135.21 139.67 1
139.67 139.82 0
139.82 140.60 2
140.60 140.72 3
140.72 144.55 1
144.55 144.58 0
144.58 144.90 2
144.90 144.92 0
144.92 148.88 1
148.88 149.28 0
149.28 149.66 2
149.66 150.00 3
150.00 151.28 1
151.28 151.41 0
151.41 154.01 2
154.01 154.34 3
154.34 154.36 2
154.36 154.76 0
154.76 160.03 1
160.03 160.22 0
160.22 160.80 2
160.80 160.92 3
160.92 163.36 1
163.36 163.49 3
163.49 163.89 2
163.89 164.81 0
164.81 167.27 2
167.27 167.50 3
167.50 168.19 1
168.19 168.44 0
168.44 168.82 2
168.82 169.06 3
169.06 169.08 1
169.08 170.17 0
170.17 171.89 2
171.89 172.29 3
172.29 174.94 1
174.94 175.57 0
175.57 177.70 1
177.70 178.40 0
178.40 180.73 1
180.73 181.70 0
181.70 182.64 1
182.64 183.19 0
183.19 183.56 2
183.56 183.66 3
183.66 184.56 1
184.56 184.75 0
184.75 184.96 1
184.96 185.21 3
185.21 186.20 1
186.20 186.58 0
186.58 187.00 2
187.00 187.46 0
187.46 192.01 1
192.01 193.31 0
193.31 194.02 2
194.02 194.28 3
194.28 194.41 2
194.41 195.29 0
195.29 196.02 2
196.02 196.65 0
196.65 197.76 1
197.76 198.29 0
198.29 200.11 2
200.11 201.48 0
201.48 202.97 1
202.97 203.63 0
203.63 205.60 2
205.60 205.73 3
205.73 207.19 1
207.19 207.39 0
207.39 207.45 1
207.45 207.82 3
207.82 210.76 2
210.76 210.91 3
210.91 211.60 2
211.60 211.76 3
211.76 212.24 1
212.24 212.79 0
212.79 213.66 1
213.66 214.02 0
214.02 215.91 2
215.91 216.43 3
216.43 219.99 1
219.99 220.57 0
220.57 222.17 2
222.17 222.37 3
222.37 224.53 0
224.53 227.97 1
227.97 228.74 3
228.74 229.43 1
229.43 229.97 0
229.97 230.47 1
230.47 230.73 0
230.73 230.91 2
230.91 231.20 3
231.20 233.48 1
233.48 233.91 0
233.91 234.39 2
234.39 235.09 0
235.09 236.83 1
236.83 237.85 0
237.85 238.46 2
238.46 238.60 3
238.60 239.08 1
239.08 239.60 0
239.60 241.02 2
241.02 241.28 3
241.28 243.08 1
243.08 243.12 0
243.12 243.78 2
243.78 243.89 3
243.89 244.89 1
244.89 245.87 0
245.87 246.57 1
246.57 247.40 0
247.40 247.94 2
247.94 248.45 0
248.45 249.64 2
249.64 249.75 3
249.75 253.19 1
253.19 253.84 0
253.84 255.90 1
255.90 256.40 0
256.40 257.29 2
257.29 257.49 0
257.49 259.50 1
259.50 259.90 0
259.90 261.00 2
261.00 262.54 0
262.54 267.29 2
267.29 267.31 0
267.31 268.27 1
268.27 268.66 0
268.66 268.83 2
268.83 269.06 3
269.06 272.41 1
272.41 273.11 0
273.11 273.78 2
273.78 274.00 3
274.00 274.80 2
274.80 275.06 3
275.06 275.38 2
275.38 275.63 0
275.63 278.50 1
278.50 279.18 0
279.18 279.91 2
279.91 280.59 0
280.59 280.63 2
280.63 281.18 3
281.18 283.19 2
283.19 283.47 3
283.47 287.22 1
287.22 288.02 0
288.02 290.54 1
290.54 290.67 0
290.67 296.01 1
296.01 296.54 0
296.54 296.90 1
296.90 297.31 0
297.31 297.47 2
297.47 297.64 3
297.64 298.89 2
298.89 298.90 3
298.90 299.21 1
299.21 299.60 0
299.60 300.03 2
300.03 300.10 3
300.10 302.48 1
302.48 302.92 0
302.92 303.13 1
303.13 303.52 3
303.52 304.88 1
304.88 305.22 0
305.22 305.73 2
305.73 306.06 0
306.06 306.19 2
306.19 306.30 3
306.30 307.18 2
307.18 307.36 0
307.36 313.78 1
313.78 314.48 0
314.48 314.86 2
314.86 315.01 3
315.01 319.02 1
319.02 319.26 0
319.26 319.77 2
319.77 320.02 3
320.02 325.50 1
325.50 325.66 3
325.66 326.04 1
326.04 326.56 0
326.56 327.21 2
327.21 327.53 0
327.53 333.56 2
333.56 333.88 0
333.88 334.51 2
334.51 334.79 3
334.79 336.36 2
336.36 336.53 0
336.53 337.49 2
337.49 337.90 0
337.90 341.63 2
341.63 342.19 0
342.19 344.38 2
344.38 344.54 3
344.54 344.78 1
344.78 344.92 0
344.92 348.39 2
348.39 348.72 0
348.72 351.56 2
351.56 352.05 0
352.05 359.03 2
359.03 359.24 3
359.24 359.31 1
359.31 360.18 3
360.18 360.47 1
360.47 360.93 3
360.93 368.31 2
368.31 368.91 3
368.91 370.23 1
370.23 370.87 3
370.87 372.65 1
372.65 372.88 3
372.88 373.28 2
373.28 374.05 3
374.05 379.18 1
379.18 379.50 0
379.50 379.52 1
379.52 379.96 3
379.96 382.79 1
382.79 383.17 0
383.17 388.30 1
388.30 389.07 0
389.07 391.21 2
391.21 391.46 0
391.46 396.46 1
396.46 396.66 0
396.66 397.92 2
397.92 399.10 0
399.10 399.25 1
399.25 399.57 3
399.57 399.73 2
399.73 400.15 0
400.15 401.63 2
401.63 401.80 0
401.80 404.24 1
404.24 404.71 0
404.71 405.25 2
405.25 407.17 1
407.17 407.41 0
407.41 408.40 1
408.40 408.71 0
408.71 409.11 1
409.11 409.50 0
409.50 409.75 1
409.75 409.91 3
409.91 410.81 2
410.81 411.01 0
411.01 411.94 1
411.94 412.56 0
412.56 413.15 2
413.15 414.25 0
414.25 415.72 2
415.72 416.06 0
416.06 416.31 1
416.31 417.18 0
417.18 423.19 1
423.19 423.75 0
423.75 426.53 1
426.53 427.40 0
427.40 431.44 1
431.44 431.71 0
431.71 432.21 2
432.21 432.36 0
432.36 435.12 1
435.12 435.60 0
435.60 436.62 2
436.62 438.02 0
438.02 438.88 2
438.88 439.61 0
439.61 441.12 2
441.12 441.87 0
441.87 442.70 2
442.70 443.28 0
443.28 443.35 1
443.35 443.66 3
443.66 445.63 2
445.63 451.46 1
451.46 452.02 0
452.02 455.02 1
455.02 455.51 0
455.51 456.59 2
456.59 458.24 0
458.24 458.60 1
458.60 459.08 0
459.08 461.34 2
461.34 461.73 3
461.73 462.39 2
462.39 462.82 3
462.82 463.06 1
463.06 463.77 0
463.77 468.75 1
468.75 469.26 0
469.26 472.41 1
472.41 472.73 0
472.73 473.16 2
473.16 473.17 0
473.17 473.50 2
473.50 473.82 0
473.82 474.18 2
474.18 474.20 3
474.20 478.62 1
478.62 479.06 0
479.06 479.98 2
479.98 480.38 3
480.38 480.61 1
480.61 480.92 0
480.92 481.09 1
481.09 481.67 3
481.67 484.33 1
484.33 484.83 0
484.83 487.14 1
487.14 488.85 0
488.85 491.47 2
491.47 491.74 3
491.74 495.12 1
495.12 495.56 0
495.56 497.42 2
497.42 498.27 3
498.27 501.40 1
501.40 501.79 0
501.79 506.00 2
506.00 506.73 3
506.73 507.64 1
507.64 507.92 0
507.92 508.58 2
508.58 508.98 0
508.98 510.95 2
510.95 513.56 0
513.56 513.58 2
513.58 513.89 3
513.89 514.83 1
514.83 516.38 0
516.38 516.42 2
516.42 516.63 3
516.63 517.05 2
517.05 517.62 3
517.62 520.00 1
520.00 520.42 0
520.42 526.04 2
526.04 527.06 0
527.06 535.08 2
535.08 535.39 0
535.39 537.45 2
537.45 537.70 0
537.70 541.51 2
541.51 541.79 0
541.79 547.86 2
547.86 547.98 3
547.98 548.48 1
548.48 548.73 3
548.73 552.95 2
552.95 553.12 0
553.12 553.50 1
553.50 553.51 0
553.51 556.86 2
556.86 558.19 1
558.19 558.45 3
558.45 565.51 2
565.51 565.81 0
565.81 567.67 2
567.67 567.82 3
567.82 568.18 1
568.18 568.23 3
568.23 571.64 2
571.64 572.49 0
572.49 574.83 2
574.83 575.23 0
575.23 577.69 2
577.69 577.85 0
577.85 580.38 2
580.38 580.68 0
580.68 583.00 2
583.00 583.67 0
583.67 586.54 2
586.54 587.03 1
587.03 587.10 3
587.10 590.20 2
590.20 591.15 0
591.15 595.87 2
595.87 596.28 0
596.28 596.60 1
596.60 596.80 0
596.80 601.41 2
