0.00 0.63 2
0.63 0.82 0
0.82 1.43 2
1.43 2.01 0
2.01 2.92 2
2.92 3.12 0
3.12 3.84 1
3.84 4.63 3
4.63 5.06 1
5.06 5.08 3
5.08 5.35 2
5.35 5.71 0
5.71 9.22 1
9.22 9.42 0
9.42 9.91 2
9.91 10.37 3
10.37 11.75 2
11.75 11.89 0
11.89 12.80 1
12.80 13.05 0
13.05 13.97 2
13.97 14.43 0
14.43 14.72 2
14.72 15.15 3
15.15 16.16 1
16.16 16.29 0
16.29 16.72 2
16.72 17.64 3
17.64 17.93 2
17.93 17.97 3
17.97 19.10 1
19.10 19.75 0
19.75 20.93 2
20.93 21.08 0
21.08 21.51 1
21.51 22.59 3
22.59 22.84 2
22.84 23.23 0
23.23 26.28 2
26.28 26.80 3
26.80 28.38 2
28.38 29.52 3
29.52 30.35 1
30.35 30.70 3
30.70 32.55 1
32.55 32.98 3
32.98 34.16 1
34.16 34.41 0
34.41 37.31 1
37.31 37.49 3
37.49 37.59 2
37.59 37.78 3
37.78 38.45 1
38.45 38.71 0
38.71 42.11 1
42.11 42.28 3
42.28 43.11 2
43.11 43.14 0
43.14 43.64 1
43.64 44.13 3
44.13 44.75 2
44.75 45.84 0
45.84 48.42 2
48.42 48.51 0
48.51 49.70 1
49.70 49.99 3
49.99 51.04 2
51.04 51.17 3
51.17 52.20 1
52.20 52.43 3
52.43 52.91 2
52.91 53.15 3
53.15 53.63 1
53.63 53.86 3
53.86 54.00 2
54.00 54.30 3
54.30 55.29 2
55.29 55.45 3
55.45 55.59 1
55.59 55.98 3
55.98 56.13 1
56.13 56.23 3
56.23 57.25 2
57.25 58.30 3
58.30 60.48 1
60.48 61.12 0
61.12 61.46 1
61.46 61.79 3
61.79 62.29 2
62.29 63.93 0
63.93 64.71 2
64.71 65.15 0
65.15 66.63 1
66.63 67.01 0
67.01 68.64 1
68.64 69.17 0
69.17 75.55 1
75.55 76.18 3
76.18 76.30 1
76.30 76.42 0
76.42 76.86 1
76.86 76.95 0
76.95 80.83 1
80.83 80.92 0
80.92 81.40 1
81.40 81.42 0
81.42 81.48 2
81.48 81.86 3
81.86 82.34 1
82.34 82.89 0
82.89 82.92 2
82.92 83.38 3
83.38 84.14 1
84.14 84.33 0
84.33 85.75 1
85.75 85.84 3
85.84 86.89 2
86.89 86.97 3
86.97 87.16 1
87.16 87.33 3
87.33 88.43 1
88.43 89.33 3
89.33 92.17 1
92.17 92.27 0
92.27 93.67 1
93.67 93.80 3
93.80 94.50 2
94.50 94.96 3
94.96 97.22 1
97.22 97.30 0
97.30 97.31 2
97.31 97.64 3
97.64 99.41 1
99.41 100.59 3
100.59 102.13 1
102.13 102.76 3
102.76 102.95 2
102.95 103.24 0
103.24 105.05 1
105.05 106.84 3
106.84 107.67 1
107.67 108.23 3
108.23 108.81 2
108.81 109.50 3
109.50 109.76 1
109.76 110.67 3
110.67 111.16 1
111.16 111.29 3
111.29 112.05 2
112.05 112.68 3
112.68 112.89 1
112.89 113.23 3
113.23 114.05 2
114.05 114.10 3
114.10 114.39 1
114.39 114.89 3
114.89 117.17 1
117.17 117.47 0
117.47 119.00 1
119.00 119.09 0
119.09 119.34 1
119.34 119.41 0
119.41 120.21 1
120.21 120.42 0
120.42 120.62 1
120.62 120.77 3
120.77 122.56 1
122.56 123.22 0
123.22 123.24 2
123.24 123.79 3
123.79 127.31 1
127.31 127.43 0
127.43 128.51 1
128.51 128.73 0
128.73 129.52 2
129.52 129.55 0
129.55 135.11 1
135.11 135.23 3
135.23 136.80 2
136.80 136.96 0
136.96 137.64 1
137.64 138.00 0
138.00 139.67 2
139.67 140.27 0
140.27 140.28 1
140.28 140.53 3
140.53 141.01 2
141.01 141.95 0
141.95 144.81 2
144.81 145.38 0
145.38 146.04 1
146.04 146.50 0
146.50 146.53 1
146.53 146.92 3
146.92 149.30 2
149.30 149.42 0
149.42 150.39 1
150.39 150.89 0
150.89 152.08 2
152.08 152.26 0
152.26 152.71 1
152.71 152.83 3
152.83 154.49 2
154.49 155.05 3
155.05 155.88 2
155.88 155.97 0
155.97 157.71 2
157.71 157.87 0
157.87 160.38 2
160.38 160.73 0
160.73 161.34 1
161.34 161.54 0
161.54 161.57 2
161.57 162.32 3
162.32 165.32 2
165.32 166.09 3
166.09 166.65 1
166.65 166.72 0
166.72 168.17 2
168.17 168.33 0
168.33 171.00 2
171.00 171.14 3
171.14 171.31 1
171.31 171.32 3
171.32 171.75 2
171.75 171.89 0
171.89 172.16 1
172.16 172.60 3
172.60 175.81 2
175.81 175.91 3
175.91 176.18 1
176.18 176.29 3
176.29 176.54 2
176.54 176.68 0
176.68 178.10 2
178.10 178.60 3
178.60 180.58 2
180.58 180.74 0
180.74 183.72 2
183.72 183.95 3
183.95 184.04 1
184.04 184.22 3
184.22 184.68 2
184.68 184.84 0
184.84 185.56 2
185.56 186.23 0
186.23 186.78 2
186.78 187.54 0
187.54 189.78 2
189.78 190.28 3
190.28 190.45 1
190.45 190.65 3
190.65 193.42 2
193.42 193.51 0
193.51 196.53 2
196.53 196.56 0
196.56 197.97 1
197.97 198.09 3
198.09 198.89 2
198.89 199.02 0
199.02 202.61 2
202.61 203.08 0
203.08 203.69 1
203.69 203.81 0
203.81 205.01 2
205.01 205.13 0
205.13 205.48 1
205.48 206.26 3
206.26 206.80 1
206.80 206.95 3
206.95 207.63 2
207.63 207.99 3
207.99 208.95 2
208.95 210.04 3
210.04 211.92 1
211.92 212.15 3
212.15 212.62 2
212.62 212.74 3
212.74 213.76 1
213.76 213.98 0
213.98 214.18 1
214.18 214.67 3
214.67 215.51 2
215.51 216.24 3
216.24 217.02 1
217.02 217.64 3
217.64 218.35 1
218.35 218.56 3
218.56 219.59 2
219.59 220.09 0
220.09 220.93 2
220.93 221.28 0
221.28 222.14 2
222.14 222.16 0
222.16 222.55 1
222.55 222.96 0
222.96 223.56 1
223.56 224.12 3
224.12 224.17 2
224.17 224.43 0
224.43 224.61 1
224.61 224.73 3
224.73 225.03 2
225.03 225.54 3
225.54 226.35 1
226.35 227.11 3
227.11 227.42 1
227.42 227.62 0
227.62 227.73 1
227.73 228.60 3
228.60 228.86 1
228.86 229.19 0
229.19 229.69 1
229.69 229.94 3
229.94 230.14 2
230.14 230.27 0
230.27 235.39 1
235.39 236.25 0
236.25 236.36 1
236.36 236.55 3
236.55 236.72 1
236.72 236.99 3
236.99 237.30 2
237.30 237.47 3
237.47 239.26 1
239.26 239.44 0
239.44 240.93 2
240.93 241.06 0
241.06 242.80 1
242.80 242.95 0
242.95 245.00 2
245.00 245.10 3
245.10 245.35 1
245.35 245.49 0
245.49 248.32 1
248.32 248.63 0
248.63 251.98 1
251.98 252.35 0
252.35 252.46 1
252.46 252.85 3
252.85 259.04 1
259.04 259.19 3
259.19 259.49 2
259.49 259.63 3
259.63 260.67 1
260.67 261.01 0
261.01 261.72 2
261.72 262.92 3
262.92 264.07 1
264.07 264.54 0
264.54 264.94 1
264.94 265.91 3
265.91 266.02 1
266.02 266.17 0
266.17 268.31 2
268.31 268.51 3
268.51 270.17 1
270.17 270.72 0
270.72 271.25 1
271.25 271.83 3
271.83 272.08 2
272.08 272.09 0
272.09 274.57 1
274.57 274.65 3
274.65 275.04 2
275.04 275.05 3
275.05 276.64 1
276.64 277.63 3
277.63 277.73 2
277.73 278.02 0
278.02 279.31 1
279.31 279.63 0
279.63 281.35 2
281.35 281.63 0
281.63 282.47 2
282.47 282.61 0
282.61 285.53 1
285.53 285.87 0
285.87 289.10 1
289.10 289.66 0
289.66 292.79 1
292.79 293.21 3
293.21 293.44 2
293.44 293.57 0
293.57 293.68 1
293.68 294.07 3
294.07 294.31 2
294.31 294.41 0
294.41 295.50 1
295.50 295.79 3
295.79 297.77 2
297.77 297.92 3
297.92 298.15 1
298.15 298.52 3
298.52 298.65 2
298.65 299.12 3
299.12 299.54 2
299.54 300.06 0
300.06 300.86 1
300.86 301.26 0
301.26 301.77 1
301.77 302.26 0
302.26 302.29 1
302.29 303.29 3
303.29 304.05 2
304.05 304.34 0
304.34 309.02 1
309.02 309.51 0
309.51 309.56 1
309.56 310.04 3
310.04 310.20 2
310.20 310.53 3
310.53 312.64 1
312.64 312.80 0
312.80 313.54 2
313.54 313.59 3
313.59 321.18 1
321.18 321.77 0
321.77 323.62 1
323.62 324.38 0
324.38 324.76 2
324.76 325.01 3
325.01 326.36 1
326.36 326.57 3
326.57 328.64 2
328.64 328.71 0
328.71 329.06 1
329.06 329.17 3
329.17 329.41 2
329.41 329.64 0
329.64 331.86 1
331.86 332.06 3
332.06 332.39 2
332.39 332.97 0
332.97 333.38 1
333.38 334.09 3
334.09 335.20 2
335.20 335.28 0
335.28 335.53 1
335.53 336.51 3
336.51 336.97 2
336.97 337.01 0
337.01 337.56 1
337.56 338.08 3
338.08 338.37 2
338.37 338.62 0
338.62 338.88 1
338.88 339.36 3
339.36 340.03 1
340.03 340.35 0
340.35 340.82 2
340.82 341.10 0
341.10 344.77 1
344.77 345.76 2
345.76 345.92 3
345.92 347.05 1
347.05 347.20 0
347.20 350.31 1
350.31 350.39 0
350.39 350.94 1
350.94 351.49 3
351.49 353.87 1
353.87 353.96 3
353.96 354.22 2
354.22 354.86 0
354.86 355.24 1
355.24 355.33 3
355.33 355.45 2
355.45 355.96 0
355.96 358.78 1
358.78 359.26 0
359.26 359.47 2
359.47 360.35 3
360.35 363.55 1
363.55 364.52 3
364.52 365.61 2
365.61 365.82 3
365.82 367.39 1
367.39 367.61 0
367.61 369.73 1
369.73 369.88 0
369.88 370.64 2
370.64 370.86 3
370.86 375.15 1
375.15 375.65 0
375.65 377.43 1
377.43 378.05 0
378.05 379.14 1
379.14 379.43 3
379.43 379.83 1
379.83 380.58 0
380.58 380.68 1
380.68 380.89 3
380.89 381.24 2
381.24 381.71 3
381.71 383.06 1
383.06 383.27 0
383.27 383.83 1
383.83 383.95 3
383.95 384.75 2
384.75 384.78 0
384.78 386.74 1
386.74 386.86 3
386.86 387.48 2
387.48 389.12 1
389.12 390.24 0
390.24 390.64 1
390.64 390.82 3
390.82 390.97 2
390.97 391.22 3
391.22 393.50 1
393.50 393.59 3
393.59 394.34 2
394.34 394.54 3
394.54 396.88 1
396.88 396.92 0
396.92 397.81 2
397.81 397.91 3
397.91 401.40 1
401.40 401.87 0
401.87 403.39 1
403.39 403.88 3
403.88 404.30 2
404.30 405.00 0
405.00 407.41 1
407.41 407.72 0
407.72 407.98 1
407.98 408.67 3
408.67 410.09 1
410.09 411.96 3
411.96 412.28 2
412.28 412.43 3
412.43 415.88 1
415.88 415.97 0
415.97 420.48 1
420.48 421.25 0
421.25 421.54 1
421.54 421.77 3
421.77 421.89 1
421.89 422.02 0
422.02 425.35 1
425.35 426.27 0
426.27 426.34 2
426.34 426.66 3
426.66 426.91 2
426.91 427.84 3
427.84 431.55 1
431.55 431.80 3
431.80 432.34 2
432.34 432.81 3
432.81 433.55 1
433.55 433.81 2
433.81 434.45 3
434.45 435.46 2
435.46 435.92 3
435.92 437.21 1
437.21 437.43 0
437.43 438.88 2
438.88 439.07 3
439.07 439.71 1
439.71 439.90 0
439.90 440.37 2
440.37 440.45 3
440.45 442.00 1
442.00 442.81 0
442.81 443.30 2
443.30 443.50 0
443.50 444.82 2
444.82 445.31 0
445.31 445.67 1
445.67 445.79 3
445.79 448.53 2
448.53 449.06 0
449.06 450.33 2
450.33 450.47 3
450.47 450.90 1
450.90 454.83 2
454.83 455.71 0
455.71 457.81 2
457.81 457.94 0
457.94 459.98 2
459.98 460.17 0
460.17 462.13 2
462.13 463.21 1
463.21 463.32 3
463.32 466.29 2
466.29 466.30 0
466.30 467.47 1
467.47 468.17 3
468.17 469.17 1
469.17 469.18 0
469.18 473.39 2
473.39 473.72 3
473.72 473.90 1
473.90 474.42 3
474.42 475.05 1
475.05 475.22 3
475.22 475.38 2
475.38 476.29 0
476.29 478.93 2
478.93 479.39 0
479.39 479.76 1
479.76 479.92 3
479.92 481.22 2
481.22 481.35 0
481.35 482.23 1
482.23 482.32 0
482.32 483.82 1
483.82 484.02 0
484.02 486.92 2
486.92 487.09 0
487.09 487.49 1
487.49 487.70 0
487.70 487.82 2
487.82 488.16 3
488.16 488.53 2
488.53 488.66 0
488.66 489.56 1
489.56 489.83 0
489.83 491.57 1
491.57 491.58 0
491.58 492.32 2
492.32 492.47 3
492.47 492.72 1
492.72 493.35 3
493.35 495.18 2
495.18 495.32 3
495.32 497.78 1
497.78 498.55 0
498.55 499.73 2
499.73 499.99 3
499.99 500.99 1
500.99 501.18 3
501.18 501.32 1
501.32 501.54 0
501.54 503.32 2
503.32 503.75 3
503.75 504.40 2
504.40 504.57 3
504.57 506.28 2
506.28 506.43 0
506.43 508.32 1
508.32 508.38 3
508.38 508.72 2
508.72 509.02 0
509.02 511.99 1
511.99 512.29 0
512.29 512.83 2
512.83 513.21 0
513.21 513.33 1
513.33 513.60 3
513.60 514.03 2
514.03 514.34 3
514.34 515.82 1
515.82 515.85 0
515.85 516.76 2
516.76 516.93 3
516.93 521.28 1
521.28 522.19 3
522.19 523.75 1
523.75 523.92 0
523.92 524.70 2
524.70 524.85 3
524.85 526.25 1
526.25 526.87 0
526.87 527.52 2
527.52 527.56 0
527.56 528.52 1
528.52 528.65 3
528.65 528.73 2
528.73 528.98 0
528.98 531.16 1
531.16 531.50 3
531.50 532.52 1
532.52 532.67 3
532.67 533.18 2
533.18 533.37 3
533.37 533.90 1
533.90 534.29 3
534.29 534.52 2
534.52 534.57 0
534.57 536.00 1
536.00 536.14 0
536.14 540.64 1
540.64 540.87 0
540.87 542.72 1
542.72 542.94 0
542.94 544.00 1
544.00 544.45 3
544.45 544.62 1
544.62 544.86 3
544.86 545.71 2
545.71 549.72 1
549.72 550.20 0
550.20 550.50 2
550.50 551.45 3
551.45 554.02 1
554.02 554.59 3
554.59 555.34 1
555.34 556.29 0
556.29 558.09 1
558.09 558.67 3
558.67 558.83 1
558.83 559.55 0
559.55 559.85 2
559.85 559.92 0
559.92 562.58 1
562.58 562.99 0
562.99 566.15 1
566.15 566.25 3
566.25 566.84 2
566.84 566.86 3
566.86 570.18 1
570.18 570.24 3
570.24 571.76 2
571.76 572.47 0
572.47 572.71 1
572.71 573.01 3
573.01 574.56 2
574.56 574.69 0
574.69 576.84 1
576.84 577.46 3
577.46 578.36 2
578.36 578.71 3
578.71 578.89 1
578.89 579.37 3
579.37 582.59 2
582.59 583.06 3
583.06 583.51 1
583.51 583.65 3
583.65 584.56 2
584.56 584.67 3
584.67 585.58 1
585.58 586.19 3
586.19 586.95 2
586.95 587.09 3
587.09 587.54 1
587.54 589.73 3
589.73 590.91 1
590.91 592.08 0
592.08 596.59 1
596.59 597.08 0
597.08 598.44 2
598.44 598.56 3
598.56 599.04 1
599.04 599.42 3
599.42 602.41 2
