0.00 3.48 1
3.48 5.20 0
5.20 7.09 1
7.09 7.46 0
7.46 7.60 2
7.60 8.07 3
8.07 12.16 1
12.16 13.12 0
13.12 16.71 1
16.71 17.16 0
17.16 20.25 1
20.25 20.61 0
20.61 21.23 2
21.23 21.41 0
21.41 25.15 1
25.15 26.42 0
26.42 30.12 1
30.12 30.72 0
30.72 31.40 2
31.40 31.48 3
31.48 33.38 1
33.38 34.30 0
34.30 37.64 1
37.64 38.49 0
38.49 43.09 1
43.09 43.83 0
43.83 47.30 1
47.30 47.81 0
47.81 48.26 2
48.26 48.30 0
48.30 54.50 1
54.50 54.84 0
54.84 55.37 2
55.37 55.78 3
55.78 56.10 1
56.10 56.34 0
56.34 58.48 2
58.48 58.99 3
58.99 59.45 1
59.45 59.56 3
59.56 62.26 2
62.26 62.45 0
62.45 63.03 1
63.03 63.14 0
63.14 64.82 2
64.82 65.39 3
65.39 66.16 1
66.16 67.84 0
67.84 72.89 1
72.89 73.78 0
73.78 79.27 1
79.27 79.61 0
79.61 84.30 1
84.30 84.94 0
84.94 88.55 1
88.55 89.10 0
89.10 92.96 1
92.96 93.98 0
93.98 99.15 1
99.15 99.98 0
99.98 103.04 1
103.04 103.89 0
103.89 106.98 1
106.98 108.39 0
108.39 115.11 1
115.11 115.74 0
115.74 115.92 2
115.92 115.97 0
115.97 116.49 1
116.49 116.96 0
116.96 118.97 2
118.97 119.09 0
119.09 120.49 1
120.49 120.85 0
120.85 121.25 2
121.25 121.86 0
121.86 128.37 1
128.37 128.99 0
128.99 129.54 2
129.54 130.13 3
130.13 134.07 1
134.07 134.78 0
134.78 137.26 1
137.26 137.69 0
137.69 138.53 2
138.53 138.93 3
138.93 142.07 1
142.07 142.80 0
142.80 145.83 1
145.83 146.18 0
146.18 146.45 2
146.45 149.53 0
149.53 153.47 1
153.47 154.26 0
154.26 156.55 1
156.55 157.56 0
157.56 158.21 2
158.21 158.52 0
158.52 162.65 1
162.65 162.81 3
162.81 163.02 2
163.02 163.91 3
163.91 166.55 1
166.55 167.02 3
167.02 167.87 1
167.87 168.56 0
168.56 172.25 1
172.25 172.34 3
172.34 173.28 2
173.28 173.41 3
173.41 173.70 1
173.70 174.41 3
174.41 175.21 2
175.21 175.45 3
175.45 177.43 1
177.43 177.63 0
177.63 178.61 2
178.61 179.02 3
179.02 179.42 1
179.42 179.61 0
179.61 180.13 2
180.13 180.61 0
180.61 181.73 1
181.73 181.91 0
181.91 183.45 2
183.45 183.75 3
183.75 184.96 1
184.96 185.05 3
185.05 187.16 2
187.16 187.33 0
187.33 189.89 1
189.89 190.95 0
190.95 192.40 2
192.40 193.03 0
193.03 194.36 1
194.36 194.64 0
194.64 195.16 2
195.16 195.56 0
195.56 197.57 1
197.57 200.19 0
200.19 202.79 2
202.79 203.39 1
203.39 204.13 0
204.13 209.03 2
209.03 211.20 0
211.20 213.49 2
213.49 213.53 3
213.53 213.76 1
213.76 214.55 3
214.55 214.91 2
214.91 215.11 3
215.11 215.68 1
215.68 216.95 0
216.95 218.67 1
218.67 219.13 3
219.13 219.18 1
219.18 220.65 0
220.65 221.92 1
221.92 222.08 3
222.08 222.46 2
222.46 222.51 0
222.51 225.26 1
225.26 226.34 0
226.34 229.44 1
229.44 229.99 0
229.99 233.08 1
233.08 233.78 0
233.78 235.98 1
235.98 236.69 0
236.69 239.00 2
239.00 239.46 0
239.46 247.02 2
247.02 248.74 0
248.74 251.90 1
251.90 254.00 0
254.00 257.23 1
257.23 259.19 0
259.19 260.71 1
260.71 260.80 3
260.80 261.19 2
261.19 261.49 0
261.49 263.07 1
263.07 263.50 0
263.50 264.53 2
264.53 264.54 3
264.54 266.16 1
266.16 267.33 0
267.33 268.62 1
268.62 269.07 0
269.07 269.45 2
269.45 269.65 0
269.65 271.31 1
271.31 271.80 0
271.80 272.08 2
272.08 274.12 0
274.12 277.84 1
277.84 278.70 0
278.70 281.91 1
281.91 283.86 0
283.86 289.27 1
289.27 289.87 0
289.87 292.78 1
292.78 293.83 0
293.83 294.08 2
294.08 294.12 3
294.12 301.13 1
301.13 301.49 3
301.49 302.46 2
302.46 303.03 3
303.03 303.48 1
303.48 303.53 0
303.53 304.73 2
304.73 305.02 0
305.02 305.52 2
305.52 306.01 0
306.01 306.28 1
306.28 306.65 3
306.65 310.20 2
310.20 310.30 3
310.30 310.76 1
310.76 310.90 3
310.90 311.19 2
311.19 311.20 0
311.20 312.49 1
312.49 312.65 3
312.65 312.78 2
312.78 313.01 3
313.01 314.09 1
314.09 314.69 3
314.69 315.25 2
315.25 315.32 3
315.32 320.30 1
320.30 320.67 0
320.67 322.12 1
322.12 322.66 0
322.66 328.78 1
328.78 329.51 0
329.51 332.09 1
332.09 332.92 0
332.92 335.46 1
335.46 335.91 0
335.91 339.69 1
339.69 340.12 0
340.12 340.27 2
340.27 340.54 3
340.54 345.34 1
345.34 346.38 0
346.38 348.79 1
348.79 349.47 0
349.47 349.62 1
349.62 349.82 3
349.82 353.23 1
353.23 353.94 0
353.94 358.43 1
358.43 359.43 0
359.43 365.74 1
365.74 366.89 0
366.89 370.00 1
370.00 370.09 3
370.09 370.32 2
370.32 370.34 0
370.34 373.05 1
373.05 374.30 0
374.30 378.00 1
378.00 378.33 0
378.33 382.12 1
382.12 382.80 0
382.80 385.47 1
385.47 385.64 3
385.64 386.79 2
386.79 387.39 0
387.39 390.11 1
390.11 390.30 0
390.30 390.70 2
390.70 391.61 3
391.61 392.20 1
392.20 392.31 3
392.31 392.81 2
392.81 394.06 3
394.06 395.63 1
395.63 397.24 0
397.24 405.44 1
405.44 407.83 0
407.83 411.08 1
411.08 412.72 0
412.72 414.45 1
414.45 414.82 0
414.82 417.70 2
417.70 417.76 3
417.76 418.39 1
418.39 418.78 3
418.78 419.73 2
419.73 419.87 0
419.87 420.65 1
420.65 421.06 0
421.06 422.15 2
422.15 422.68 3
422.68 423.70 2
423.70 424.43 0
424.43 425.06 1
425.06 425.41 0
425.41 426.09 2
426.09 426.10 3
426.10 426.65 1
426.65 427.27 0
427.27 429.89 2
429.89 431.23 0
431.23 432.19 2
432.19 432.94 0
432.94 434.19 1
434.19 434.82 0
434.82 435.11 2
435.11 435.35 0
435.35 439.51 1
439.51 439.99 0
439.99 447.37 1
447.37 448.11 0
448.11 453.34 1
453.34 453.77 0
453.77 455.80 1
455.80 456.88 0
456.88 461.45 1
461.45 462.84 0
462.84 466.28 1
466.28 467.34 0
467.34 467.62 2
467.62 468.15 0
468.15 469.19 1
469.19 470.04 0
470.04 475.07 1
475.07 477.09 0
477.09 483.98 1
483.98 484.70 0
484.70 484.99 2
484.99 485.20 0
485.20 486.17 1
486.17 487.13 0
487.13 487.94 2
487.94 487.96 0
487.96 489.39 1
489.39 490.28 0
490.28 491.38 2
491.38 491.45 0
491.45 492.23 1
492.23 496.22 0
496.22 498.14 2
498.14 498.23 3
498.23 498.62 1
498.62 499.90 0
499.90 500.44 2
500.44 500.61 0
500.61 500.91 1
500.91 502.87 0
502.87 504.33 1
504.33 506.03 0
506.03 507.18 1
507.18 512.11 0
512.11 516.35 1
516.35 517.50 0
517.50 520.49 1
520.49 521.97 0
521.97 526.63 1
526.63 527.01 0
527.01 529.95 1
529.95 531.22 0
531.22 531.28 1
531.28 531.43 3
531.43 532.84 2
532.84 533.95 3
533.95 534.60 1
534.60 535.47 0
535.47 540.85 1
540.85 541.84 0
541.84 545.07 1
545.07 546.34 0
546.34 548.72 1
548.72 549.43 0
549.43 553.29 1
553.29 553.73 0
553.73 554.09 2
554.09 554.22 0
554.22 554.93 1
554.93 555.61 0
555.61 556.14 2
556.14 556.26 0
556.26 561.23 1
561.23 561.56 0
561.56 562.84 1
562.84 563.32 3
563.32 564.21 2
564.21 564.72 3
564.72 570.09 1
570.09 571.89 0
571.89 573.99 1
573.99 576.45 0
576.45 579.94 1
579.94 582.81 0
582.81 584.90 1
584.90 585.87 0
585.87 589.04 1
589.04 591.25 0
591.25 595.03 1
595.03 595.44 3
595.44 596.44 2
596.44 596.56 3
596.56 596.74 1
596.74 596.79 3
596.79 597.54 2
597.54 598.20 1
598.20 600.16 0
600.16 601.63 2
601.63 602.70 0
602.70 604.36 2
604.36 604.61 0
604.61 609.58 2
609.58 609.70 0
609.70 612.36 2
612.36 612.69 0
612.69 613.94 1
613.94 614.04 0
614.04 614.42 2
614.42 614.60 3
614.60 614.92 1
614.92 615.04 3
615.04 615.17 2
615.17 615.28 3
615.28 616.67 1
616.67 616.75 3
616.75 618.58 2
618.58 619.16 0
619.16 620.80 1
620.80 620.85 0
620.85 621.84 2
621.84 622.40 3
622.40 622.41 2
622.41 622.73 0
622.73 623.88 2
623.88 624.48 0
624.48 626.28 1
626.28 626.61 0
626.61 627.22 2
