0.00 3.68 1
3.68 4.17 3
4.17 4.27 1
4.27 4.53 0
4.53 6.90 1
6.90 7.02 0
7.02 7.45 2
7.45 7.59 3
7.59 8.61 1
8.61 9.44 0
9.44 9.90 1
9.90 10.32 0
10.32 14.38 1
14.38 15.15 0
15.15 18.04 1
18.04 18.15 0
18.15 19.30 2
19.30 19.95 0
19.95 20.86 1
20.86 21.03 0
21.03 21.60 2
21.60 22.01 0
22.01 22.02 2
22.02 22.61 3
22.61 23.03 1
23.03 23.16 3
23.16 23.72 2
23.72 24.24 3
24.24 25.95 1
25.95 27.01 0
27.01 27.65 1
27.65 28.82 0
28.82 31.52 1
31.52 31.71 0
31.71 32.29 2
32.29 32.69 0
32.69 35.33 1
35.33 36.22 0
36.22 36.73 1
36.73 36.88 0
36.88 41.48 1
41.48 41.65 0
41.65 41.98 2
41.98 42.33 3
42.33 43.25 1
43.25 43.81 3
43.81 44.15 2
44.15 44.38 3
44.38 44.97 1
44.97 45.19 0
45.19 45.76 2
45.76 45.83 3
45.83 47.70 1
47.70 48.18 0
48.18 49.84 1
49.84 49.90 3
49.90 50.73 2
50.73 51.02 0
51.02 51.93 3
51.93 54.96 1
54.96 55.04 3
55.04 55.65 2
55.65 55.75 3
55.75 59.35 1
59.35 60.16 0
60.16 63.06 1
63.06 63.25 3
63.25 64.19 2
64.19 64.56 3
64.56 65.32 2
65.32 65.69 3
65.69 65.75 1
65.75 66.15 0
66.15 68.37 2
68.37 68.94 3
68.94 69.23 2
69.23 69.27 0
69.27 70.72 2
70.72 70.84 0
70.84 73.09 1
73.09 73.26 0
73.26 75.33 1
75.33 75.62 0
75.62 75.94 2
75.94 76.17 3
76.17 77.10 2
77.10 78.17 3
78.17 78.77 2
78.77 78.82 3
78.82 79.61 1
79.61 79.92 0
79.92 81.46 1
81.46 82.13 0
82.13 84.04 1
84.04 85.33 3
85.33 87.13 2
87.13 87.28 3
87.28 87.66 1
87.66 87.92 0
87.92 89.00 2
89.00 89.10 0
89.10 89.50 1
89.50 90.22 0
90.22 92.14 1
92.14 92.31 0
92.31 93.78 2
93.78 93.89 3
93.89 94.28 1
94.28 94.37 3
94.37 94.62 2
94.62 95.11 3
95.11 95.46 1
95.46 96.05 0
96.05 100.17 1
100.17 100.29 3
100.29 100.74 2
100.74 101.30 0
101.30 104.72 1
104.72 105.08 0
105.08 107.98 1
107.98 109.00 0
109.00 109.49 1
109.49 109.62 3
109.62 111.58 2
111.58 112.35 0
112.35 114.88 1
114.88 115.90 0
115.90 117.84 1
117.84 118.95 0
118.95 121.99 1
121.99 122.36 3
122.36 122.63 2
122.63 122.93 0
122.93 126.62 1
126.62 126.75 3
126.75 127.13 2
127.13 128.25 0
128.25 130.55 2
130.55 130.76 0
130.76 131.23 1
131.23 131.37 3
131.37 133.18 2
133.18 133.28 3
133.28 133.72 1
133.72 133.84 3
133.84 135.96 2
135.96 136.15 0
136.15 138.59 2
138.59 138.83 0
138.83 139.67 1
139.67 139.70 0
139.70 140.23 2
140.23 140.33 3
140.33 140.66 1
140.66 141.25 0
141.25 144.07 1
144.07 144.19 0
144.19 144.93 1
144.93 145.14 3
145.14 147.89 2
147.89 147.99 0
147.99 150.46 1
150.46 150.83 3
150.83 154.40 2
154.40 154.80 3
154.80 157.05 1
157.05 157.16 3
157.16 157.69 2
157.69 158.49 0
158.49 163.58 1
163.58 163.74 0
163.74 164.24 2
164.24 164.44 0
164.44 167.92 1
167.92 168.43 0
168.43 170.45 1
170.45 171.11 3
171.11 171.83 2
171.83 172.13 3
172.13 173.05 2
173.05 173.40 3
173.40 174.05 1
174.05 174.91 0
174.91 176.71 1
176.71 177.13 3
177.13 178.85 1
178.85 179.49 0
179.49 181.16 1
181.16 181.25 3
181.25 184.28 2
184.28 184.32 0
184.32 184.68 1
184.68 185.01 0
185.01 185.50 2
185.50 185.57 0
185.57 187.92 1
187.92 188.08 0
188.08 191.98 2
191.98 192.92 0
192.92 196.81 1
196.81 197.02 3
197.02 197.37 2
197.37 197.63 0
197.63 201.82 1
201.82 202.41 0
202.41 203.90 1
203.90 204.17 0
204.17 204.57 2
204.57 204.63 0
204.63 207.17 1
207.17 207.33 0
207.33 207.76 2
207.76 207.80 3
207.80 210.50 1
210.50 210.61 3
210.61 211.24 2
211.24 211.46 3
211.46 213.35 1
213.35 213.74 3
213.74 213.91 2
213.91 214.21 0
214.21 214.38 1
214.38 215.05 3
215.05 219.48 2
219.48 219.81 0
219.81 224.18 2
224.18 224.49 0
224.49 226.56 2
226.56 226.98 0
226.98 229.50 1
229.50 229.70 0
229.70 231.16 1
231.16 231.23 0
231.23 233.48 1
233.48 233.69 0
233.69 234.17 2
234.17 234.33 0
234.33 236.85 1
236.85 237.33 0
237.33 238.05 1
238.05 238.41 0
238.41 239.00 1
239.00 239.07 0
239.07 239.37 2
239.37 239.49 3
239.49 241.02 1
241.02 241.35 0
241.35 243.57 1
243.57 243.81 0
243.81 244.03 2
244.03 244.14 3
244.14 246.46 1
246.46 246.82 0
246.82 248.04 1
248.04 248.21 3
248.21 248.66 2
248.66 248.98 0
248.98 252.45 1
252.45 253.01 0
253.01 255.30 1
255.30 255.56 3
255.56 255.81 2
255.81 256.24 0
256.24 258.68 1
258.68 258.95 0
258.95 259.06 2
259.06 259.86 3
259.86 260.52 1
260.52 260.82 0
260.82 263.38 1
263.38 263.55 3
263.55 264.32 2
264.32 264.40 3
264.40 267.41 1
267.41 267.54 0
267.54 270.16 1
270.16 270.38 3
270.38 271.57 2
271.57 271.64 0
271.64 274.67 1
274.67 274.98 0
274.98 275.33 2
275.33 275.44 3
275.44 276.76 1
276.76 277.15 0
277.15 278.04 2
278.04 278.43 3
278.43 279.17 1
279.17 279.25 3
279.25 279.86 2
279.86 280.23 0
280.23 282.32 1
282.32 282.82 0
282.82 283.88 1
283.88 284.35 0
284.35 286.42 1
286.42 286.46 0
286.46 288.89 1
288.89 288.93 0
288.93 291.49 1
291.49 291.71 0
291.71 293.06 1
293.06 293.45 0
293.45 295.70 1
295.70 295.81 3
295.81 296.38 2
296.38 296.44 3
296.44 298.17 1
298.17 298.33 3
298.33 298.77 2
298.77 299.80 3
299.80 300.07 1
300.07 300.30 0
300.30 300.58 2
300.58 301.15 0
301.15 304.10 1
304.10 305.19 0
305.19 306.71 1
306.71 306.87 0
306.87 308.42 1
308.42 308.75 0
308.75 309.01 2
309.01 309.32 3
309.32 310.86 1
310.86 311.20 0
311.20 312.63 1
312.63 313.63 0
313.63 319.24 1
319.24 320.08 0
320.08 323.61 1
323.61 323.72 3
323.72 325.83 2
325.83 325.85 3
325.85 326.87 1
326.87 327.01 3
327.01 327.72 2
327.72 328.29 0
328.29 328.81 1
328.81 329.50 0
329.50 332.85 1
332.85 332.87 3
332.87 334.90 2
334.90 335.17 3
335.17 339.44 2
339.44 340.22 0
340.22 342.34 1
342.34 342.43 3
342.43 343.78 2
343.78 343.86 3
343.86 345.30 1
345.30 345.45 3
345.45 347.14 2
347.14 347.26 0
347.26 353.54 1
353.54 353.69 0
353.69 356.25 2
356.25 356.86 0
356.86 361.42 1
361.42 362.03 0
362.03 363.74 1
363.74 364.26 3
364.26 365.39 1
365.39 365.91 3
365.91 366.37 1
366.37 366.39 0
366.39 367.47 2
367.47 367.76 3
367.76 368.31 2
368.31 369.54 0
369.54 370.00 1
370.00 370.64 0
370.64 374.86 1
374.86 375.81 0
375.81 378.67 1
378.67 379.11 3
379.11 380.82 1
380.82 381.11 3
381.11 381.34 2
381.34 383.01 0
383.01 384.95 1
384.95 385.68 0
385.68 390.77 1
390.77 390.89 0
390.89 393.23 2
393.23 393.27 3
393.27 393.67 1
393.67 394.77 0
394.77 395.94 1
395.94 396.42 0
396.42 399.90 1
399.90 400.72 0
400.72 406.22 1
406.22 406.49 3
406.49 409.95 2
409.95 410.04 0
410.04 410.52 1
410.52 410.62 0
410.62 413.69 2
413.69 414.10 0
414.10 414.25 1
414.25 415.67 3
415.67 416.09 2
416.09 416.40 0
416.40 418.00 1
418.00 418.53 3
418.53 420.19 2
420.19 420.38 0
420.38 421.90 1
421.90 422.24 0
422.24 423.99 2
423.99 425.28 3
425.28 426.85 1
426.85 428.75 3
428.75 429.10 2
429.10 430.27 0
430.27 436.34 1
436.34 436.54 0
436.54 442.66 1
442.66 443.36 0
443.36 445.12 2
445.12 445.51 3
445.51 446.08 2
446.08 446.58 0
446.58 447.58 1
447.58 448.54 0
448.54 451.71 2
451.71 451.75 0
451.75 452.35 1
452.35 452.67 0
452.67 456.07 2
456.07 456.09 3
456.09 456.48 1
456.48 456.50 3
456.50 457.69 2
457.69 458.53 0
458.53 465.39 2
465.39 465.45 0
465.45 465.87 1
465.87 466.70 0
466.70 469.89 2
469.89 470.54 3
470.54 471.00 1
471.00 471.12 3
471.12 472.83 2
472.83 473.27 3
473.27 474.73 1
474.73 474.83 3
474.83 477.05 2
477.05 477.32 0
477.32 477.90 1
477.90 478.03 3
478.03 479.80 2
479.80 479.92 0
479.92 480.57 1
480.57 481.26 0
481.26 481.86 2
481.86 483.66 0
483.66 486.66 2
486.66 487.28 0
487.28 488.65 1
488.65 489.11 3
489.11 490.16 0
490.16 490.45 2
490.45 490.75 0
490.75 492.31 2
492.31 492.62 0
492.62 495.48 2
495.48 495.99 0
495.99 498.02 2
498.02 498.21 0
498.21 498.81 1
498.81 499.12 3
499.12 503.39 2
503.39 503.90 0
503.90 504.37 1
504.37 504.61 0
504.61 505.38 2
505.38 505.42 3
505.42 505.66 1
505.66 505.96 0
505.96 509.04 2
509.04 509.31 0
509.31 509.61 1
509.61 510.82 3
510.82 511.06 2
511.06 511.50 0
511.50 511.93 1
511.93 512.09 3
512.09 514.39 2
514.39 514.81 0
514.81 515.50 1
515.50 516.03 0
516.03 518.52 2
518.52 518.64 0
518.64 520.90 2
520.90 521.26 3
521.26 522.00 2
522.00 522.40 0
522.40 526.69 1
526.69 527.63 0
527.63 530.88 1
530.88 530.93 0
530.93 533.02 1
533.02 533.26 0
533.26 534.47 2
534.47 535.13 3
535.13 538.42 1
538.42 538.75 3
538.75 538.96 2
538.96 539.31 0
539.31 543.67 1
543.67 544.47 0
544.47 545.59 1
545.59 545.64 0
545.64 547.79 2
547.79 547.90 0
547.90 548.32 1
548.32 548.38 3
548.38 549.64 2
549.64 549.75 0
549.75 551.89 1
551.89 552.12 0
552.12 554.37 1
554.37 554.57 3
554.57 554.81 2
554.81 555.29 0
555.29 557.37 1
557.37 557.51 3
557.51 557.74 2
557.74 557.81 3
557.81 558.86 1
558.86 559.36 0
559.36 561.10 1
561.10 561.20 3
561.20 564.50 2
564.50 564.67 0
564.67 564.99 1
564.99 565.30 0
565.30 565.74 2
565.74 566.02 0
566.02 569.47 1
569.47 569.95 0
569.95 570.42 2
570.42 570.53 3
570.53 574.35 1
574.35 574.62 3
574.62 574.70 2
574.70 575.51 0
575.51 576.57 1
576.57 576.86 0
576.86 581.36 1
581.36 581.44 3
581.44 582.29 2
582.29 583.10 3
583.10 585.03 1
585.03 586.41 0
586.41 589.49 1
589.49 589.57 3
589.57 589.77 2
589.77 590.03 3
590.03 590.74 1
590.74 591.39 0
591.39 594.23 1
594.23 594.58 3
594.58 596.78 2
596.78 598.39 0
598.39 599.56 1
599.56 600.06 0
600.06 602.57 2
