0.00 1.56 2
1.56 1.71 0
1.71 2.78 1
2.78 3.01 3
3.01 3.18 2
3.18 3.47 0
3.47 4.38 1
4.38 4.93 3
4.93 7.24 2
7.24 7.83 0
7.83 11.83 2
11.83 11.95 3
11.95 12.15 1
12.15 12.44 0
12.44 14.83 2
14.83 15.05 3
15.05 15.08 1
15.08 15.32 3
15.32 18.58 2
18.58 18.70 3
18.70 20.25 1
20.25 20.33 0
20.33 25.33 1
25.33 26.37 0
26.37 29.76 2
29.76 29.96 3
29.96 32.93 1
32.93 33.73 0
33.73 34.57 1
34.57 34.68 3
34.68 37.95 2
37.95 38.06 0
38.06 42.95 1
42.95 43.08 0
43.08 43.91 2
43.91 44.21 3
44.21 47.83 1
47.83 47.87 0
47.87 50.76 1
50.76 50.79 3
50.79 51.78 2
51.78 52.68 3
52.68 53.09 1
53.09 53.90 3
53.90 54.42 2
54.42 54.80 3
54.80 59.04 1
59.04 59.20 0
59.20 61.53 1
61.53 61.89 0
61.89 64.63 1
64.63 65.13 3
65.13 68.86 2
68.86 68.95 0
68.95 69.20 3
69.20 70.92 2
70.92 71.19 0
71.19 71.59 1
71.59 74.40 2
74.40 74.49 0
74.49 74.80 1
74.80 74.98 3
74.98 76.21 2
76.21 76.27 0
76.27 76.93 1
76.93 77.08 3
77.08 79.58 2
79.58 79.95 0
79.95 80.09 1
80.09 80.36 3
80.36 82.37 2
82.37 83.01 0
83.01 85.21 2
85.21 85.66 0
85.66 85.86 1
85.86 86.23 3
86.23 86.42 2
86.42 86.55 0
86.55 88.98 1
88.98 89.16 0
89.16 90.16 2
90.16 90.19 0
90.19 90.75 1
90.75 91.02 0
91.02 91.11 2
91.11 91.17 3
91.17 92.32 1
92.32 92.81 3
92.81 93.68 2
93.68 94.00 0
94.00 94.01 1
94.01 94.29 3
94.29 95.23 2
95.23 95.63 0
95.63 95.88 1
95.88 96.15 0
96.15 96.30 2
96.30 96.45 3
96.45 100.33 1
100.33 100.76 3
100.76 102.23 1
102.23 103.03 0
103.03 104.05 1
104.05 104.62 0
104.62 110.50 1
110.50 110.80 0
110.80 110.95 1
110.95 111.20 3
111.20 115.02 1
115.02 115.50 3
115.50 115.94 2
115.94 116.40 3
116.40 117.86 1
117.86 119.15 3
119.15 120.55 2
120.55 120.70 3
120.70 121.20 1
121.20 121.56 3
121.56 122.54 2
122.54 122.79 0
122.79 125.04 1
125.04 125.33 3
125.33 126.64 2
126.64 127.17 0
127.17 128.28 1
128.28 129.83 3
129.83 130.51 2
130.51 130.77 0
130.77 137.18 1
137.18 137.88 3
137.88 138.45 2
138.45 138.92 0
138.92 145.81 1
145.81 146.03 0
146.03 150.45 1
150.45 150.92 0
150.92 151.12 2
151.12 151.21 3
151.21 153.96 1
153.96 154.26 3
154.26 155.62 2
155.62 158.46 3
158.46 158.49 1
158.49 159.13 0
159.13 159.92 2
159.92 161.36 3
161.36 161.38 2
161.38 161.76 0
161.76 164.00 2
164.00 165.20 3
165.20 165.50 2
165.50 165.91 0
165.91 168.97 2
168.97 168.98 3
168.98 169.68 1
169.68 169.80 0
169.80 171.06 2
171.06 171.12 0
171.12 171.97 1
171.97 172.42 0
172.42 176.93 1
176.93 177.02 0
177.02 180.50 1
180.50 180.94 0
180.94 185.95 1
185.95 186.01 0
186.01 192.41 1
192.41 192.71 3
192.71 196.22 2
196.22 196.56 0
196.56 196.74 1
196.74 196.86 3
196.86 203.54 2
203.54 203.75 0
203.75 204.42 2
204.42 204.69 0
204.69 204.75 2
204.75 205.72 3
205.72 207.81 2
207.81 208.34 0
208.34 208.58 1
208.58 209.17 3
209.17 211.00 2
211.00 211.57 0
211.57 211.82 3
211.82 211.99 2
211.99 212.79 0
212.79 213.01 1
213.01 213.63 0
213.63 214.61 2
214.61 215.19 0
215.19 215.31 1
215.31 215.44 3
215.44 220.00 2
220.00 220.33 0
220.33 220.58 3
220.58 220.88 2
220.88 220.93 0
220.93 221.15 1
221.15 221.62 3
221.62 223.66 2
223.66 224.05 0
224.05 226.61 2
226.61 226.81 0
226.81 227.93 1
227.93 227.94 3
227.94 229.41 2
229.41 229.67 3
229.67 231.15 1
231.15 231.30 3
231.30 233.74 2
233.74 234.00 3
234.00 234.40 1
234.40 234.58 3
234.58 239.63 2
239.63 240.14 0
240.14 241.41 2
241.41 241.93 0
241.93 246.95 2
246.95 247.10 3
247.10 247.19 1
247.19 247.24 3
247.24 249.81 2
249.81 249.99 0
249.99 250.41 1
250.41 250.66 3
250.66 250.98 2
250.98 252.19 3
252.19 252.49 1
252.49 252.54 3
252.54 258.50 2
258.50 258.90 0
258.90 258.96 2
258.96 259.87 3
259.87 266.81 2
266.81 267.04 3
267.04 267.41 1
267.41 268.09 3
268.09 271.32 2
271.32 271.85 0
271.85 272.90 1
272.90 273.56 3
273.56 273.94 2
273.94 274.39 3
274.39 274.72 1
274.72 275.14 0
275.14 277.26 2
277.26 277.37 0
277.37 279.03 1
279.03 279.13 0
279.13 281.15 2
281.15 281.16 3
281.16 281.31 1
281.31 281.33 3
281.33 283.67 2
283.67 284.01 3
284.01 284.25 2
284.25 284.35 0
284.35 284.62 2
284.62 284.90 0
284.90 285.11 1
285.11 285.21 3
285.21 287.08 2
287.08 288.04 3
288.04 288.63 1
288.63 289.68 3
289.68 291.22 2
291.22 291.27 0
291.27 299.06 1
299.06 299.69 0
299.69 300.04 1
300.04 300.87 3
300.87 303.96 1
303.96 304.30 3
304.30 304.35 2
304.35 304.65 3
304.65 306.62 1
306.62 307.42 0
307.42 313.31 1
313.31 313.37 3
313.37 313.88 2
313.88 314.63 3
314.63 317.19 1
317.19 317.55 0
317.55 317.59 2
317.59 318.76 3
318.76 321.33 1
321.33 321.35 0
321.35 325.53 1
325.53 325.87 3
325.87 326.96 0
326.96 327.19 1
327.19 327.66 3
327.66 329.05 2
329.05 329.30 3
329.30 333.97 1
333.97 334.39 0
334.39 334.87 2
334.87 334.88 3
334.88 342.30 1
342.30 342.97 0
342.97 349.22 1
349.22 349.53 3
349.53 349.90 2
349.90 350.21 0
350.21 352.07 1
352.07 352.28 0
352.28 353.50 1
353.50 354.07 0
354.07 359.22 1
359.22 359.74 3
359.74 360.49 2
360.49 360.64 3
360.64 361.04 1
361.04 361.45 3
361.45 366.18 1
366.18 367.06 0
367.06 375.21 1
375.21 375.92 0
375.92 381.61 1
381.61 382.22 0
382.22 388.65 1
388.65 389.11 0
389.11 392.46 1
392.46 393.48 0
393.48 398.42 1
398.42 398.67 3
398.67 399.58 2
399.58 400.00 3
400.00 401.05 2
401.05 401.54 0
401.54 403.64 2
403.64 404.53 3
404.53 405.30 1
405.30 405.41 3
405.41 407.52 2
407.52 407.89 3
407.89 409.09 1
409.09 409.95 0
409.95 409.96 2
409.96 410.65 3
410.65 412.29 2
412.29 412.67 0
412.67 414.47 1
414.47 414.90 0
414.90 418.31 1
418.31 418.89 0
418.89 419.59 1
419.59 419.96 0
419.96 420.62 1
420.62 421.03 0
421.03 421.24 1
421.24 421.79 3
421.79 422.17 2
422.17 422.39 3
422.39 422.94 1
422.94 423.00 0
423.00 423.30 2
423.30 423.72 0
423.72 424.66 1
424.66 424.91 0
424.91 425.91 1
425.91 426.20 0
426.20 426.47 2
426.47 426.59 3
426.59 428.21 1
428.21 428.57 3
428.57 430.39 1
430.39 430.64 3
430.64 431.97 1
431.97 432.56 0
432.56 432.61 2
432.61 432.87 3
432.87 434.70 1
434.70 434.90 3
434.90 435.04 2
435.04 435.19 0
435.19 436.86 1
436.86 437.26 0
437.26 443.72 1
443.72 444.16 0
444.16 448.57 1
448.57 449.24 0
449.24 455.16 1
455.16 455.29 0
455.29 458.07 1
458.07 458.12 0
458.12 458.79 2
458.79 458.85 3
458.85 461.92 1
461.92 462.67 0
462.67 464.96 1
464.96 465.18 0
465.18 471.24 1
471.24 471.38 0
471.38 472.48 1
472.48 473.33 3
473.33 473.69 2
473.69 474.20 0
474.20 474.36 1
474.36 474.71 3
474.71 475.34 2
475.34 475.84 3
475.84 477.15 1
477.15 477.61 0
477.61 477.75 1
477.75 478.05 3
478.05 484.52 1
484.52 484.67 3
484.67 485.66 2
485.66 486.59 3
486.59 487.71 1
487.71 489.34 3
489.34 490.28 2
490.28 490.55 3
490.55 493.74 1
493.74 494.12 0
494.12 494.68 1
494.68 495.09 3
495.09 498.10 1
498.10 498.55 0
498.55 503.74 1
503.74 503.84 0
503.84 504.20 2
504.20 504.32 0
504.32 506.20 1
506.20 506.50 3
506.50 509.36 1
509.36 510.33 0
510.33 512.65 1
512.65 512.80 3
512.80 513.02 2
513.02 513.29 3
513.29 516.39 1
516.39 517.39 0
517.39 522.63 1
522.63 522.95 0
522.95 523.82 1
523.82 524.34 3
524.34 525.87 1
525.87 526.47 3
526.47 527.35 1
527.35 527.95 0
527.95 529.97 1
529.97 530.53 3
530.53 531.72 1
531.72 532.29 0
532.29 536.94 1
536.94 536.99 0
536.99 537.99 2
537.99 538.42 3
538.42 540.27 1
540.27 541.13 0
541.13 542.54 1
542.54 542.81 0
542.81 543.11 2
543.11 543.33 3
543.33 547.32 1
547.32 548.44 0
548.44 553.08 1
553.08 553.60 3
553.60 554.06 1
554.06 554.87 0
554.87 558.19 1
558.19 558.93 3
558.93 559.68 1
559.68 559.86 0
559.86 561.64 1
561.64 563.51 0
563.51 567.28 1
567.28 567.58 3
567.58 569.13 2
569.13 570.03 0
570.03 571.27 1
571.27 571.62 0
571.62 572.06 2
572.06 572.20 3
572.20 576.40 1
576.40 576.68 0
576.68 580.09 1
580.09 580.88 0
580.88 583.26 1
583.26 583.61 0
583.61 584.00 2
584.00 584.06 0
584.06 589.81 1
589.81 590.70 0
590.70 591.32 1
591.32 591.83 3
591.83 595.89 1
595.89 596.46 0
596.46 600.28 2
600.28 600.67 3
600.67 604.12 1
