0.00 5.35 2
5.35 5.84 0
5.84 7.06 2
7.06 7.89 3
7.89 9.38 2
9.38 9.82 0
9.82 11.64 2
11.64 12.52 3
12.52 12.69 1
12.69 12.81 0
12.81 16.46 2
16.46 17.20 3
17.20 17.81 1
17.81 17.94 3
17.94 21.95 2
21.95 22.36 0
22.36 25.26 1
25.26 26.81 0
26.81 31.31 1
31.31 31.97 0
31.97 34.69 1
34.69 35.04 0
35.04 35.62 2
35.62 35.67 3
35.67 40.46 1
40.46 40.73 0
40.73 41.36 2
41.36 41.85 3
41.85 46.45 1
46.45 46.91 0
46.91 47.00 1
47.00 47.49 3
47.49 49.87 1
49.87 50.01 0
50.01 50.32 1
50.32 52.69 3
52.69 55.40 1
55.40 55.71 0
55.71 56.30 2
56.30 56.32 3
56.32 60.38 1
60.38 62.93 3
62.93 62.98 2
62.98 63.66 0
63.66 65.78 1
65.78 65.92 0
65.92 66.85 2
66.85 67.47 3
67.47 70.83 1
70.83 71.35 0
71.35 71.81 2
71.81 72.56 0
72.56 76.11 1
76.11 76.31 3
76.31 77.17 2
77.17 77.25 3
77.25 79.10 1
79.10 79.50 3
79.50 79.60 2
79.60 80.38 3
80.38 82.46 1
82.46 82.82 0
82.82 82.92 2
82.92 83.49 3
83.49 84.84 1
84.84 85.17 0
85.17 85.41 2
85.41 85.74 3
85.74 87.72 1
87.72 87.94 0
87.94 88.49 2
88.49 92.38 3
92.38 92.72 1
92.72 93.23 3
93.23 97.10 2
97.10 97.42 0
97.42 102.77 2
102.77 103.41 0
103.41 103.53 1
103.53 103.75 3
103.75 107.95 2
107.95 108.06 0
108.06 110.24 1
110.24 111.68 2
111.68 111.69 0
111.69 112.36 1
112.36 112.48 3
112.48 113.49 2
113.49 113.62 3
113.62 115.81 1
115.81 116.92 3
116.92 118.09 1
118.09 118.18 3
118.18 118.54 2
118.54 118.63 3
118.63 121.12 1
121.12 123.47 3
123.47 128.12 2
128.12 128.30 3
128.30 129.41 1
129.41 130.08 3
130.08 135.67 2
135.67 136.11 0
136.11 142.09 2
142.09 142.70 0
142.70 146.97 2
146.97 147.32 0
147.32 151.14 2
151.14 151.22 0
151.22 151.48 1
151.48 151.65 3
151.65 159.52 2
159.52 160.57 3
160.57 160.88 1
160.88 161.21 3
161.21 162.78 2
162.78 162.80 3
162.80 163.38 1
163.38 163.47 0
163.47 166.68 2
166.68 167.32 0
167.32 169.99 2
169.99 170.56 3
170.56 171.12 1
171.12 171.49 0
171.49 175.04 2
175.04 175.31 0
175.31 180.22 2
180.22 180.72 0
180.72 184.65 2
184.65 185.33 0
185.33 190.42 2
190.42 191.32 3
191.32 193.78 2
193.78 194.37 0
194.37 199.22 2
199.22 199.48 0
199.48 199.61 1
199.61 199.99 3
199.99 202.34 2
202.34 202.50 3
202.50 203.39 1
203.39 203.44 3
203.44 209.00 2
209.00 209.22 0
209.22 210.61 1
210.61 211.58 3
211.58 212.98 2
212.98 213.59 3
213.59 219.16 1
219.16 219.73 3
219.73 220.09 1
220.09 220.15 0
220.15 222.28 1
222.28 222.57 3
222.57 223.91 2
223.91 223.92 3
223.92 224.21 1
224.21 224.27 3
224.27 226.92 2
226.92 227.80 3
227.80 228.43 1
228.43 228.55 3
228.55 230.79 2
230.79 230.84 3
230.84 231.12 1
231.12 231.18 3
231.18 234.56 2
234.56 234.69 0
234.69 234.99 1
234.99 235.07 0
235.07 235.62 2
235.62 235.89 3
235.89 236.56 1
236.56 236.58 3
236.58 236.72 2
236.72 236.89 3
236.89 239.70 1
239.70 240.83 3
240.83 241.45 2
241.45 241.53 3
241.53 241.68 1
241.68 242.99 3
242.99 245.11 2
245.11 246.81 3
246.81 247.35 1
247.35 248.15 3
248.15 251.32 2
251.32 251.39 3
251.39 252.02 1
252.02 252.05 0
252.05 253.83 2
253.83 254.13 0
254.13 263.55 1
263.55 263.72 0
263.72 263.83 2
263.83 264.22 3
264.22 265.05 1
265.05 265.55 3
265.55 268.59 1
268.59 268.83 0
268.83 269.53 2
269.53 269.59 3
269.59 271.97 1
271.97 272.31 0
272.31 274.41 2
274.41 274.73 3
274.73 277.99 1
277.99 279.17 0
279.17 279.97 1
279.97 280.47 0
280.47 281.06 2
281.06 281.09 0
281.09 282.29 1
282.29 283.38 3
283.38 286.47 2
286.47 286.72 3
286.72 287.70 1
287.70 287.90 3
287.90 291.35 2
291.35 291.49 3
291.49 292.52 1
292.52 294.44 3
294.44 294.97 2
294.97 295.08 0
295.08 295.36 1
295.36 296.24 3
296.24 297.80 2
297.80 298.18 3
298.18 298.65 2
