0.00 6.77 2
6.77 8.06 3
8.06 8.93 1
8.93 9.22 0
9.22 9.62 2
9.62 9.98 3
9.98 14.54 2
14.54 14.72 3
14.72 15.88 2
15.88 16.22 3
16.22 16.36 2
16.36 16.93 0
16.93 23.38 2
23.38 23.83 0
23.83 25.85 2
25.85 26.30 0
26.30 28.98 2
28.98 29.05 0
29.05 32.73 2
32.73 32.86 0
32.86 33.10 1
33.10 33.44 0
33.44 34.05 2
34.05 34.48 0
34.48 35.67 2
35.67 35.96 0
35.96 39.25 2
39.25 39.37 0
39.37 39.58 2
39.58 39.96 3
39.96 41.80 2
41.80 41.93 3
41.93 42.64 2
42.64 43.04 0
43.04 44.57 1
44.57 45.01 0
45.01 45.27 2
45.27 45.36 0
45.36 48.06 1
48.06 48.30 0
48.30 51.05 1
51.05 51.11 0
51.11 51.54 2
51.54 52.16 3
52.16 52.80 1
52.80 53.05 0
53.05 53.73 2
53.73 54.20 3
54.20 55.52 1
55.52 56.08 0
56.08 60.13 2
60.13 60.71 0
60.71 62.99 2
62.99 63.92 0
63.92 66.76 2
66.76 66.79 0
66.79 69.93 2
69.93 70.22 0
70.22 73.80 2
73.80 73.89 0
73.89 74.26 1
74.26 74.50 0
74.50 76.23 2
76.23 76.50 0
76.50 79.11 2
79.11 79.41 0
79.41 83.45 2
83.45 83.95 0
83.95 88.80 2
88.80 89.38 0
89.38 90.32 2
90.32 90.89 0
90.89 93.26 2
93.26 94.10 0
94.10 96.02 2
96.02 96.43 0
96.43 97.25 2
97.25 97.63 0
97.63 101.00 2
101.00 101.10 0
101.10 104.69 2
104.69 105.34 0
105.34 105.86 2
105.86 106.02 0
106.02 108.57 2
108.57 108.95 0
108.95 111.10 2
111.10 111.38 0
111.38 113.66 2
113.66 113.86 0
113.86 116.07 2
116.07 116.59 3
116.59 116.64 2
116.64 116.86 0
116.86 123.83 2
123.83 124.10 3
124.10 129.01 2
129.01 129.76 0
129.76 131.23 2
131.23 131.93 0
131.93 135.13 2
135.13 135.35 3
135.35 136.11 2
136.11 136.34 0
136.34 136.93 1
136.93 137.12 0
137.12 139.68 2
139.68 140.76 0
140.76 143.56 2
143.56 143.68 0
143.68 143.81 1
143.81 144.19 3
144.19 147.13 2
147.13 147.87 0
147.87 150.38 2
150.38 150.48 0
150.48 150.65 2
150.65 151.16 3
151.16 152.90 2
152.90 153.01 0
153.01 153.46 1
153.46 153.63 0
153.63 154.79 2
154.79 155.75 0
155.75 159.72 2
159.72 160.34 0
160.34 160.67 2
160.67 161.54 0
161.54 163.01 2
163.01 163.25 0
163.25 166.48 2
166.48 166.70 0
166.70 168.88 2
168.88 169.19 0
169.19 171.50 2
171.50 171.92 0
171.92 174.52 2
174.52 175.21 0
175.21 177.44 2
177.44 178.20 0
178.20 181.62 2
181.62 182.43 0
182.43 183.81 2
183.81 184.13 0
184.13 184.63 2
184.63 184.95 0
184.95 188.96 2
188.96 190.18 0
190.18 192.52 2
192.52 193.10 3
193.10 194.09 2
194.09 194.28 0
194.28 195.23 2
195.23 195.37 0
195.37 195.95 1
195.95 196.05 3
196.05 196.63 2
196.63 198.34 0
198.34 199.75 2
199.75 199.99 0
199.99 201.74 2
201.74 202.39 0
202.39 204.23 2
204.23 204.55 0
204.55 205.03 1
205.03 205.14 0
205.14 207.98 2
207.98 208.19 0
208.19 211.27 2
211.27 211.43 0
211.43 216.41 2
216.41 216.54 3
216.54 216.83 1
216.83 216.99 3
216.99 220.03 2
220.03 220.35 3
220.35 220.67 2
220.67 221.19 0
221.19 224.76 2
224.76 225.37 3
225.37 227.62 2
227.62 228.44 0
228.44 229.05 2
229.05 229.61 0
229.61 233.50 2
233.50 234.19 0
234.19 236.06 2
236.06 236.65 0
236.65 238.77 2
238.77 239.32 0
239.32 245.64 2
245.64 246.08 0
246.08 250.66 2
250.66 251.50 0
251.50 256.27 2
256.27 256.86 0
256.86 260.14 2
260.14 261.13 0
261.13 265.37 2
265.37 266.44 0
266.44 268.61 2
268.61 268.92 0
268.92 274.13 2
274.13 274.32 0
274.32 279.05 2
279.05 280.27 0
280.27 284.68 2
284.68 285.47 0
285.47 287.93 2
287.93 288.13 0
288.13 288.34 1
288.34 288.42 3
288.42 294.45 2
294.45 295.12 0
295.12 298.83 2
298.83 299.38 0
299.38 300.30 2
