0.00 0.88 1
0.88 1.15 0
1.15 7.45 1
7.45 7.85 3
7.85 8.77 1
8.77 9.46 0
9.46 10.54 2
10.54 10.94 0
10.94 12.09 1
12.09 12.28 3
12.28 13.08 1
13.08 13.41 0
13.41 14.00 2
14.00 14.18 3
14.18 14.98 1
14.98 15.29 0
15.29 16.27 2
16.27 16.74 0
16.74 16.86 1
16.86 17.28 3
17.28 17.36 1
17.36 17.99 0
17.99 19.96 2
19.96 20.04 0
20.04 20.16 2
20.16 20.23 3
20.23 20.57 1
20.57 20.66 0
20.66 23.56 2
23.56 24.11 0
24.11 24.15 2
24.15 24.42 3
24.42 26.35 1
26.35 26.64 3
26.64 27.23 2
27.23 27.26 3
27.26 27.69 1
27.69 28.17 0
28.17 30.46 2
30.46 30.63 0
30.63 31.32 1
31.32 31.47 0
31.47 32.49 2
32.49 32.81 3
32.81 34.12 1
34.12 34.19 3
34.19 34.71 2
34.71 34.93 0
34.93 35.82 2
35.82 36.56 0
36.56 36.70 1
36.70 37.17 3
37.17 37.51 2
37.51 37.66 0
37.66 39.16 2
39.16 39.22 0
39.22 40.01 1
40.01 40.17 0
40.17 40.46 2
40.46 40.58 3
40.58 40.96 1
40.96 41.03 0
41.03 42.19 1
42.19 42.39 0
42.39 46.27 1
46.27 46.69 0
46.69 47.74 2
47.74 47.88 0
47.88 48.15 2
48.15 48.21 0
48.21 50.35 2
50.35 50.72 0
50.72 51.46 1
51.46 52.03 0
52.03 53.37 2
53.37 53.70 3
53.70 54.73 1
54.73 54.77 0
54.77 55.32 2
55.32 55.38 0
55.38 57.09 1
57.09 57.12 0
57.12 57.63 1
57.63 57.68 0
57.68 57.76 2
57.76 57.92 3
57.92 58.59 2
58.59 58.60 3
58.60 63.54 1
63.54 63.92 0
63.92 67.53 1
67.53 67.59 0
67.59 72.57 1
72.57 72.71 0
72.71 74.35 1
74.35 74.43 3
74.43 74.83 2
74.83 74.96 3
74.96 76.86 1
76.86 77.29 0
77.29 77.86 2
77.86 78.07 0
78.07 78.47 1
78.47 78.67 0
78.67 80.31 1
80.31 81.22 0
81.22 82.17 2
82.17 82.95 0
82.95 85.68 2
85.68 85.76 0
85.76 86.76 1
86.76 86.84 3
86.84 87.24 2
87.24 87.87 3
87.87 90.32 1
90.32 90.48 0
90.48 91.27 2
91.27 91.84 0
91.84 92.49 2
92.49 92.64 0
92.64 92.94 2
92.94 93.06 3
93.06 93.65 1
93.65 93.93 0
93.93 94.75 2
94.75 95.04 0
95.04 95.14 2
95.14 95.26 0
95.26 95.72 2
95.72 95.90 0
95.90 96.44 2
96.44 96.63 0
96.63 99.64 2
99.64 100.63 0
100.63 103.53 1
103.53 104.16 3
104.16 105.10 2
105.10 105.34 0
105.34 106.56 1
106.56 106.81 0
106.81 107.02 1
107.02 107.12 0
107.12 109.76 1
109.76 109.87 0
109.87 111.63 1
111.63 112.28 0
112.28 112.70 2
112.70 112.73 0
112.73 113.35 1
113.35 113.44 0
113.44 114.41 1
114.41 114.63 3
114.63 115.58 2
115.58 115.97 3
115.97 116.19 2
116.19 116.65 0
116.65 119.31 1
119.31 119.66 0
119.66 120.09 1
120.09 120.62 0
120.62 121.75 1
121.75 121.94 3
121.94 123.53 2
123.53 123.75 0
123.75 124.44 1
124.44 124.79 0
124.79 127.56 1
127.56 127.67 3
127.67 131.56 2
131.56 131.72 3
131.72 131.91 1
131.91 132.08 0
132.08 133.44 2
133.44 133.76 0
133.76 136.35 2
136.35 136.48 0
136.48 137.66 1
137.66 138.11 3
138.11 138.69 1
138.69 138.89 3
138.89 139.04 1
139.04 139.20 3
139.20 143.33 2
143.33 143.58 0
143.58 143.92 1
143.92 144.14 0
144.14 146.44 1
146.44 146.50 3
146.50 147.14 2
147.14 147.66 0
147.66 149.71 2
149.71 149.96 0
149.96 151.18 2
151.18 151.33 0
151.33 155.26 2
155.26 155.59 3
155.59 156.06 1
156.06 156.61 0
156.61 159.46 2
159.46 159.51 0
159.51 160.06 1
160.06 160.15 3
160.15 160.80 2
160.80 160.88 0
160.88 161.10 1
161.10 161.48 3
161.48 161.51 1
161.51 161.69 0
161.69 162.54 1
162.54 162.71 3
162.71 163.86 2
163.86 163.93 3
163.93 164.11 1
164.11 164.29 0
164.29 165.06 1
165.06 165.41 0
165.41 166.63 1
166.63 167.76 0
167.76 171.18 1
171.18 172.16 3
172.16 172.33 2
172.33 172.71 3
172.71 174.11 1
174.11 174.43 3
174.43 176.92 1
176.92 177.21 3
177.21 177.53 2
177.53 177.55 0
177.55 181.45 1
181.45 181.66 3
181.66 182.26 2
182.26 183.01 0
183.01 185.49 2
185.49 185.88 3
185.88 186.08 1
186.08 186.50 3
186.50 187.35 1
187.35 187.50 3
187.50 191.18 2
191.18 191.50 3
191.50 191.80 1
191.80 191.95 3
191.95 192.15 1
192.15 192.42 3
192.42 193.60 1
193.60 193.84 3
193.84 194.17 1
194.17 194.18 3
194.18 195.30 2
195.30 196.06 3
196.06 196.25 2
196.25 196.39 3
196.39 197.44 1
197.44 197.96 0
197.96 200.58 1
200.58 200.66 0
200.66 202.74 2
202.74 202.80 0
202.80 202.96 1
202.96 203.23 3
203.23 204.69 2
204.69 204.80 3
204.80 206.32 1
206.32 206.70 3
206.70 208.31 2
208.31 209.11 0
209.11 210.21 1
210.21 210.30 0
210.30 211.50 1
211.50 211.93 0
211.93 214.43 1
214.43 214.71 0
214.71 215.05 2
215.05 216.24 3
216.24 216.45 1
216.45 216.71 2
216.71 216.84 3
216.84 217.61 2
217.61 217.68 3
217.68 217.91 1
217.91 218.08 0
218.08 218.32 2
218.32 218.46 0
218.46 219.68 2
219.68 219.98 3
219.98 220.89 2
220.89 221.30 3
221.30 223.51 1
223.51 223.59 0
223.59 224.18 2
224.18 224.53 3
224.53 225.02 1
225.02 225.18 3
225.18 226.47 2
226.47 226.98 0
226.98 227.36 1
227.36 227.48 0
227.48 228.46 1
228.46 228.64 0
228.64 230.79 1
230.79 231.19 0
231.19 231.88 2
231.88 231.89 0
231.89 233.34 1
233.34 233.69 0
233.69 234.38 2
234.38 234.57 0
234.57 234.75 1
234.75 234.90 0
234.90 235.70 1
235.70 236.04 0
236.04 236.67 1
236.67 237.07 0
237.07 237.33 2
237.33 237.71 3
237.71 238.99 1
238.99 239.19 0
239.19 239.97 2
239.97 240.08 3
240.08 240.47 1
240.47 241.01 0
241.01 243.44 2
243.44 243.81 0
243.81 243.88 2
243.88 244.11 3
244.11 247.99 1
247.99 248.64 0
248.64 249.01 2
249.01 249.26 3
249.26 249.87 1
249.87 249.98 0
249.98 252.21 1
252.21 252.56 3
252.56 254.95 1
254.95 255.02 0
255.02 255.61 2
255.61 255.80 3
255.80 255.82 1
255.82 255.92 3
255.92 256.51 2
256.51 256.82 3
256.82 257.22 1
257.22 257.55 3
257.55 258.01 1
258.01 258.09 3
258.09 258.60 2
258.60 258.74 3
258.74 261.26 2
261.26 261.59 3
261.59 261.80 1
261.80 262.27 3
262.27 262.88 2
262.88 263.12 3
263.12 264.54 1
264.54 264.68 0
264.68 266.14 2
266.14 266.36 0
266.36 267.36 1
267.36 268.23 0
268.23 269.55 2
269.55 269.83 0
269.83 272.64 1
272.64 272.85 0
272.85 273.00 3
273.00 273.31 2
273.31 273.98 0
273.98 274.42 1
274.42 274.48 0
274.48 275.43 2
275.43 275.55 3
275.55 275.64 1
275.64 275.83 3
275.83 275.93 1
275.93 275.99 3
275.99 277.08 2
277.08 277.22 0
277.22 277.29 1
277.29 277.51 3
277.51 277.59 1
277.59 277.67 0
277.67 279.97 2
279.97 280.04 0
280.04 280.38 1
280.38 280.46 0
280.46 280.63 2
280.63 280.80 0
280.80 282.85 2
282.85 283.27 0
283.27 284.25 1
284.25 284.88 3
284.88 287.32 2
287.32 287.45 0
287.45 288.61 2
288.61 288.92 0
288.92 290.85 2
290.85 291.27 0
291.27 291.63 1
291.63 292.64 0
292.64 293.57 2
293.57 294.95 0
294.95 296.53 1
296.53 297.39 0
297.39 302.14 1
302.14 302.33 0
302.33 304.50 1
304.50 305.32 3
305.32 308.05 2
308.05 308.21 0
308.21 309.07 1
309.07 309.35 3
309.35 309.54 1
309.54 309.78 0
309.78 310.42 2
310.42 310.94 3
310.94 311.15 2
311.15 311.44 0
311.44 314.12 2
314.12 314.27 0
314.27 314.85 1
314.85 314.97 0
314.97 315.16 2
315.16 315.27 0
315.27 316.54 2
316.54 316.85 0
316.85 318.08 1
318.08 318.42 0
318.42 322.65 2
322.65 323.57 0
323.57 324.05 1
324.05 324.12 3
324.12 324.94 2
324.94 325.24 0
325.24 328.10 2
328.10 328.84 0
328.84 330.73 1
330.73 331.02 0
331.02 331.42 2
331.42 331.96 0
331.96 334.82 2
334.82 335.13 3
335.13 337.67 1
337.67 338.77 3
338.77 340.41 2
340.41 340.48 3
340.48 341.96 1
341.96 342.44 0
342.44 345.06 2
345.06 345.27 3
345.27 345.99 1
345.99 346.10 0
346.10 347.38 2
347.38 347.76 3
347.76 348.01 2
348.01 348.10 0
348.10 348.70 1
348.70 348.75 0
348.75 350.68 2
350.68 351.13 3
351.13 352.22 1
352.22 352.60 0
352.60 353.68 2
353.68 354.61 3
354.61 354.95 1
354.95 355.24 0
355.24 356.32 2
356.32 356.33 0
356.33 356.65 1
356.65 356.92 0
356.92 357.81 1
357.81 358.92 0
358.92 361.17 1
361.17 361.34 0
361.34 363.13 2
363.13 363.39 0
363.39 365.32 2
365.32 366.31 0
366.31 366.72 1
366.72 367.60 0
367.60 368.15 2
368.15 368.26 3
368.26 369.59 1
369.59 370.86 0
370.86 371.61 2
371.61 371.65 3
371.65 372.26 1
372.26 372.71 0
372.71 373.51 2
373.51 373.65 3
373.65 375.38 1
375.38 375.83 0
375.83 377.29 2
377.29 377.68 0
377.68 378.14 1
378.14 379.32 0
379.32 380.01 2
380.01 380.21 3
380.21 381.43 1
381.43 381.62 0
381.62 382.81 2
382.81 383.12 3
383.12 383.72 1
383.72 384.04 3
384.04 384.95 1
384.95 385.09 0
385.09 386.10 2
386.10 386.59 3
386.59 386.72 2
386.72 386.93 0
386.93 388.96 1
388.96 389.38 3
389.38 390.17 2
390.17 390.40 0
390.40 391.14 2
391.14 391.39 1
391.39 391.59 3
391.59 396.26 1
396.26 396.55 0
396.55 399.65 2
399.65 400.16 0
400.16 401.18 1
401.18 402.61 0
402.61 403.56 2
403.56 403.92 0
403.92 404.38 1
404.38 404.55 0
404.55 406.11 2
406.11 406.31 0
406.31 408.29 1
408.29 408.43 0
408.43 409.13 1
409.13 409.19 3
409.19 409.41 2
409.41 409.59 3
409.59 411.56 1
411.56 411.70 0
411.70 413.82 2
413.82 413.83 3
413.83 417.33 1
417.33 417.48 0
417.48 424.24 1
424.24 424.29 0
424.29 425.78 2
425.78 426.09 3
426.09 426.27 2
426.27 426.36 3
426.36 428.28 1
428.28 428.73 0
428.73 428.85 1
428.85 429.07 3
429.07 429.59 1
429.59 429.87 3
429.87 430.07 2
430.07 430.41 3
430.41 430.90 1
430.90 431.25 3
431.25 431.55 2
431.55 431.84 0
431.84 433.06 2
433.06 433.19 0
433.19 434.10 1
434.10 434.16 3
434.16 434.51 2
434.51 434.54 3
434.54 435.60 1
435.60 435.81 0
435.81 436.45 1
436.45 437.19 0
437.19 437.81 2
437.81 437.88 0
437.88 438.54 1
438.54 438.71 0
438.71 438.73 2
438.73 439.26 3
439.26 439.33 2
439.33 439.38 0
439.38 441.42 1
441.42 441.44 0
441.44 441.57 2
441.57 441.64 3
441.64 444.13 1
444.13 444.66 0
444.66 449.31 1
449.31 449.65 0
449.65 453.75 2
453.75 453.94 0
453.94 455.81 1
455.81 456.02 3
456.02 456.77 2
456.77 457.02 0
457.02 457.16 1
457.16 457.69 3
457.69 458.99 1
458.99 459.86 3
459.86 460.25 1
460.25 460.42 0
460.42 461.71 2
461.71 462.66 0
462.66 463.55 2
463.55 464.03 3
464.03 465.05 1
465.05 465.71 0
465.71 466.32 2
466.32 466.63 0
466.63 468.40 2
468.40 468.69 0
468.69 469.99 1
469.99 470.38 3
470.38 472.59 2
472.59 472.71 3
472.71 474.01 1
474.01 474.44 0
474.44 475.18 2
475.18 475.52 3
475.52 476.63 1
476.63 478.00 0
478.00 478.21 1
478.21 478.39 0
478.39 481.68 2
481.68 482.24 0
482.24 485.49 1
485.49 485.83 0
485.83 486.73 1
486.73 487.19 0
487.19 487.82 2
487.82 488.23 0
488.23 488.88 2
488.88 489.13 0
489.13 492.47 1
492.47 492.58 0
492.58 494.90 1
494.90 495.21 0
495.21 496.57 1
496.57 496.68 0
496.68 499.11 1
499.11 499.18 0
499.18 504.47 1
504.47 504.61 0
504.61 504.85 1
504.85 505.00 3
505.00 505.27 2
505.27 505.41 3
505.41 506.63 1
506.63 507.46 3
507.46 508.35 2
508.35 508.53 3
508.53 508.67 1
508.67 509.21 3
509.21 510.29 2
510.29 511.23 3
511.23 511.54 1
511.54 511.73 3
511.73 512.25 2
512.25 512.42 3
512.42 512.79 2
512.79 513.32 3
513.32 516.53 1
516.53 516.97 3
516.97 517.73 2
517.73 517.87 3
517.87 518.04 1
518.04 518.37 0
518.37 519.09 2
519.09 519.42 3
519.42 520.01 1
520.01 520.86 0
520.86 526.76 1
526.76 527.39 0
527.39 527.46 1
527.46 527.79 3
527.79 529.47 1
529.47 529.82 0
529.82 534.35 2
534.35 534.68 3
534.68 534.98 1
534.98 535.21 3
535.21 535.38 1
535.38 535.50 3
535.50 535.57 1
535.57 535.80 0
535.80 537.33 2
537.33 537.54 3
537.54 538.55 2
538.55 538.93 3
538.93 539.29 1
539.29 539.90 0
539.90 540.71 1
540.71 540.87 3
540.87 541.07 2
541.07 541.13 3
541.13 541.14 2
541.14 541.24 0
541.24 541.82 1
541.82 542.00 0
542.00 543.15 2
543.15 543.20 0
543.20 543.33 1
543.33 543.95 3
543.95 544.25 1
544.25 544.39 0
544.39 544.66 2
544.66 544.85 0
544.85 545.50 2
545.50 545.92 0
545.92 546.01 1
546.01 546.21 3
546.21 547.98 2
547.98 548.17 3
548.17 549.24 1
549.24 549.62 0
549.62 550.23 2
550.23 550.75 0
550.75 550.80 1
550.80 551.15 3
551.15 551.61 2
551.61 552.07 3
552.07 554.58 2
554.58 554.81 3
554.81 554.89 1
554.89 556.06 0
556.06 557.91 2
557.91 557.96 3
557.96 558.15 1
558.15 558.25 3
558.25 558.62 2
558.62 558.63 0
558.63 559.10 1
559.10 559.60 0
559.60 561.12 2
561.12 561.22 0
561.22 561.50 1
561.50 561.90 0
561.90 563.11 2
563.11 563.39 0
563.39 563.43 2
563.43 563.86 3
563.86 563.94 1
563.94 564.13 0
564.13 566.69 2
566.69 567.27 0
567.27 567.65 2
567.65 567.94 0
567.94 568.43 2
568.43 568.91 0
568.91 569.44 1
569.44 569.52 0
569.52 571.27 2
571.27 571.74 0
571.74 571.81 2
571.81 572.06 3
572.06 574.29 2
574.29 574.39 3
574.39 574.58 1
574.58 575.08 0
575.08 576.30 2
576.30 576.79 0
576.79 578.59 1
578.59 580.35 0
580.35 582.81 1
582.81 583.09 3
583.09 585.22 2
585.22 585.45 0
585.45 587.19 2
587.19 587.52 0
587.52 587.60 1
587.60 587.76 3
587.76 588.05 2
588.05 588.29 0
588.29 589.37 2
589.37 589.81 0
589.81 589.90 1
589.90 590.44 3
590.44 591.80 1
591.80 591.84 3
591.84 594.36 2
594.36 595.49 0
595.49 599.65 2
599.65 600.25 0
600.25 600.68 2
600.68 601.36 0
601.36 601.53 2
601.53 601.97 0
601.97 602.29 2
602.29 602.42 0
602.42 602.87 2
602.87 603.01 0
603.01 603.48 1
603.48 603.57 0
603.57 603.65 1
603.65 603.77 3
603.77 604.25 2
604.25 604.85 0
604.85 605.19 2
605.19 605.71 0
605.71 607.23 2
