0.00 7.92 1
7.92 8.46 0
8.46 19.81 2
19.81 20.32 0
20.32 22.54 2
22.54 23.24 0
23.24 26.05 2
26.05 27.36 3
27.36 28.57 2
28.57 28.68 0
28.68 29.48 1
29.48 30.07 0
30.07 30.44 2
30.44 30.53 0
30.53 30.84 1
30.84 31.49 0
31.49 33.99 1
33.99 34.16 0
34.16 37.71 2
37.71 38.85 3
38.85 43.03 1
43.03 44.58 3
44.58 45.53 1
45.53 45.59 3
45.59 49.31 2
49.31 49.69 0
49.69 54.39 2
54.39 54.54 0
54.54 54.71 2
54.71 55.51 3
55.51 59.44 2
59.44 60.23 0
60.23 66.33 1
66.33 66.66 0
66.66 66.77 1
66.77 67.19 3
67.19 75.63 1
75.63 76.05 0
76.05 81.81 1
81.81 82.40 3
82.40 82.46 2
82.46 83.01 0
83.01 86.79 2
86.79 86.91 3
86.91 88.47 1
88.47 88.81 3
88.81 93.93 1
93.93 94.18 3
94.18 95.38 2
95.38 95.49 3
95.49 96.07 1
96.07 96.16 3
96.16 96.96 2
96.96 97.33 3
97.33 98.11 1
98.11 98.49 0
98.49 100.34 2
100.34 100.49 3
100.49 101.47 1
101.47 101.54 3
101.54 102.21 2
102.21 102.99 3
102.99 116.49 1
116.49 117.21 0
117.21 119.19 1
119.19 119.27 3
119.27 120.28 2
120.28 121.10 3
121.10 122.63 1
122.63 122.78 0
122.78 124.52 2
124.52 124.96 0
124.96 128.01 2
128.01 128.39 3
128.39 129.19 2
129.19 129.92 0
129.92 135.68 2
135.68 136.23 0
136.23 137.04 2
137.04 137.74 3
137.74 138.54 2
138.54 138.58 0
138.58 141.35 1
141.35 141.77 3
141.77 144.78 2
144.78 145.13 3
145.13 145.32 1
145.32 146.44 0
146.44 148.77 1
148.77 148.91 3
148.91 151.62 2
151.62 152.76 0
152.76 154.02 2
154.02 154.19 0
154.19 160.26 1
160.26 160.34 3
160.34 163.01 2
163.01 164.38 3
164.38 164.75 1
164.75 165.49 0
165.49 166.35 2
166.35 166.45 0
166.45 168.99 1
168.99 169.02 0
169.02 170.56 2
170.56 171.15 0
171.15 173.10 2
173.10 173.22 0
173.22 173.70 1
173.70 174.06 0
174.06 175.11 2
175.11 175.19 3
175.19 179.02 1
179.02 180.51 3
180.51 180.87 2
180.87 181.20 3
181.20 184.41 1
184.41 184.46 3
184.46 185.55 2
185.55 186.08 0
186.08 186.55 2
186.55 187.41 0
187.41 189.85 2
189.85 190.13 3
190.13 191.06 1
191.06 191.72 0
191.72 194.56 2
194.56 195.02 0
195.02 198.91 2
198.91 199.03 0
199.03 199.56 1
199.56 199.76 0
199.76 202.98 2
202.98 203.37 0
203.37 205.22 2
205.22 205.92 0
205.92 207.73 2
207.73 208.23 0
208.23 210.06 1
210.06 210.83 0
210.83 214.68 1
214.68 215.27 0
215.27 216.32 2
216.32 216.64 3
216.64 218.02 1
218.02 219.29 0
219.29 220.03 2
220.03 220.39 0
220.39 223.23 2
223.23 223.86 0
223.86 225.15 2
225.15 225.45 0
225.45 227.08 2
227.08 227.26 3
227.26 227.29 1
227.29 227.55 0
227.55 230.35 1
230.35 230.73 0
230.73 231.22 2
231.22 231.60 0
231.60 233.33 2
233.33 234.29 0
234.29 234.84 2
234.84 235.30 0
235.30 237.74 2
237.74 237.94 0
237.94 239.16 2
239.16 239.86 0
239.86 243.39 2
243.39 244.08 0
244.08 245.47 2
245.47 245.69 3
245.69 247.65 1
247.65 247.77 0
247.77 250.17 2
250.17 250.41 0
250.41 252.11 1
252.11 253.04 0
253.04 254.82 2
254.82 255.23 3
255.23 256.90 2
256.90 257.67 0
257.67 258.57 2
258.57 259.71 0
259.71 263.04 2
263.04 263.06 3
263.06 263.56 1
263.56 264.36 0
264.36 266.35 2
266.35 266.51 0
266.51 268.52 2
268.52 270.34 0
270.34 270.78 2
270.78 271.32 0
271.32 272.82 2
272.82 273.33 0
273.33 273.46 1
273.46 273.72 3
273.72 275.36 2
275.36 276.22 0
276.22 277.31 2
277.31 278.15 0
278.15 280.46 2
280.46 281.02 0
281.02 281.34 1
281.34 281.61 0
281.61 282.24 2
282.24 282.40 0
282.40 282.96 1
282.96 283.23 0
283.23 283.37 2
283.37 283.79 3
283.79 286.43 1
286.43 286.53 3
286.53 287.57 2
287.57 287.81 3
287.81 291.54 1
291.54 291.69 0
291.69 293.59 2
293.59 294.56 3
294.56 294.77 2
294.77 295.12 3
295.12 296.70 1
296.70 297.43 3
297.43 297.82 2
297.82 300.73 3
300.73 300.74 2
