0.00 2.41 1
2.41 3.14 3
3.14 3.60 2
3.60 3.68 3
3.68 3.88 1
3.88 3.96 3
3.96 7.62 2
7.62 8.03 3
8.03 8.10 2
8.10 8.27 0
8.27 14.29 2
14.29 14.38 3
14.38 14.75 1
14.75 15.16 0
15.16 19.06 2
19.06 19.51 3
19.51 20.60 2
20.60 21.08 3
21.08 21.76 1
21.76 21.85 3
21.85 22.84 2
22.84 23.07 3
23.07 23.66 2
23.66 23.96 0
23.96 31.02 2
31.02 31.09 0
31.09 32.47 2
32.47 32.87 3
32.87 33.87 2
33.87 34.06 0
34.06 34.34 1
34.34 34.81 3
34.81 40.56 2
40.56 40.74 3
40.74 40.97 2
40.97 41.24 3
41.24 43.31 1
43.31 43.38 3
43.38 44.98 2
44.98 45.36 3
45.36 51.74 1
51.74 52.15 0
52.15 52.91 2
52.91 53.22 3
53.22 57.50 1
57.50 58.16 0
58.16 58.96 1
58.96 59.49 3
59.49 65.28 2
65.28 65.33 3
65.33 65.47 1
65.47 65.74 0
65.74 67.55 2
67.55 67.92 3
67.92 68.32 2
68.32 68.78 3
68.78 70.25 1
70.25 71.43 0
71.43 81.09 1
81.09 81.20 0
81.20 81.80 2
81.80 81.98 3
81.98 82.20 1
82.20 82.25 3
82.25 83.69 2
83.69 85.84 3
85.84 88.31 1
88.31 88.65 0
88.65 88.89 1
88.89 89.05 0
89.05 91.22 2
91.22 91.94 3
91.94 94.32 2
94.32 94.38 3
94.38 95.51 1
95.51 96.14 0
96.14 97.29 2
97.29 97.59 0
97.59 98.38 1
98.38 98.61 0
98.61 99.02 2
99.02 107.82 0
107.82 108.23 1
108.23 108.90 0
108.90 113.41 2
113.41 123.31 0
123.31 125.78 2
125.78 126.82 3
126.82 127.03 1
127.03 127.47 0
127.47 127.64 1
127.64 127.81 3
127.81 127.91 2
127.91 127.98 0
127.98 129.15 1
129.15 129.63 0
129.63 130.27 2
130.27 130.47 0
130.47 131.83 2
131.83 133.08 0
133.08 133.33 1
133.33 133.43 3
133.43 134.38 2
134.38 134.56 3
134.56 134.66 2
134.66 134.72 0
134.72 135.63 1
135.63 135.78 0
135.78 139.34 1
139.34 139.55 0
139.55 139.59 1
139.59 139.98 3
139.98 144.30 2
144.30 144.64 3
144.64 145.00 2
145.00 145.01 3
145.01 145.34 1
145.34 145.47 0
145.47 147.03 1
147.03 147.19 0
147.19 147.34 1
147.34 147.47 0
147.47 147.50 2
147.50 147.69 3
147.69 148.38 2
148.38 148.93 0
148.93 152.06 2
152.06 152.31 3
152.31 152.64 1
152.64 153.08 3
153.08 155.13 2
155.13 155.54 0
155.54 156.25 1
156.25 156.47 0
156.47 159.94 2
159.94 161.00 3
161.00 161.72 1
161.72 161.81 0
161.81 162.29 2
162.29 162.38 0
162.38 163.08 1
163.08 165.96 0
165.96 168.69 2
168.69 168.81 0
168.81 170.26 2
170.26 171.02 0
171.02 171.41 1
171.41 171.56 0
171.56 175.63 2
175.63 175.65 3
175.65 176.70 1
176.70 177.14 3
177.14 177.51 1
177.51 177.61 3
177.61 178.37 2
178.37 178.45 3
178.45 178.84 1
178.84 178.87 3
178.87 179.06 2
179.06 179.37 3
179.37 181.39 1
181.39 182.00 0
182.00 185.28 2
185.28 185.58 3
185.58 187.25 2
187.25 187.28 0
187.28 187.29 2
187.29 187.64 3
187.64 188.44 2
188.44 189.24 3
189.24 189.38 1
189.38 189.51 0
189.51 189.94 2
189.94 189.96 3
189.96 190.47 1
190.47 190.64 3
190.64 191.16 2
191.16 191.32 0
191.32 191.84 2
191.84 191.92 3
191.92 192.78 1
192.78 195.09 0
195.09 200.38 2
200.38 200.55 0
200.55 201.50 2
201.50 201.58 0
201.58 202.01 1
202.01 202.03 3
202.03 205.44 2
205.44 205.54 0
205.54 206.95 2
206.95 207.39 3
207.39 208.74 2
208.74 209.08 0
209.08 209.91 1
209.91 210.11 0
210.11 210.67 2
210.67 211.17 0
211.17 211.71 1
211.71 211.82 3
211.82 213.71 2
213.71 214.03 0
214.03 214.55 1
214.55 214.80 0
214.80 215.30 2
215.30 216.83 0
216.83 217.48 2
217.48 217.99 0
217.99 221.92 1
221.92 222.12 0
222.12 224.29 1
224.29 224.62 3
224.62 225.61 2
225.61 225.68 0
225.68 226.17 1
226.17 226.46 0
226.46 227.46 2
227.46 227.96 0
227.96 230.49 1
230.49 234.23 0
234.23 236.78 2
236.78 236.84 3
236.84 237.00 1
237.00 237.10 3
237.10 237.44 2
237.44 237.62 0
237.62 239.84 1
239.84 239.89 0
239.89 240.53 2
240.53 240.81 3
240.81 240.88 2
240.88 240.96 0
240.96 241.11 1
241.11 241.40 3
241.40 241.60 2
241.60 241.62 3
241.62 245.28 1
245.28 245.59 0
245.59 247.64 2
247.64 247.93 3
247.93 248.47 2
248.47 248.93 3
248.93 249.06 2
249.06 249.44 0
249.44 249.52 1
249.52 249.94 3
249.94 251.04 1
251.04 251.21 0
251.21 252.61 2
252.61 252.78 0
252.78 254.93 2
254.93 255.18 3
255.18 255.62 2
255.62 255.89 0
255.89 256.25 1
256.25 256.43 0
256.43 256.61 2
256.61 256.68 3
256.68 258.24 2
258.24 258.57 0
258.57 261.14 2
261.14 261.30 0
261.30 261.99 1
261.99 263.35 3
263.35 263.90 2
263.90 264.01 0
264.01 265.39 1
265.39 265.61 3
265.61 266.53 2
266.53 266.90 0
266.90 267.38 2
267.38 267.81 0
267.81 268.65 2
268.65 269.27 0
269.27 269.56 2
269.56 270.18 0
270.18 270.48 2
270.48 270.64 0
270.64 271.22 2
271.22 277.80 0
277.80 278.81 2
278.81 278.99 0
278.99 283.27 2
283.27 284.06 3
284.06 284.27 2
284.27 284.88 3
284.88 285.09 2
285.09 286.94 0
286.94 287.41 2
287.41 287.89 3
287.89 288.61 2
288.61 291.72 0
291.72 291.99 2
291.99 292.41 0
292.41 296.52 2
296.52 297.42 0
297.42 298.10 2
298.10 299.79 0
299.79 303.72 2
303.72 303.79 0
303.79 305.81 1
305.81 305.98 0
305.98 306.66 2
306.66 306.77 3
306.77 306.98 1
306.98 307.11 3
307.11 310.42 2
310.42 310.49 0
310.49 310.89 2
310.89 311.26 3
311.26 312.31 2
312.31 312.59 3
312.59 314.34 2
314.34 314.36 3
314.36 314.72 1
314.72 314.76 3
314.76 317.53 2
317.53 317.84 3
317.84 320.79 2
320.79 321.42 3
321.42 321.86 1
321.86 322.35 0
322.35 322.36 2
322.36 322.67 3
322.67 323.81 2
323.81 323.84 0
323.84 324.41 1
324.41 324.53 3
324.53 327.13 2
327.13 327.19 3
327.19 328.12 1
328.12 329.81 0
329.81 332.94 2
332.94 332.98 3
332.98 333.41 1
333.41 333.59 0
333.59 335.84 1
335.84 335.93 0
335.93 336.60 1
336.60 336.69 3
336.69 337.09 2
337.09 337.15 0
337.15 337.84 1
337.84 337.93 3
337.93 338.23 2
338.23 338.25 3
338.25 341.21 1
341.21 341.62 3
341.62 343.65 2
343.65 343.76 3
343.76 344.15 1
344.15 345.11 3
345.11 345.85 2
345.85 346.91 3
346.91 347.74 1
347.74 348.02 0
348.02 349.30 2
349.30 349.54 3
349.54 349.56 1
349.56 349.78 0
349.78 351.01 2
351.01 351.22 0
351.22 351.72 2
351.72 352.18 0
352.18 356.06 2
356.06 356.13 0
356.13 356.59 1
356.59 356.69 3
356.69 357.34 2
357.34 357.36 0
357.36 357.42 1
357.42 357.63 3
357.63 357.77 1
357.77 357.82 3
357.82 362.76 2
362.76 362.78 0
362.78 364.77 1
364.77 365.48 3
365.48 366.42 1
366.42 366.48 3
366.48 371.13 2
371.13 371.16 3
371.16 371.41 1
371.41 371.58 0
371.58 375.73 1
375.73 375.86 3
375.86 377.40 2
377.40 377.60 3
377.60 377.73 2
377.73 377.99 0
377.99 378.05 1
378.05 378.31 3
378.31 378.39 2
378.39 378.40 3
378.40 378.56 1
378.56 378.76 0
378.76 381.03 1
381.03 381.17 0
381.17 382.98 1
382.98 383.25 0
383.25 384.92 2
384.92 385.28 0
385.28 385.81 1
385.81 385.85 0
385.85 386.87 2
386.87 387.12 0
387.12 389.93 2
389.93 390.27 3
390.27 390.63 1
390.63 393.61 0
393.61 398.76 2
398.76 399.07 0
399.07 399.56 2
399.56 399.70 0
399.70 403.08 2
403.08 403.15 0
403.15 404.78 2
404.78 405.02 3
405.02 407.53 2
407.53 408.06 3
408.06 408.51 1
408.51 408.74 0
408.74 409.02 2
409.02 409.06 3
409.06 409.76 1
409.76 409.86 3
409.86 410.32 2
410.32 410.46 3
410.46 410.59 1
410.59 410.99 0
410.99 411.30 1
411.30 411.41 0
411.41 414.40 1
414.40 414.66 0
414.66 415.15 2
415.15 415.22 3
415.22 415.47 1
415.47 415.69 0
415.69 417.33 1
417.33 417.55 0
417.55 419.35 2
419.35 419.44 0
419.44 425.59 2
425.59 425.66 0
425.66 426.01 2
426.01 426.52 3
426.52 427.53 2
427.53 427.77 3
427.77 435.05 1
435.05 435.15 3
435.15 435.38 2
435.38 435.58 3
435.58 440.59 2
440.59 440.84 3
440.84 441.61 2
441.61 441.67 3
441.67 443.56 1
443.56 444.09 0
444.09 445.01 2
445.01 445.14 0
445.14 446.68 1
446.68 447.03 3
447.03 447.91 2
447.91 448.08 3
448.08 449.79 1
449.79 450.44 0
450.44 450.88 1
450.88 451.42 0
451.42 455.42 2
455.42 455.82 0
455.82 456.28 1
456.28 456.52 0
456.52 456.98 2
456.98 457.09 0
457.09 457.62 2
457.62 458.02 3
458.02 460.35 2
460.35 460.53 0
460.53 461.67 2
461.67 462.12 0
462.12 462.97 2
462.97 463.56 3
463.56 465.59 1
465.59 466.02 0
466.02 467.13 2
467.13 467.46 3
467.46 469.58 2
469.58 469.62 3
469.62 470.24 1
470.24 470.66 3
470.66 470.87 2
470.87 470.97 0
470.97 472.02 1
472.02 473.13 0
473.13 474.63 2
474.63 475.33 0
475.33 477.04 2
477.04 477.80 3
477.80 478.06 1
478.06 478.60 3
478.60 479.32 1
479.32 479.52 0
479.52 479.98 1
479.98 480.14 0
480.14 480.80 1
480.80 482.84 0
482.84 491.65 2
491.65 491.93 3
491.93 491.99 1
491.99 492.10 0
492.10 493.15 2
493.15 493.82 0
493.82 496.16 2
496.16 496.41 3
496.41 496.53 1
496.53 496.94 0
496.94 500.20 1
500.20 500.46 3
500.46 502.05 2
502.05 502.27 0
502.27 502.73 1
502.73 503.02 0
503.02 505.33 2
505.33 505.53 3
505.53 507.02 2
507.02 510.27 0
510.27 511.67 2
511.67 511.99 3
511.99 512.07 1
512.07 514.51 0
514.51 515.16 2
515.16 515.28 0
515.28 515.95 2
515.95 516.45 0
516.45 518.72 1
518.72 519.17 0
519.17 519.54 2
519.54 519.99 0
519.99 523.53 2
523.53 523.77 3
523.77 525.76 2
525.76 526.18 3
526.18 526.37 1
526.37 526.66 3
526.66 528.71 2
528.71 528.94 0
528.94 531.27 2
531.27 531.45 3
531.45 534.09 2
534.09 534.17 0
534.17 535.77 2
535.77 536.19 3
536.19 538.75 2
538.75 538.87 0
538.87 542.92 2
542.92 543.06 3
543.06 543.51 1
543.51 544.17 3
544.17 545.67 2
545.67 545.82 0
545.82 549.34 2
549.34 549.41 0
549.41 552.81 2
552.81 552.95 3
552.95 554.08 1
554.08 554.31 0
554.31 555.02 1
555.02 555.37 3
555.37 555.83 2
555.83 555.97 3
555.97 558.17 2
558.17 558.25 0
558.25 558.88 2
558.88 559.76 3
559.76 562.75 2
562.75 562.92 0
562.92 563.09 2
563.09 563.43 3
563.43 564.21 2
564.21 564.38 3
564.38 568.35 2
568.35 568.67 3
568.67 569.82 2
569.82 569.91 0
569.91 571.64 1
571.64 571.74 0
571.74 572.05 1
572.05 572.38 3
572.38 572.65 2
572.65 572.78 3
572.78 573.38 2
573.38 573.65 3
573.65 574.94 2
574.94 575.10 0
575.10 576.05 2
576.05 576.25 3
576.25 577.60 2
577.60 577.64 0
577.64 578.24 1
578.24 578.35 3
578.35 578.64 2
578.64 578.65 0
578.65 579.08 1
579.08 579.30 0
579.30 581.90 2
581.90 581.99 3
581.99 582.21 1
582.21 586.26 0
586.26 587.46 2
587.46 588.29 0
588.29 589.80 2
589.80 590.15 0
590.15 591.02 2
591.02 592.42 0
592.42 593.10 2
