0.00 3.45 2
3.45 3.59 0
3.59 3.94 2
3.94 4.09 0
4.09 5.71 2
5.71 5.75 0
5.75 12.08 2
12.08 12.12 0
12.12 16.95 2
16.95 17.06 0
17.06 17.41 1
17.41 17.67 3
17.67 17.88 2
17.88 18.04 3
18.04 18.94 2
18.94 19.20 3
19.20 20.89 2
20.89 21.10 0
21.10 21.25 2
21.25 21.42 3
21.42 21.59 1
21.59 22.26 3
22.26 25.59 2
25.59 25.71 0
25.71 28.87 2
28.87 28.92 0
28.92 30.25 2
30.25 31.09 3
31.09 31.11 1
31.11 31.60 3
31.60 32.30 2
32.30 32.78 3
32.78 33.45 2
33.45 33.78 3
33.78 33.90 2
33.90 34.29 3
34.29 36.06 1
36.06 36.35 3
36.35 36.61 1
36.61 36.74 3
36.74 43.06 2
43.06 43.15 0
43.15 45.27 2
45.27 45.87 3
45.87 45.91 2
45.91 46.23 0
46.23 46.60 1
46.60 46.73 0
46.73 50.47 1
50.47 50.94 0
50.94 54.11 2
54.11 54.20 0
54.20 57.09 2
57.09 57.33 0
57.33 57.40 2
57.40 57.71 3
57.71 57.80 1
57.80 59.40 3
59.40 59.88 1
59.88 60.30 0
60.30 63.30 2
63.30 64.19 0
64.19 67.18 2
67.18 67.50 0
67.50 69.28 1
69.28 69.66 0
69.66 69.93 2
69.93 70.11 0
70.11 71.38 2
71.38 71.95 0
71.95 78.29 2
78.29 78.82 0
78.82 81.10 2
81.10 81.62 0
81.62 82.53 1
82.53 83.42 0
83.42 83.76 2
83.76 84.17 0
84.17 85.13 2
85.13 85.23 3
85.23 85.28 1
85.28 86.00 3
86.00 86.37 2
86.37 86.71 0
86.71 86.97 1
86.97 87.14 3
87.14 89.45 2
89.45 89.50 0
89.50 92.57 1
92.57 92.65 0
92.65 93.99 1
93.99 94.21 0
94.21 96.44 1
96.44 96.74 0
96.74 98.14 2
98.14 98.17 0
98.17 100.77 2
100.77 101.16 0
101.16 101.49 1
101.49 101.64 3
101.64 101.84 2
101.84 101.96 3
101.96 102.51 1
102.51 102.54 0
102.54 106.52 2
106.52 106.74 0
106.74 106.85 1
106.85 107.33 3
107.33 110.74 2
110.74 111.13 0
111.13 111.42 1
111.42 111.64 3
111.64 111.67 1
111.67 112.04 0
112.04 113.45 2
113.45 113.71 3
113.71 114.02 1
114.02 114.28 0
114.28 119.59 2
119.59 120.01 0
120.01 120.45 1
120.45 120.73 0
120.73 121.23 1
121.23 121.51 0
121.51 122.04 1
122.04 122.24 0
122.24 124.76 1
124.76 124.87 3
124.87 125.08 2
125.08 125.16 3
125.16 126.93 1
126.93 127.43 0
127.43 127.75 1
127.75 127.95 0
127.95 130.41 1
130.41 130.54 3
130.54 130.83 2
130.83 131.36 3
131.36 136.32 1
136.32 136.61 3
136.61 137.93 2
137.93 138.29 0
138.29 139.26 2
139.26 139.40 0
139.40 140.44 1
140.44 141.11 3
141.11 141.43 2
141.43 142.06 3
142.06 143.54 1
143.54 143.67 3
143.67 144.68 2
144.68 144.71 3
144.71 145.15 1
145.15 145.39 0
145.39 146.89 2
146.89 147.44 3
147.44 148.83 2
148.83 149.16 0
149.16 152.73 1
152.73 152.88 0
152.88 154.53 2
154.53 154.58 0
154.58 154.82 1
154.82 155.91 3
155.91 156.89 1
156.89 157.51 3
157.51 157.99 1
157.99 158.21 3
158.21 158.90 2
158.90 161.73 3
161.73 161.76 1
161.76 161.92 3
161.92 162.10 2
162.10 166.07 3
166.07 166.79 2
166.79 166.80 0
166.80 168.44 1
168.44 169.31 3
169.31 169.52 1
169.52 170.43 3
170.43 170.75 2
170.75 170.84 0
170.84 171.59 2
171.59 172.63 3
172.63 173.05 2
173.05 173.77 3
173.77 175.30 1
175.30 175.56 3
175.56 176.77 2
176.77 177.47 3
177.47 177.71 1
177.71 178.18 3
178.18 179.11 2
179.11 179.35 3
179.35 180.01 2
180.01 180.22 0
180.22 180.70 1
180.70 181.30 3
181.30 183.84 1
183.84 184.08 0
184.08 184.11 1
184.11 184.26 3
184.26 185.17 2
185.17 185.53 3
185.53 185.66 1
185.66 185.85 0
185.85 188.21 1
188.21 188.30 0
188.30 189.64 1
189.64 189.82 0
189.82 190.55 2
190.55 191.18 3
191.18 193.51 1
193.51 193.62 0
193.62 193.87 1
193.87 194.02 3
194.02 194.19 2
194.19 194.70 3
194.70 195.46 2
195.46 196.27 0
196.27 196.87 1
196.87 198.19 3
198.19 198.31 1
198.31 199.32 0
199.32 199.54 2
199.54 199.81 3
199.81 199.84 1
199.84 200.02 0
200.02 200.39 1
200.39 200.46 0
200.46 203.69 1
203.69 203.77 0
203.77 207.02 1
207.02 207.19 0
207.19 208.71 1
208.71 209.09 0
209.09 209.42 1
209.42 209.54 0
209.54 209.59 2
209.59 210.10 3
210.10 212.25 1
212.25 212.35 0
212.35 212.50 1
212.50 212.71 3
212.71 212.87 2
212.87 213.07 3
213.07 214.28 1
214.28 214.92 0
214.92 215.32 2
215.32 215.34 3
215.34 219.52 1
219.52 219.53 0
219.53 220.18 2
220.18 222.10 3
222.10 223.27 2
223.27 223.46 0
223.46 225.09 2
225.09 225.16 3
225.16 225.30 1
225.30 225.57 3
225.57 225.66 2
225.66 225.86 0
225.86 228.63 2
228.63 228.80 3
228.80 230.23 1
230.23 230.33 0
230.33 231.11 1
231.11 231.32 0
231.32 233.26 1
233.26 233.73 3
233.73 235.75 1
235.75 235.81 0
235.81 239.56 1
239.56 239.98 0
239.98 240.54 2
240.54 240.75 0
240.75 244.08 1
244.08 244.18 0
244.18 244.64 1
244.64 245.17 3
245.17 245.41 1
245.41 246.15 3
246.15 247.55 1
247.55 247.87 0
247.87 247.96 1
247.96 248.05 3
248.05 248.59 2
248.59 248.67 3
248.67 253.35 1
253.35 253.62 0
253.62 253.81 2
253.81 254.43 3
254.43 256.83 1
256.83 257.10 0
257.10 258.52 2
258.52 258.75 0
258.75 265.14 1
265.14 265.57 0
265.57 266.36 2
266.36 267.22 0
267.22 267.27 1
267.27 267.76 3
267.76 270.30 1
270.30 270.49 3
270.49 270.63 2
270.63 270.88 3
270.88 271.87 1
271.87 272.29 3
272.29 273.01 1
273.01 273.20 0
273.20 273.83 2
273.83 273.97 0
273.97 274.93 1
274.93 275.31 0
275.31 275.96 2
275.96 276.09 3
276.09 277.48 1
277.48 277.61 0
277.61 282.11 1
282.11 282.26 3
282.26 282.32 2
282.32 282.78 3
282.78 285.13 1
285.13 285.22 3
285.22 286.42 2
286.42 286.91 3
286.91 287.17 2
287.17 287.37 0
287.37 290.04 1
290.04 290.47 0
290.47 290.84 1
290.84 291.35 3
291.35 294.13 1
294.13 294.35 0
294.35 297.29 1
297.29 298.07 3
298.07 298.98 1
