0.00 2.14 2
2.14 3.44 3
3.44 3.63 1
3.63 4.54 0
4.54 8.36 1
8.36 9.53 0
9.53 9.71 2
9.71 9.96 3
9.96 10.12 1
10.12 11.01 0
11.01 11.30 1
11.30 11.52 3
11.52 14.10 2
14.10 14.94 0
14.94 17.15 2
17.15 17.84 0
17.84 18.26 1
18.26 18.49 3
18.49 18.93 2
18.93 19.88 0
19.88 21.09 2
21.09 21.51 0
21.51 22.54 1
22.54 23.44 0
23.44 24.21 2
24.21 24.27 0
24.27 26.14 1
26.14 27.07 0
27.07 27.57 2
27.57 28.06 3
28.06 28.54 2
28.54 28.86 0
28.86 30.16 1
30.16 30.99 0
30.99 32.17 2
32.17 32.25 0
32.25 32.52 1
32.52 33.81 0
33.81 35.72 2
35.72 36.53 3
36.53 36.96 1
36.96 37.62 0
37.62 38.76 2
38.76 39.19 0
39.19 40.27 2
40.27 40.71 3
40.71 41.35 2
41.35 42.89 0
42.89 43.22 1
43.22 43.76 0
43.76 44.18 1
44.18 45.22 0
45.22 46.51 2
46.51 47.02 0
47.02 47.36 1
47.36 48.19 3
48.19 48.85 1
48.85 49.60 0
49.60 53.39 1
53.39 53.68 0
53.68 54.29 1
54.29 55.14 0
55.14 55.56 2
55.56 55.68 3
55.68 56.14 1
56.14 57.28 0
57.28 57.73 1
57.73 58.37 3
58.37 58.70 2
58.70 58.79 0
58.79 59.10 1
59.10 60.13 0
60.13 60.55 2
60.55 60.76 3
60.76 61.99 2
61.99 62.14 0
62.14 63.80 2
63.80 63.96 3
63.96 64.51 1
64.51 65.59 0
65.59 67.04 1
67.04 67.83 0
67.83 68.25 1
68.25 68.64 0
68.64 69.24 1
69.24 71.05 0
71.05 72.62 1
72.62 74.06 0
74.06 74.84 1
74.84 75.38 0
75.38 77.24 1
77.24 79.33 0
79.33 80.48 1
80.48 83.53 0
83.53 85.50 1
85.50 86.84 0
86.84 89.07 1
89.07 90.59 0
90.59 94.46 2
94.46 95.78 0
95.78 96.12 1
96.12 96.80 3
96.80 97.60 2
97.60 98.42 0
98.42 99.64 1
99.64 100.44 0
100.44 100.72 1
100.72 100.74 0
100.74 101.06 2
101.06 102.30 0
102.30 102.87 1
102.87 103.47 0
103.47 104.46 1
104.46 106.27 0
106.27 108.42 1
108.42 109.21 0
109.21 109.35 1
109.35 109.44 3
109.44 109.82 2
109.82 110.53 0
110.53 111.85 1
111.85 113.32 0
113.32 114.55 2
114.55 115.02 0
115.02 115.64 1
115.64 116.52 3
116.52 117.80 1
117.80 118.28 0
118.28 118.82 1
118.82 119.64 0
119.64 119.90 1
119.90 120.42 3
120.42 122.64 2
122.64 122.88 0
122.88 124.96 2
124.96 125.47 3
125.47 125.59 1
125.59 126.19 0
126.19 126.59 1
126.59 128.01 0
128.01 130.11 1
130.11 130.94 0
130.94 133.81 2
133.81 133.98 0
133.98 136.79 2
136.79 137.53 0
137.53 137.89 1
137.89 138.10 3
138.10 140.50 2
140.50 141.48 3
141.48 141.80 1
141.80 143.33 0
143.33 145.06 1
145.06 146.26 0
146.26 146.42 1
146.42 146.95 3
146.95 148.54 2
148.54 148.97 0
148.97 149.97 1
149.97 151.46 0
151.46 152.50 2
152.50 152.72 0
152.72 153.49 1
153.49 154.21 0
154.21 155.66 2
155.66 155.80 0
155.80 157.28 1
157.28 157.99 3
157.99 158.13 2
158.13 159.55 0
159.55 160.36 2
160.36 161.82 0
161.82 163.02 2
163.02 163.20 0
163.20 166.21 1
166.21 167.71 0
167.71 168.20 1
168.20 168.29 3
168.29 168.63 2
168.63 169.08 0
169.08 171.63 1
171.63 173.13 0
173.13 174.57 1
174.57 175.78 0
175.78 176.13 2
176.13 176.51 3
176.51 177.24 1
177.24 178.02 0
178.02 179.92 1
179.92 180.17 0
180.17 180.92 1
180.92 181.12 0
181.12 182.52 1
182.52 183.55 0
183.55 186.20 2
186.20 186.57 0
186.57 186.88 1
186.88 188.02 0
188.02 188.82 2
188.82 189.73 0
189.73 191.57 1
191.57 193.14 0
193.14 194.00 2
194.00 194.90 0
194.90 195.16 1
195.16 195.26 3
195.26 197.25 2
197.25 197.26 0
197.26 197.68 1
197.68 198.60 0
198.60 201.76 1
201.76 202.31 0
202.31 202.57 1
202.57 203.29 3
203.29 205.83 2
205.83 206.10 3
206.10 206.79 1
206.79 207.11 0
207.11 207.89 1
207.89 208.90 0
208.90 210.07 2
210.07 210.91 3
210.91 213.39 2
213.39 213.62 0
213.62 215.07 2
215.07 215.24 0
215.24 215.46 2
215.46 216.74 3
216.74 216.99 2
216.99 217.02 0
217.02 219.59 1
219.59 221.26 0
221.26 222.56 1
222.56 223.34 0
223.34 223.65 1
223.65 224.53 3
224.53 224.95 1
224.95 225.88 0
225.88 229.09 2
229.09 230.02 0
230.02 232.18 2
232.18 232.42 0
232.42 235.60 2
235.60 237.20 3
237.20 237.29 1
237.29 238.04 0
238.04 238.44 3
238.44 238.64 0
238.64 239.71 2
239.71 239.96 0
239.96 241.18 1
241.18 241.57 0
241.57 241.85 1
241.85 242.12 0
242.12 243.04 1
243.04 243.20 3
243.20 244.71 2
244.71 244.84 3
244.84 245.29 1
245.29 245.95 3
245.95 246.12 2
246.12 246.29 0
246.29 249.10 2
249.10 249.26 0
249.26 251.72 2
251.72 251.90 0
251.90 252.20 2
252.20 252.55 3
252.55 256.34 2
256.34 256.40 0
256.40 261.59 2
261.59 262.24 3
262.24 262.59 2
262.59 262.65 3
262.65 262.78 1
262.78 262.85 3
262.85 263.07 2
263.07 264.13 3
264.13 264.38 1
264.38 265.73 3
265.73 266.10 2
266.10 266.37 0
266.37 267.01 2
267.01 267.04 0
267.04 267.38 1
267.38 268.20 0
268.20 268.49 1
268.49 268.68 3
268.68 269.51 2
269.51 269.61 0
269.61 270.81 1
270.81 272.04 0
272.04 273.34 2
273.34 273.66 0
273.66 273.87 1
273.87 274.12 0
274.12 275.42 1
275.42 275.54 0
275.54 276.04 2
276.04 276.20 0
276.20 276.47 1
276.47 276.94 3
276.94 277.03 2
277.03 277.81 0
277.81 279.43 1
279.43 280.35 0
280.35 280.72 1
280.72 281.89 0
281.89 284.75 2
284.75 284.87 0
284.87 285.09 1
285.09 285.71 3
285.71 285.92 1
285.92 286.47 0
286.47 286.79 1
286.79 287.36 3
287.36 287.50 1
287.50 287.55 3
287.55 288.13 2
288.13 289.70 3
289.70 289.90 1
289.90 290.77 0
290.77 292.54 2
292.54 292.87 3
292.87 294.81 1
294.81 295.59 0
295.59 300.04 2
300.04 300.66 0
300.66 305.26 2
305.26 305.44 0
305.44 307.74 2
307.74 308.37 0
308.37 309.37 2
309.37 310.77 0
310.77 312.47 2
312.47 313.04 3
313.04 313.45 2
313.45 314.05 0
314.05 314.56 2
314.56 314.99 0
314.99 315.73 1
315.73 316.22 3
316.22 318.04 2
318.04 318.54 3
318.54 319.92 1
319.92 321.69 0
321.69 321.74 1
321.74 321.94 3
321.94 324.39 2
324.39 324.66 3
324.66 325.18 1
325.18 325.96 3
325.96 328.55 2
328.55 328.64 0
328.64 328.98 2
328.98 329.11 0
329.11 330.11 2
330.11 330.28 0
330.28 333.20 2
333.20 334.51 0
334.51 335.07 2
335.07 335.47 0
335.47 336.10 2
336.10 337.81 0
337.81 338.23 1
338.23 338.55 3
338.55 338.75 1
338.75 339.44 0
339.44 342.09 1
342.09 343.99 0
343.99 344.29 2
344.29 345.03 3
345.03 345.26 2
345.26 345.91 1
345.91 346.64 0
346.64 346.94 2
346.94 347.50 0
347.50 350.79 2
350.79 350.97 0
350.97 351.43 2
351.43 351.61 0
351.61 353.39 2
353.39 354.65 3
354.65 355.01 1
355.01 356.11 0
356.11 357.51 2
357.51 357.74 0
357.74 358.14 2
358.14 358.54 3
358.54 358.88 2
358.88 359.24 0
359.24 362.04 2
362.04 362.64 0
362.64 364.06 2
364.06 364.28 0
364.28 368.06 2
368.06 368.12 0
368.12 372.47 2
372.47 373.25 0
373.25 377.51 2
377.51 377.93 0
377.93 381.45 2
381.45 381.46 3
381.46 382.12 1
382.12 382.49 3
382.49 383.79 2
383.79 384.84 3
384.84 385.32 2
385.32 385.92 0
385.92 388.89 2
388.89 389.53 0
389.53 390.07 2
390.07 390.22 0
390.22 391.82 2
391.82 391.96 0
391.96 392.35 2
392.35 393.07 3
393.07 393.43 1
393.43 394.66 3
394.66 395.20 2
395.20 395.27 0
395.27 395.74 2
395.74 396.79 3
396.79 396.92 2
396.92 397.35 0
397.35 397.55 1
397.55 397.63 3
397.63 399.43 2
399.43 399.54 0
399.54 400.00 2
400.00 402.12 3
402.12 403.74 1
403.74 405.04 3
405.04 405.34 2
405.34 406.57 3
406.57 406.88 2
406.88 407.14 3
407.14 407.55 1
407.55 408.25 0
408.25 408.40 2
408.40 408.50 3
408.50 410.39 2
410.39 410.41 3
410.41 410.57 1
410.57 411.39 3
411.39 411.94 1
411.94 412.02 3
412.02 412.40 2
412.40 413.60 3
413.60 413.84 1
413.84 414.50 3
414.50 414.54 1
414.54 414.73 0
414.73 420.72 2
420.72 420.86 0
420.86 421.22 2
421.22 421.29 0
421.29 421.37 1
421.37 421.62 3
421.62 422.35 2
422.35 422.43 3
422.43 422.78 1
422.78 423.59 3
423.59 423.82 1
423.82 424.43 0
424.43 425.07 1
425.07 425.32 3
425.32 427.40 1
427.40 428.05 3
428.05 428.38 2
428.38 428.51 3
428.51 428.69 2
428.69 428.74 3
428.74 429.37 1
429.37 429.69 3
429.69 429.79 2
429.79 430.46 0
430.46 430.74 1
430.74 431.56 3
431.56 431.71 1
431.71 432.68 0
432.68 433.64 2
433.64 434.39 3
434.39 436.07 2
436.07 436.21 0
436.21 438.39 2
438.39 438.59 0
438.59 439.12 2
439.12 439.54 0
439.54 441.21 2
441.21 441.35 0
441.35 442.46 2
442.46 442.92 0
442.92 446.17 2
446.17 446.45 0
446.45 446.87 2
446.87 447.41 3
447.41 447.61 2
447.61 447.93 3
447.93 448.14 1
448.14 448.35 0
448.35 449.64 2
449.64 449.84 3
449.84 449.95 1
449.95 450.74 3
450.74 450.79 2
450.79 451.07 0
451.07 451.39 1
451.39 451.59 0
451.59 453.02 2
453.02 453.51 3
453.51 453.75 1
453.75 454.72 0
454.72 457.19 2
457.19 457.94 0
457.94 459.06 2
459.06 459.68 0
459.68 461.76 2
461.76 462.15 0
462.15 464.63 2
464.63 465.92 0
465.92 467.74 2
467.74 468.07 0
468.07 470.23 2
470.23 470.96 0
470.96 471.24 1
471.24 471.85 3
471.85 474.32 1
474.32 475.79 0
475.79 476.24 2
476.24 476.40 0
476.40 482.24 2
482.24 482.31 0
482.31 485.81 2
485.81 486.04 0
486.04 486.39 2
486.39 486.53 0
486.53 490.17 2
490.17 490.32 0
490.32 495.65 2
495.65 496.43 0
496.43 497.92 2
497.92 499.67 0
499.67 500.36 1
500.36 501.06 0
501.06 501.26 1
501.26 501.92 3
501.92 502.64 2
502.64 505.46 1
505.46 506.60 0
506.60 509.35 1
509.35 509.70 0
509.70 512.39 2
512.39 513.49 0
513.49 514.58 2
514.58 516.20 0
516.20 516.99 2
516.99 517.45 0
517.45 519.47 2
519.47 520.56 0
520.56 523.58 2
523.58 524.46 0
524.46 524.69 1
524.69 525.50 3
525.50 526.78 2
526.78 526.80 0
526.80 527.30 1
527.30 527.37 3
527.37 527.65 2
527.65 528.18 0
528.18 529.90 1
529.90 530.16 0
530.16 530.59 1
530.59 531.84 3
531.84 535.44 2
535.44 536.05 0
536.05 538.62 2
538.62 538.76 0
538.76 539.01 2
539.01 539.22 0
539.22 541.81 2
541.81 542.12 3
542.12 543.25 2
543.25 543.37 0
543.37 543.51 2
543.51 543.61 3
543.61 543.77 1
543.77 544.23 3
544.23 544.82 2
544.82 544.90 0
544.90 545.84 1
545.84 546.97 0
546.97 547.02 2
547.02 547.24 3
547.24 547.34 2
547.34 547.38 0
547.38 547.76 1
547.76 547.95 3
547.95 548.13 1
548.13 548.53 3
548.53 551.43 2
551.43 552.16 0
552.16 558.18 2
558.18 558.39 0
558.39 559.46 2
559.46 559.62 0
559.62 561.70 2
561.70 561.80 0
561.80 562.15 2
562.15 562.28 0
562.28 564.48 2
564.48 565.34 0
565.34 566.19 2
566.19 566.67 0
566.67 567.38 1
567.38 568.50 3
568.50 569.21 2
569.21 569.37 0
569.37 570.20 2
570.20 570.43 0
570.43 571.66 1
571.66 572.74 0
572.74 574.00 2
574.00 574.70 0
574.70 575.62 2
575.62 575.79 0
575.79 579.06 2
579.06 579.57 0
579.57 581.69 2
581.69 581.78 0
581.78 581.92 2
581.92 582.75 3
582.75 585.97 2
585.97 586.12 0
586.12 586.93 2
586.93 587.12 3
587.12 587.47 2
587.47 587.65 0
587.65 594.27 2
594.27 594.39 0
594.39 596.06 2
596.06 596.41 0
596.41 598.05 2
598.05 598.47 0
598.47 601.17 2
601.17 601.60 0
601.60 601.66 1
601.66 601.98 3
601.98 604.84 2
