0.00 0.17 2
0.17 0.24 0
0.24 2.24 2
2.24 2.36 3
2.36 4.76 1
4.76 5.28 0
5.28 7.69 1
7.69 7.73 3
7.73 8.96 2
8.96 9.33 3
9.33 9.69 2
9.69 10.62 3
10.62 11.28 2
11.28 11.32 3
11.32 12.29 1
12.29 12.54 0
12.54 12.99 1
12.99 13.14 0
13.14 16.14 1
16.14 16.21 0
16.21 16.50 1
16.50 16.57 0
16.57 18.23 1
18.23 18.29 0
18.29 18.54 1
18.54 18.61 0
18.61 21.65 1
21.65 21.69 0
21.69 22.00 1
22.00 22.07 0
22.07 24.00 1
24.00 24.39 0
24.39 24.86 1
24.86 25.23 3
25.23 25.94 2
25.94 26.18 3
26.18 26.76 2
26.76 27.00 3
27.00 27.19 2
27.19 27.22 0
27.22 29.15 2
29.15 29.19 0
29.19 29.88 2
29.88 30.23 3
30.23 32.11 2
32.11 32.13 0
32.13 33.37 2
33.37 33.53 3
33.53 33.55 1
33.55 33.94 3
33.94 34.84 2
34.84 34.91 0
34.91 35.09 2
35.09 35.14 0
35.14 36.90 2
36.90 37.35 3
37.35 37.46 2
37.46 37.61 0
37.61 37.90 1
37.90 37.91 0
37.91 38.95 2
38.95 39.21 3
39.21 40.48 1
40.48 40.67 0
40.67 41.86 1
41.86 41.99 0
41.99 42.25 1
42.25 42.34 0
42.34 45.41 1
45.41 45.47 0
45.47 45.73 1
45.73 45.83 0
45.83 49.06 1
49.06 49.13 0
49.13 49.41 1
49.41 49.51 0
49.51 51.23 1
51.23 51.65 3
51.65 54.90 2
54.90 55.14 3
55.14 55.30 1
55.30 55.31 3
55.31 55.52 2
55.52 55.79 1
55.79 55.92 0
55.92 56.14 1
56.14 56.91 3
56.91 57.17 1
57.17 57.23 0
57.23 61.77 1
61.77 62.03 0
62.03 62.25 1
62.25 62.42 0
62.42 66.86 1
66.86 66.97 0
66.97 68.50 1
68.50 69.10 3
69.10 69.20 1
69.20 69.58 3
69.58 72.31 2
72.31 72.62 3
72.62 73.95 2
73.95 74.20 3
74.20 74.35 1
74.35 74.98 3
74.98 76.06 2
76.06 76.50 3
76.50 77.05 2
77.05 77.24 3
77.24 77.53 1
77.53 77.98 3
77.98 78.64 2
78.64 79.12 3
79.12 79.73 2
79.73 79.85 3
79.85 84.73 1
84.73 84.86 0
84.86 85.21 1
85.21 85.33 0
85.33 85.54 1
85.54 86.01 3
86.01 88.61 1
88.61 88.71 0
88.71 89.22 2
89.22 90.33 3
90.33 93.15 1
93.15 93.56 0
93.56 93.89 1
93.89 94.47 3
94.47 94.91 1
94.91 95.40 0
95.40 95.45 1
95.45 96.01 3
96.01 97.75 1
97.75 98.17 0
98.17 98.51 1
98.51 99.09 3
99.09 102.20 1
102.20 102.82 0
102.82 102.85 1
102.85 103.47 3
103.47 104.47 1
104.47 104.69 0
104.69 105.98 1
105.98 106.31 3
106.31 106.46 1
106.46 106.70 3
106.70 107.02 1
107.02 107.31 0
107.31 110.51 2
110.51 110.75 0
110.75 112.30 2
112.30 112.61 0
112.61 112.71 2
112.71 113.14 0
113.14 113.58 2
113.58 113.85 0
113.85 114.14 2
114.14 114.15 0
114.15 115.76 2
115.76 116.97 3
116.97 117.76 2
117.76 117.89 3
117.89 117.92 1
117.92 118.79 3
118.79 119.31 1
119.31 119.70 3
119.70 120.47 1
120.47 121.00 3
121.00 121.73 1
121.73 121.84 0
121.84 122.09 1
122.09 122.20 0
122.20 124.17 1
124.17 124.22 0
124.22 124.52 1
124.52 124.57 0
124.57 124.98 1
124.98 125.48 3
125.48 128.86 1
128.86 128.96 0
128.96 129.26 1
129.26 129.42 0
129.42 131.71 1
131.71 131.83 3
131.83 134.83 2
134.83 136.14 3
136.14 136.16 1
136.16 136.19 0
136.19 136.34 2
136.34 136.51 3
136.51 136.52 1
136.52 136.63 3
136.63 139.17 2
139.17 139.38 3
139.38 139.41 1
139.41 139.61 3
139.61 139.79 2
139.79 140.01 3
140.01 140.60 2
140.60 140.64 0
140.64 140.92 2
140.92 141.39 3
141.39 145.28 2
145.28 145.76 3
145.76 145.78 1
145.78 145.80 3
145.80 147.89 2
147.89 148.14 3
148.14 148.60 2
148.60 148.72 0
148.72 149.01 2
149.01 149.29 3
149.29 149.84 2
149.84 150.28 3
150.28 150.48 2
150.48 150.79 3
150.79 151.10 2
151.10 151.19 0
151.19 151.25 1
151.25 151.66 3
151.66 152.65 1
152.65 152.75 0
152.75 156.20 1
156.20 156.50 0
156.50 156.53 1
156.53 157.78 3
157.78 161.81 2
161.81 162.78 3
162.78 163.10 1
163.10 163.41 3
163.41 164.00 2
164.00 164.20 0
164.20 164.57 1
164.57 164.98 3
164.98 166.97 1
166.97 167.01 0
167.01 171.65 1
171.65 171.70 0
171.70 175.23 1
175.23 175.33 0
175.33 176.38 1
176.38 176.42 0
176.42 177.25 1
177.25 177.71 3
177.71 179.47 1
179.47 179.57 0
179.57 182.27 1
182.27 182.50 3
182.50 182.76 2
182.76 182.98 0
182.98 183.33 1
183.33 183.48 3
183.48 183.65 2
183.65 183.71 3
183.71 183.98 1
183.98 184.15 0
184.15 184.58 1
184.58 184.60 3
184.60 184.71 2
184.71 185.01 3
185.01 188.13 2
188.13 188.77 3
188.77 190.58 2
190.58 190.87 3
190.87 191.59 2
191.59 191.89 0
191.89 192.04 2
192.04 192.81 3
192.81 193.08 1
193.08 193.60 0
193.60 194.29 2
194.29 194.56 3
194.56 194.66 1
194.66 194.77 2
194.77 195.19 3
195.19 196.32 2
196.32 196.45 3
196.45 197.04 2
197.04 197.16 0
197.16 197.31 1
197.31 197.40 3
197.40 197.51 2
197.51 198.20 3
198.20 198.73 2
198.73 198.81 0
198.81 200.31 2
200.31 200.74 3
200.74 203.41 1
203.41 203.73 0
203.73 204.42 1
204.42 204.60 3
204.60 205.70 2
205.70 205.77 0
205.77 207.77 1
207.77 207.85 0
207.85 208.09 1
208.09 208.20 0
208.20 209.47 1
209.47 210.04 3
210.04 210.59 2
210.59 210.72 0
210.72 212.90 2
212.90 212.92 3
212.92 214.34 1
214.34 214.64 0
214.64 218.57 2
218.57 218.99 3
218.99 219.05 1
219.05 219.64 3
219.64 220.66 2
220.66 220.89 3
220.89 221.14 2
221.14 221.73 3
221.73 223.82 2
223.82 223.89 3
223.89 224.09 1
224.09 224.35 0
224.35 224.53 1
224.53 225.32 0
225.32 227.49 2
227.49 227.71 0
227.71 229.66 1
229.66 229.74 0
229.74 229.96 1
229.96 230.05 0
230.05 232.19 1
232.19 232.20 0
232.20 232.41 2
232.41 232.62 3
232.62 232.99 1
232.99 233.41 0
233.41 233.60 2
233.60 234.32 3
234.32 236.06 2
236.06 236.48 0
236.48 237.47 2
237.47 237.55 0
237.55 238.02 2
238.02 238.09 1
238.09 238.52 3
238.52 238.94 2
238.94 239.00 0
239.00 240.11 2
240.11 240.19 0
240.19 240.84 2
240.84 240.97 0
240.97 245.41 1
245.41 245.99 0
245.99 249.80 1
249.80 250.31 0
250.31 251.99 1
251.99 252.55 0
252.55 253.16 1
253.16 253.27 0
253.27 253.82 1
253.82 253.92 0
253.92 254.44 1
254.44 255.31 0
255.31 256.11 2
256.11 256.23 3
256.23 256.29 1
256.29 256.64 0
256.64 256.73 2
256.73 256.91 3
256.91 257.13 1
257.13 257.33 3
257.33 257.41 2
257.41 257.70 3
257.70 258.30 2
258.30 258.42 0
258.42 262.89 2
262.89 263.34 0
263.34 264.82 2
264.82 264.91 3
264.91 265.02 1
265.02 265.13 3
265.13 265.16 2
265.16 265.66 3
265.66 267.04 2
267.04 267.64 3
267.64 269.53 1
269.53 270.42 0
270.42 273.42 2
273.42 273.56 0
273.56 273.64 1
273.64 273.89 3
273.89 274.00 1
274.00 274.14 3
274.14 275.65 2
275.65 276.05 3
276.05 276.51 2
276.51 276.64 0
276.64 278.32 2
278.32 278.44 0
278.44 278.64 1
278.64 278.84 0
278.84 279.70 2
279.70 279.90 0
279.90 280.98 2
280.98 281.06 0
281.06 284.28 2
284.28 284.47 0
284.47 284.66 1
284.66 285.26 3
285.26 285.60 2
285.60 286.21 0
286.21 286.44 1
286.44 286.55 3
286.55 287.85 2
287.85 288.32 0
288.32 289.96 2
289.96 290.19 0
290.19 294.66 2
294.66 294.76 0
294.76 295.13 2
295.13 295.38 3
295.38 296.29 2
296.29 296.31 0
296.31 296.74 1
296.74 297.23 3
297.23 297.61 2
297.61 299.06 0
299.06 299.13 2
299.13 300.04 3
300.04 300.06 2
