0.00 0.70 1
0.70 0.86 0
0.86 1.43 2
1.43 1.68 3
1.68 1.87 1
1.87 2.06 0
2.06 5.19 2
5.19 5.74 0
5.74 6.18 3
6.18 7.46 2
7.46 7.73 3
7.73 9.18 1
9.18 9.77 3
9.77 9.98 1
9.98 10.19 0
10.19 13.92 1
13.92 14.16 0
14.16 14.62 2
14.62 14.64 3
14.64 18.66 1
18.66 18.70 3
18.70 19.20 2
19.20 19.27 3
19.27 20.80 1
20.80 22.10 3
22.10 22.12 2
22.12 22.42 3
22.42 23.24 1
23.24 23.30 0
23.30 23.99 2
23.99 24.20 3
24.20 28.99 1
28.99 29.14 2
29.14 29.56 3
29.56 31.70 1
31.70 31.96 0
31.96 32.00 2
32.00 34.79 3
34.79 35.28 1
35.28 35.86 3
35.86 36.10 2
36.10 36.16 3
36.16 40.55 1
40.55 41.68 3
41.68 42.69 2
42.69 43.28 3
43.28 44.23 2
44.23 44.25 0
44.25 50.72 2
50.72 50.89 0
50.89 51.33 1
51.33 51.47 3
51.47 59.10 2
59.10 59.25 0
59.25 59.44 1
59.44 59.65 3
59.65 69.20 2
69.20 69.26 0
69.26 69.88 1
69.88 69.91 0
69.91 72.07 2
72.07 72.93 0
72.93 80.88 2
80.88 81.49 0
81.49 81.97 1
81.97 82.00 3
82.00 94.13 2
94.13 94.79 0
94.79 100.00 2
100.00 100.07 0
100.07 100.57 1
100.57 100.60 0
100.60 103.16 2
103.16 103.84 0
103.84 115.80 2
115.80 116.02 3
116.02 116.13 1
116.13 116.50 3
116.50 118.98 2
118.98 119.58 0
119.58 120.36 2
120.36 121.20 3
121.20 121.63 2
121.63 121.67 0
121.67 125.13 2
125.13 125.72 3
125.72 125.92 2
125.92 126.69 0
126.69 127.45 2
127.45 127.86 3
127.86 130.61 2
130.61 130.70 0
130.70 130.97 2
130.97 133.59 3
133.59 135.33 2
135.33 135.40 0
135.40 137.09 1
137.09 137.32 3
137.32 137.54 2
137.54 139.68 3
139.68 140.01 1
140.01 140.06 3
140.06 142.77 2
142.77 144.09 3
144.09 144.75 1
144.75 144.88 3
144.88 146.90 2
146.90 147.72 0
147.72 152.86 2
152.86 152.96 0
152.96 153.47 1
153.47 153.93 0
153.93 157.91 2
157.91 158.57 0
158.57 164.60 2
164.60 165.20 3
165.20 166.20 1
166.20 166.23 0
166.23 167.27 2
167.27 167.28 3
167.28 167.33 1
167.33 167.41 3
167.41 168.04 2
168.04 168.37 3
168.37 169.10 2
169.10 169.64 0
169.64 169.66 1
169.66 170.11 3
170.11 172.85 2
172.85 173.33 0
173.33 173.86 1
173.86 173.88 3
173.88 182.53 2
182.53 182.61 0
182.61 183.09 1
183.09 183.34 0
183.34 187.86 2
187.86 187.98 3
187.98 189.21 1
189.21 189.52 3
189.52 191.39 2
191.39 191.78 3
191.78 192.12 1
192.12 192.29 3
192.29 192.50 2
192.50 193.05 0
193.05 199.10 2
199.10 199.51 3
199.51 200.05 2
200.05 200.06 3
200.06 200.51 1
200.51 200.78 0
200.78 203.79 2
203.79 204.33 0
204.33 204.56 1
204.56 204.91 3
204.91 210.29 2
210.29 210.64 0
210.64 212.13 2
212.13 212.91 0
212.91 214.50 1
214.50 214.76 0
214.76 217.06 2
217.06 217.64 3
217.64 218.19 1
218.19 218.68 3
218.68 220.89 2
220.89 221.21 3
221.21 222.64 1
222.64 223.20 0
223.20 223.61 2
223.61 224.08 0
224.08 224.60 3
224.60 229.02 2
229.02 229.23 0
229.23 229.71 1
229.71 230.04 0
230.04 234.73 2
234.73 235.57 0
235.57 240.01 2
240.01 240.57 0
240.57 241.07 1
241.07 241.54 0
241.54 243.32 2
243.32 243.66 3
243.66 243.93 1
243.93 244.02 0
244.02 248.00 2
248.00 248.21 0
248.21 249.32 1
249.32 249.71 0
249.71 256.33 2
256.33 256.83 0
256.83 261.14 2
261.14 261.51 0
261.51 262.10 1
262.10 262.77 0
262.77 269.46 2
269.46 270.67 1
270.67 270.70 0
270.70 273.63 2
273.63 274.14 0
274.14 276.16 1
276.16 276.31 0
276.31 280.43 2
280.43 280.70 0
280.70 281.19 1
281.19 281.29 0
281.29 284.89 2
284.89 284.99 0
284.99 285.66 1
285.66 286.01 0
286.01 293.20 2
293.20 293.73 3
293.73 294.86 2
294.86 295.09 0
295.09 295.60 1
295.60 295.75 0
295.75 302.36 2
302.36 302.76 0
302.76 302.98 1
302.98 303.11 3
303.11 305.42 2
305.42 305.95 3
305.95 306.22 2
306.22 306.35 0
306.35 309.37 2
309.37 309.63 3
309.63 309.83 1
309.83 310.38 3
310.38 311.25 2
311.25 311.63 3
311.63 312.12 2
312.12 312.32 3
312.32 313.73 1
313.73 313.78 0
313.78 316.97 2
316.97 317.02 0
317.02 317.83 1
317.83 317.88 3
317.88 318.55 2
318.55 318.74 0
318.74 319.83 1
319.83 319.87 3
319.87 322.16 2
322.16 322.40 3
322.40 323.05 2
323.05 323.07 0
323.07 324.73 2
324.73 324.82 3
324.82 325.11 1
325.11 325.28 3
325.28 331.21 2
331.21 331.74 0
331.74 335.18 2
335.18 335.42 3
335.42 337.35 1
337.35 338.48 0
338.48 342.93 2
342.93 343.29 3
343.29 344.56 1
344.56 345.20 3
345.20 345.48 1
345.48 345.57 3
345.57 346.00 2
346.00 346.28 3
346.28 346.99 2
346.99 347.24 3
347.24 348.04 1
348.04 348.21 3
348.21 349.03 2
349.03 349.35 3
349.35 350.72 1
350.72 351.63 0
351.63 352.41 2
352.41 352.51 0
352.51 352.91 1
352.91 353.23 0
353.23 358.61 2
358.61 359.34 0
359.34 362.01 2
362.01 362.34 3
362.34 366.33 2
366.33 366.51 0
366.51 366.79 1
366.79 367.00 3
367.00 374.60 2
374.60 374.71 0
374.71 375.42 1
375.42 375.44 0
375.44 377.79 2
377.79 378.12 3
378.12 378.64 2
378.64 378.75 3
378.75 379.63 1
379.63 379.85 3
379.85 380.46 2
380.46 380.76 3
380.76 381.79 2
381.79 382.63 0
382.63 392.10 2
392.10 392.49 3
392.49 393.27 2
393.27 393.36 3
393.36 394.11 1
394.11 394.26 3
394.26 395.69 2
395.69 395.89 3
395.89 396.75 1
396.75 397.95 3
397.95 403.45 2
403.45 403.94 3
403.94 405.36 2
405.36 407.48 3
407.48 408.06 1
408.06 408.28 3
408.28 412.96 2
412.96 413.31 3
413.31 417.40 1
417.40 418.57 3
418.57 419.22 1
419.22 420.39 3
420.39 420.75 2
420.75 421.17 0
421.17 421.19 2
421.19 421.63 3
421.63 428.31 2
428.31 428.99 0
428.99 432.07 2
432.07 432.58 3
432.58 433.78 2
433.78 435.45 3
435.45 435.87 1
435.87 436.42 3
436.42 440.10 2
440.10 440.57 3
440.57 441.28 1
441.28 441.70 3
441.70 441.77 1
441.77 442.03 0
442.03 445.91 2
445.91 446.09 3
446.09 447.07 1
447.07 447.66 3
447.66 448.13 2
448.13 448.15 0
448.15 450.70 1
450.70 450.74 3
450.74 453.87 2
453.87 453.92 3
453.92 454.87 1
454.87 455.22 0
455.22 456.24 2
456.24 456.86 3
456.86 457.75 1
457.75 457.86 0
457.86 460.94 2
460.94 462.03 3
462.03 463.45 1
463.45 463.49 0
463.49 466.84 2
466.84 466.93 3
466.93 467.31 1
467.31 467.48 3
467.48 472.90 2
472.90 473.48 3
473.48 474.01 2
474.01 474.27 0
474.27 474.48 1
474.48 474.76 3
474.76 477.44 2
477.44 478.06 0
478.06 482.46 1
482.46 482.60 0
482.60 482.94 2
482.94 483.30 0
483.30 483.72 1
483.72 483.89 0
483.89 484.21 2
484.21 484.34 3
484.34 487.02 1
487.02 487.11 0
487.11 489.31 2
489.31 489.66 0
489.66 489.70 2
489.70 490.26 3
490.26 493.06 2
493.06 494.21 3
494.21 494.66 1
494.66 494.81 3
494.81 496.73 2
496.73 496.85 3
496.85 497.14 1
497.14 497.27 3
497.27 501.35 2
501.35 501.60 0
501.60 501.97 1
501.97 502.10 3
502.10 505.36 2
505.36 505.60 0
505.60 506.14 1
506.14 506.69 0
506.69 512.36 2
512.36 512.71 0
512.71 512.84 1
512.84 513.32 3
513.32 514.68 2
514.68 515.36 0
515.36 515.41 1
515.41 515.76 3
515.76 518.78 2
518.78 518.82 0
518.82 519.34 1
519.34 519.40 3
519.40 521.36 2
521.36 521.85 3
521.85 522.61 2
522.61 523.53 3
523.53 524.39 2
524.39 524.79 3
524.79 525.46 1
525.46 525.56 3
525.56 530.48 2
530.48 531.04 3
531.04 531.84 2
531.84 531.93 0
531.93 532.40 1
532.40 532.48 0
532.48 541.26 2
541.26 541.44 0
541.44 542.23 1
542.23 542.29 3
542.29 551.85 2
551.85 552.40 3
552.40 553.92 2
553.92 554.20 0
554.20 554.74 1
554.74 554.85 0
554.85 554.91 1
554.91 555.53 3
555.53 556.07 1
556.07 556.28 0
556.28 556.86 2
556.86 557.03 3
557.03 559.40 1
559.40 559.47 0
559.47 559.89 2
559.89 560.80 0
560.80 560.98 2
560.98 561.18 0
561.18 562.72 1
562.72 563.04 0
563.04 563.26 2
563.26 563.80 3
563.80 565.60 1
565.60 566.59 0
566.59 566.73 2
566.73 568.23 3
568.23 571.26 2
571.26 571.36 0
571.36 574.73 1
574.73 574.99 0
574.99 575.10 2
575.10 575.35 3
575.35 579.19 1
579.19 579.59 3
579.59 579.85 2
579.85 580.24 3
580.24 585.97 1
585.97 586.32 0
586.32 586.53 2
586.53 587.64 3
587.64 588.45 2
588.45 588.54 3
588.54 589.90 1
589.90 590.84 3
590.84 592.36 2
592.36 592.38 3
592.38 596.77 1
596.77 597.35 3
597.35 597.88 1
597.88 598.49 0
598.49 598.64 2
598.64 599.71 3
599.71 600.71 1
600.71 601.28 3
601.28 601.60 2
