0.00 0.39 2
0.39 0.58 0
0.58 10.77 1
10.77 11.17 0
11.17 11.52 2
11.52 11.66 0
11.66 12.86 1
12.86 13.88 0
13.88 15.00 1
15.00 16.45 0
16.45 17.27 2
17.27 17.37 0
17.37 17.70 1
17.70 18.08 0
18.08 18.77 2
18.77 18.91 0
18.91 20.14 1
20.14 20.80 0
20.80 21.47 2
21.47 21.70 0
21.70 24.72 1
24.72 25.04 3
25.04 26.11 2
26.11 26.13 0
26.13 26.36 1
26.36 26.89 0
26.89 28.15 2
28.15 28.46 3
28.46 28.59 2
28.59 29.45 0
29.45 31.89 2
31.89 32.50 0
32.50 32.75 1
32.75 33.13 0
33.13 34.01 2
34.01 34.20 0
34.20 34.35 1
34.35 34.41 3
34.41 40.36 2
40.36 40.54 0
40.54 40.82 1
40.82 41.51 0
41.51 44.41 2
44.41 45.19 3
45.19 45.96 1
45.96 46.28 0
46.28 46.62 2
46.62 46.64 3
46.64 48.44 1
48.44 48.84 3
48.84 49.28 2
49.28 49.37 3
49.37 49.68 1
49.68 50.36 3
50.36 51.78 2
51.78 52.33 0
52.33 52.96 1
52.96 53.70 3
53.70 55.29 2
55.29 55.84 3
55.84 56.76 2
56.76 57.01 0
57.01 58.53 1
58.53 58.65 0
58.65 61.93 2
61.93 62.08 0
62.08 62.52 1
62.52 62.79 0
62.79 64.85 2
64.85 64.91 3
64.91 65.17 1
65.17 65.19 0
65.19 69.14 2
69.14 69.62 0
69.62 69.77 1
69.77 69.85 3
69.85 72.10 2
72.10 72.39 0
72.39 72.79 1
72.79 73.38 0
73.38 73.65 2
73.65 73.82 3
73.82 74.91 1
74.91 75.44 3
75.44 78.91 2
78.91 79.01 3
79.01 80.00 1
80.00 80.10 3
80.10 83.67 2
83.67 84.16 3
84.16 85.06 1
85.06 85.46 0
85.46 88.21 2
88.21 88.23 0
88.23 88.25 1
88.25 88.97 3
88.97 91.55 2
91.55 91.78 3
91.78 93.67 1
93.67 94.28 0
94.28 95.67 2
95.67 96.05 3
96.05 96.07 1
96.07 96.34 0
96.34 97.22 2
97.22 97.37 3
97.37 102.14 1
102.14 102.37 3
102.37 103.13 1
103.13 104.14 0
104.14 104.37 1
104.37 104.70 3
104.70 105.90 1
105.90 107.90 0
107.90 108.40 1
108.40 108.76 0
108.76 109.05 2
109.05 109.30 0
109.30 109.60 1
109.60 110.80 0
110.80 112.64 2
112.64 112.96 3
112.96 114.79 1
114.79 116.09 0
116.09 116.91 1
116.91 117.52 0
117.52 118.00 2
118.00 118.04 3
118.04 120.52 1
120.52 121.45 0
121.45 121.91 2
121.91 122.01 0
122.01 124.18 1
124.18 125.27 0
125.27 125.61 2
125.61 126.07 0
126.07 126.43 1
126.43 127.22 0
127.22 128.61 2
128.61 128.78 3
128.78 132.71 1
132.71 133.04 0
133.04 133.30 2
133.30 133.32 3
133.32 135.50 1
135.50 136.11 0
136.11 136.53 2
136.53 136.80 0
136.80 137.33 1
137.33 137.81 3
137.81 138.38 2
138.38 138.55 3
138.55 138.59 1
138.59 138.93 0
138.93 140.46 2
140.46 140.48 3
140.48 143.97 1
143.97 144.30 0
144.30 144.77 2
144.77 144.96 3
144.96 146.11 1
146.11 146.45 3
146.45 147.41 2
147.41 147.67 3
147.67 147.96 0
147.96 150.08 2
150.08 150.31 3
150.31 150.46 2
150.46 150.86 0
150.86 151.83 2
151.83 152.29 3
152.29 152.58 1
152.58 153.59 0
153.59 155.19 2
155.19 155.33 0
155.33 158.44 1
158.44 158.78 0
158.78 159.56 2
159.56 159.77 3
159.77 162.01 1
162.01 162.18 0
162.18 162.86 2
162.86 162.98 3
162.98 163.40 1
163.40 163.70 3
163.70 164.93 2
164.93 164.96 0
164.96 168.44 1
168.44 168.53 3
168.53 169.26 2
169.26 169.28 0
169.28 171.59 1
171.59 171.87 3
171.87 171.96 2
171.96 172.12 3
172.12 176.05 1
176.05 176.29 0
176.29 176.45 1
176.45 177.16 3
177.16 178.73 1
178.73 179.02 0
179.02 183.83 1
183.83 183.98 3
183.98 184.17 2
184.17 184.48 3
184.48 184.59 1
184.59 185.45 0
185.45 186.63 1
186.63 186.99 0
186.99 188.78 1
188.78 189.56 0
189.56 190.75 1
190.75 191.70 3
191.70 192.48 2
192.48 192.66 3
192.66 193.50 1
193.50 194.61 3
194.61 197.75 1
197.75 197.78 0
197.78 198.11 2
198.11 198.53 3
198.53 200.36 1
200.36 201.13 3
201.13 201.94 2
201.94 202.15 0
202.15 202.38 1
202.38 202.79 0
202.79 203.89 2
203.89 204.11 0
204.11 204.74 1
204.74 204.97 0
204.97 205.14 2
205.14 205.55 3
205.55 207.15 2
207.15 207.36 0
207.36 209.98 1
209.98 210.24 0
210.24 211.28 2
211.28 211.37 0
211.37 216.52 1
216.52 216.78 0
216.78 216.92 2
216.92 217.34 3
217.34 218.40 1
218.40 218.74 0
218.74 219.40 2
219.40 219.51 3
219.51 219.84 1
219.84 220.87 0
220.87 221.88 1
221.88 222.01 0
222.01 222.49 2
222.49 222.67 3
222.67 228.78 1
228.78 229.49 0
229.49 239.69 1
239.69 240.14 0
240.14 240.79 2
240.79 240.85 3
240.85 241.16 1
241.16 242.83 0
242.83 246.74 1
246.74 247.92 3
247.92 249.39 2
249.39 249.60 3
249.60 250.39 1
250.39 250.66 0
250.66 251.16 2
251.16 251.29 3
251.29 254.78 1
254.78 255.97 0
255.97 258.11 1
258.11 259.98 0
259.98 260.01 1
260.01 260.79 3
260.79 263.58 1
263.58 264.41 3
264.41 264.69 2
264.69 264.82 3
264.82 264.98 1
264.98 265.29 0
265.29 266.01 2
266.01 266.09 3
266.09 269.29 1
269.29 269.54 0
269.54 270.21 2
270.21 270.37 3
270.37 276.29 1
276.29 276.58 0
276.58 277.85 2
277.85 278.16 0
278.16 280.66 1
280.66 280.91 0
280.91 282.25 2
282.25 282.38 3
282.38 283.04 1
283.04 283.32 0
283.32 283.37 1
283.37 283.86 3
283.86 287.33 1
287.33 287.38 0
287.38 288.07 2
288.07 288.20 3
288.20 296.15 1
296.15 296.48 0
296.48 296.86 2
296.86 297.41 0
297.41 302.10 1
302.10 303.76 0
303.76 306.70 2
306.70 306.79 3
306.79 307.44 1
307.44 307.72 0
307.72 308.74 2
308.74 309.12 3
309.12 311.12 1
311.12 311.88 0
311.88 314.30 1
314.30 314.62 0
314.62 315.02 2
315.02 315.36 0
315.36 318.45 1
318.45 318.73 0
318.73 319.04 2
319.04 319.24 0
319.24 320.62 1
320.62 321.04 0
321.04 321.41 2
321.41 321.64 0
321.64 323.22 1
323.22 323.58 0
323.58 323.84 2
323.84 323.99 3
323.99 324.40 1
324.40 324.78 0
324.78 326.44 2
326.44 326.85 3
326.85 329.20 1
329.20 329.82 0
329.82 330.38 2
330.38 330.53 0
330.53 330.99 1
330.99 331.20 0
331.20 332.24 2
332.24 332.37 0
332.37 334.03 1
334.03 334.54 0
334.54 334.70 2
334.70 334.87 3
334.87 335.69 1
335.69 335.95 3
335.95 336.66 2
336.66 337.22 0
337.22 338.12 1
338.12 338.86 3
338.86 339.24 1
339.24 340.44 0
340.44 351.79 1
351.79 352.76 0
352.76 354.88 1
354.88 356.84 0
356.84 358.10 2
358.10 358.99 0
358.99 362.97 1
362.97 363.61 3
363.61 364.58 2
364.58 364.84 0
364.84 366.83 1
366.83 367.14 0
367.14 367.75 2
367.75 368.29 0
368.29 369.13 1
369.13 369.46 0
369.46 371.02 2
371.02 371.15 3
371.15 371.61 1
371.61 371.92 0
371.92 372.86 2
372.86 374.19 0
374.19 375.57 1
375.57 375.59 0
375.59 376.16 2
376.16 376.74 3
376.74 377.94 1
377.94 378.25 0
378.25 378.53 2
378.53 378.71 3
378.71 379.81 1
379.81 380.09 3
380.09 382.52 2
382.52 382.70 0
382.70 383.03 1
383.03 383.57 0
383.57 385.02 2
385.02 385.86 0
385.86 387.96 1
387.96 388.73 0
388.73 391.56 2
391.56 391.66 3
391.66 404.51 1
404.51 404.95 0
404.95 406.28 2
406.28 406.53 3
406.53 407.96 1
407.96 408.34 0
408.34 408.93 2
408.93 410.49 0
410.49 411.00 1
411.00 411.51 0
411.51 411.79 2
411.79 412.79 0
412.79 416.09 1
416.09 416.90 0
416.90 417.00 2
417.00 417.44 3
417.44 418.77 1
418.77 418.87 0
418.87 420.40 2
420.40 420.58 0
420.58 422.65 1
422.65 423.19 3
423.19 424.41 2
424.41 424.67 0
424.67 426.20 1
426.20 427.43 0
427.43 431.67 2
431.67 433.48 0
433.48 433.66 1
433.66 435.25 3
435.25 440.74 1
440.74 441.45 0
441.45 441.78 2
441.78 441.84 0
441.84 442.42 1
442.42 443.09 0
443.09 444.93 2
444.93 445.41 0
445.41 448.15 1
448.15 448.71 3
448.71 449.86 2
449.86 450.19 0
450.19 450.55 1
450.55 450.90 0
450.90 451.29 2
451.29 451.62 3
451.62 453.05 1
453.05 453.26 3
453.26 453.61 1
453.61 454.46 0
454.46 456.63 1
456.63 456.81 3
456.81 456.93 1
456.93 457.44 0
457.44 458.47 1
458.47 459.51 0
459.51 460.69 2
460.69 460.79 0
460.79 462.02 1
462.02 462.53 0
462.53 462.91 2
462.91 463.06 0
463.06 464.55 1
464.55 464.88 0
464.88 465.57 2
465.57 465.59 3
465.59 466.72 1
466.72 467.43 3
467.43 468.25 2
468.25 468.38 3
468.38 469.51 2
469.51 471.68 3
471.68 472.96 1
472.96 473.49 0
473.49 473.77 3
473.77 474.34 1
474.34 474.54 0
474.54 475.20 2
475.20 475.46 0
475.46 482.33 1
482.33 483.20 0
483.20 483.89 2
483.89 484.55 3
484.55 486.52 1
486.52 486.93 0
486.93 487.41 2
487.41 487.57 3
487.57 492.47 1
492.47 492.91 0
492.91 498.40 1
498.40 499.91 0
499.91 504.81 1
504.81 505.07 0
505.07 505.42 2
505.42 505.60 3
505.60 507.47 1
507.47 507.67 0
507.67 507.73 2
507.73 508.26 3
508.26 511.31 1
511.31 511.95 0
511.95 512.13 1
512.13 512.61 3
512.61 513.33 2
513.33 513.58 0
513.58 514.07 1
514.07 515.06 3
515.06 515.52 2
515.52 515.86 0
515.86 517.90 1
517.90 518.26 0
518.26 518.69 2
518.69 518.79 0
518.79 521.77 1
521.77 522.15 0
522.15 522.27 2
522.27 522.72 3
522.72 523.63 1
523.63 524.94 0
524.94 528.35 1
528.35 528.61 0
528.61 531.92 1
531.92 532.20 0
532.20 536.30 1
536.30 536.84 3
536.84 537.63 2
537.63 538.38 0
538.38 538.89 1
538.89 539.66 3
539.66 542.51 1
542.51 542.63 0
542.63 546.38 1
546.38 547.12 0
547.12 547.65 1
547.65 548.14 3
548.14 550.30 1
550.30 551.68 0
551.68 552.13 2
552.13 552.70 3
552.70 553.58 1
553.58 553.94 3
553.94 555.03 2
555.03 555.27 3
555.27 555.42 1
555.42 555.74 0
555.74 557.19 2
557.19 557.26 3
557.26 559.38 1
559.38 561.43 3
561.43 564.07 2
564.07 564.59 0
564.59 565.21 1
565.21 565.55 0
565.55 565.89 2
565.89 566.11 0
566.11 568.59 1
568.59 569.08 3
569.08 569.45 2
569.45 569.58 3
569.58 573.78 1
573.78 573.93 0
573.93 579.62 1
579.62 580.54 0
580.54 583.38 1
583.38 583.70 3
583.70 586.91 1
586.91 588.18 0
588.18 589.24 1
589.24 589.94 0
589.94 591.37 1
591.37 591.64 0
591.64 592.20 2
592.20 592.35 3
592.35 594.00 1
594.00 594.95 0
594.95 595.33 2
595.33 595.90 0
595.90 599.30 1
599.30 599.76 0
599.76 600.46 2
600.46 600.55 0
600.55 604.41 1
