0.00 1.56 1
1.56 1.74 0
1.74 2.72 2
2.72 3.45 3
3.45 3.82 2
3.82 4.47 3
4.47 8.66 1
8.66 8.92 0
8.92 9.16 2
9.16 9.78 3
9.78 10.44 2
10.44 10.88 3
10.88 15.45 1
15.45 15.64 0
15.64 16.60 2
16.60 16.70 3
16.70 21.43 1
21.43 21.97 0
21.97 28.68 1
28.68 29.21 0
29.21 32.23 1
32.23 33.02 0
33.02 33.51 1
33.51 33.86 3
33.86 34.18 1
34.18 34.30 0
34.30 37.84 1
37.84 38.08 3
38.08 39.62 2
39.62 40.63 3
40.63 41.25 2
41.25 41.53 0
41.53 44.54 2
44.54 44.58 3
44.58 44.64 1
44.64 44.77 3
44.77 47.04 2
47.04 47.85 0
47.85 50.83 2
50.83 51.40 3
51.40 52.24 1
52.24 52.34 3
52.34 53.90 2
53.90 54.39 3
54.39 54.48 1
54.48 54.74 0
54.74 55.92 2
55.92 56.26 0
56.26 56.53 2
56.53 57.25 3
57.25 57.65 2
57.65 57.81 3
57.81 58.38 1
58.38 58.64 0
58.64 60.11 2
60.11 60.17 0
60.17 61.12 1
61.12 61.23 0
61.23 61.75 2
61.75 62.19 3
62.19 63.22 1
63.22 63.52 3
63.52 64.32 2
64.32 64.68 3
64.68 65.81 1
65.81 66.00 3
66.00 68.13 2
68.13 69.46 0
69.46 71.36 2
71.36 72.42 3
72.42 74.28 2
74.28 74.41 0
74.41 75.10 1
75.10 75.16 3
75.16 76.13 2
76.13 76.61 3
76.61 77.10 2
77.10 77.18 0
77.18 78.11 1
78.11 78.75 3
78.75 83.98 1
83.98 84.13 0
84.13 89.17 1
89.17 89.77 0
89.77 90.13 1
90.13 90.48 3
90.48 97.56 1
97.56 97.68 3
97.68 97.76 2
97.76 98.03 3
98.03 104.63 1
104.63 105.31 3
105.31 105.62 2
105.62 105.88 0
105.88 112.82 1
112.82 113.26 0
113.26 115.89 1
115.89 116.66 0
116.66 116.79 2
116.79 116.93 3
116.93 121.99 1
121.99 122.35 3
122.35 123.24 2
123.24 123.51 0
123.51 123.67 1
123.67 123.83 3
123.83 124.16 1
124.16 124.25 3
124.25 124.94 2
124.94 125.38 3
125.38 126.83 1
126.83 126.94 3
126.94 127.98 2
127.98 129.13 0
129.13 131.36 2
131.36 131.52 3
131.52 132.89 1
132.89 133.86 3
133.86 134.22 2
134.22 134.32 3
134.32 135.76 1
135.76 136.14 0
136.14 136.52 2
136.52 136.80 3
136.80 137.02 1
137.02 137.59 0
137.59 137.80 1
137.80 137.89 3
137.89 139.14 1
139.14 139.78 0
139.78 140.36 2
140.36 141.19 3
141.19 141.32 1
141.32 141.42 3
141.42 144.42 2
144.42 144.45 0
144.45 144.95 1
144.95 145.23 0
145.23 146.34 2
146.34 146.91 0
146.91 147.63 2
147.63 147.74 0
147.74 148.22 1
148.22 148.35 0
148.35 149.05 2
149.05 149.35 0
149.35 151.41 2
151.41 151.72 3
151.72 153.61 1
153.61 153.69 0
153.69 154.94 2
154.94 155.53 3
155.53 155.99 1
155.99 156.17 3
156.17 156.50 2
156.50 156.89 1
156.89 157.55 3
157.55 158.74 2
158.74 159.72 3
159.72 161.29 1
161.29 161.58 0
161.58 163.14 2
163.14 163.75 3
163.75 163.84 2
163.84 164.64 0
164.64 166.17 2
166.17 166.38 3
166.38 166.68 2
166.68 166.83 0
166.83 168.21 2
168.21 168.74 3
168.74 171.12 2
171.12 171.29 0
171.29 174.01 2
174.01 174.35 0
174.35 176.91 2
176.91 176.94 3
176.94 177.55 1
177.55 177.71 0
177.71 181.05 2
181.05 181.89 3
181.89 182.01 1
182.01 182.64 0
182.64 185.19 2
185.19 186.26 3
186.26 186.61 2
186.61 187.09 0
187.09 187.15 1
187.15 187.65 3
187.65 188.33 2
188.33 188.45 0
188.45 189.04 1
189.04 189.40 3
189.40 190.00 1
190.00 190.09 3
190.09 192.92 2
192.92 193.01 3
193.01 193.42 1
193.42 194.24 3
194.24 195.68 2
195.68 195.70 3
195.70 201.59 1
201.59 201.91 0
201.91 202.51 2
202.51 202.97 3
202.97 209.14 1
209.14 209.25 0
209.25 217.67 1
217.67 218.25 0
218.25 218.43 2
218.43 218.77 3
218.77 221.79 1
221.79 222.41 0
222.41 231.61 1
231.61 231.67 3
231.67 232.17 2
232.17 232.45 3
232.45 234.99 1
234.99 235.09 3
235.09 237.76 1
237.76 238.56 0
238.56 243.64 1
243.64 244.09 3
244.09 246.78 1
246.78 247.01 3
247.01 247.18 2
247.18 247.78 3
247.78 251.39 1
251.39 251.60 3
251.60 252.10 2
252.10 252.33 0
252.33 265.31 1
265.31 265.61 0
265.61 266.64 1
266.64 266.75 3
266.75 267.21 2
267.21 267.54 0
267.54 270.53 1
270.53 271.05 0
271.05 271.41 2
271.41 271.50 3
271.50 277.58 1
277.58 277.96 3
277.96 278.09 2
278.09 278.24 0
278.24 286.58 1
286.58 287.08 0
287.08 288.74 1
288.74 289.77 3
289.77 292.52 1
292.52 292.56 3
292.56 293.05 2
293.05 293.24 0
293.24 295.55 1
295.55 295.65 3
295.65 295.81 1
295.81 296.39 0
296.39 307.93 1
307.93 308.72 0
308.72 311.72 1
311.72 312.35 0
312.35 312.71 2
312.71 313.34 3
313.34 316.09 1
316.09 316.25 3
316.25 316.74 2
316.74 316.81 0
316.81 317.90 1
317.90 318.53 3
318.53 319.12 1
319.12 319.75 0
319.75 322.02 1
322.02 322.56 0
322.56 323.43 1
323.43 323.49 3
323.49 325.74 1
325.74 326.15 0
326.15 326.30 2
326.30 326.50 3
326.50 328.23 1
328.23 329.62 3
329.62 331.47 2
331.47 331.81 0
331.81 332.98 2
332.98 333.23 3
333.23 333.31 1
333.31 333.55 3
333.55 336.56 2
336.56 336.91 3
336.91 338.63 2
338.63 338.78 3
338.78 339.01 1
339.01 339.07 3
339.07 339.63 2
339.63 339.94 3
339.94 341.79 2
341.79 342.54 0
342.54 343.28 2
343.28 343.36 0
343.36 344.52 1
344.52 344.54 3
344.54 350.24 2
350.24 351.05 3
351.05 351.90 2
351.90 352.25 0
352.25 353.95 1
353.95 354.07 0
354.07 357.17 2
357.17 357.22 0
357.22 357.72 1
357.72 358.73 0
358.73 363.19 2
363.19 363.29 3
363.29 363.66 1
363.66 364.23 0
364.23 367.84 2
367.84 368.20 0
368.20 369.31 2
369.31 369.41 3
369.41 369.63 1
369.63 369.91 3
369.91 370.50 2
370.50 370.75 3
370.75 371.09 2
371.09 371.33 0
371.33 373.45 2
373.45 373.92 3
373.92 374.64 2
374.64 375.44 0
375.44 375.50 1
375.50 375.91 3
375.91 377.26 1
377.26 377.74 0
377.74 378.19 2
378.19 379.04 3
379.04 379.77 2
379.77 379.89 0
379.89 380.74 3
380.74 383.99 2
383.99 384.04 0
384.04 384.08 2
384.08 384.77 3
384.77 386.35 2
386.35 386.99 3
386.99 387.38 1
387.38 387.52 0
387.52 388.69 2
388.69 389.15 3
389.15 389.24 1
389.24 390.86 3
390.86 392.05 1
392.05 392.48 0
392.48 393.06 2
393.06 393.27 3
393.27 395.53 2
395.53 395.98 3
395.98 396.43 2
396.43 396.48 0
396.48 396.90 1
396.90 397.09 3
397.09 399.52 2
399.52 400.08 3
400.08 400.96 2
400.96 401.43 3
401.43 401.84 1
401.84 402.60 3
402.60 404.31 2
404.31 404.37 0
404.37 404.71 1
404.71 405.24 0
405.24 408.55 2
408.55 408.58 3
408.58 409.09 1
409.09 409.32 0
409.32 413.03 2
413.03 413.35 0
413.35 413.59 1
413.59 413.61 3
413.61 418.35 2
418.35 418.56 0
418.56 419.18 1
419.18 419.66 3
419.66 419.74 1
419.74 420.49 0
420.49 420.76 2
420.76 420.95 3
420.95 422.20 2
422.20 422.62 3
422.62 423.12 1
423.12 423.18 3
423.18 428.24 2
428.24 428.56 3
428.56 429.02 1
429.02 430.36 3
430.36 430.48 2
430.48 430.93 0
430.93 432.68 1
432.68 433.00 3
433.00 434.22 2
434.22 434.57 0
434.57 434.74 1
434.74 434.87 3
434.87 435.39 2
435.39 435.99 3
435.99 439.22 2
439.22 439.37 0
439.37 439.88 1
439.88 440.09 0
440.09 446.93 2
446.93 446.95 3
446.95 447.39 1
447.39 447.46 0
447.46 448.43 2
448.43 450.44 3
450.44 451.06 2
451.06 451.20 0
451.20 452.24 1
452.24 452.99 3
452.99 454.94 2
454.94 456.50 3
456.50 456.90 2
456.90 457.93 0
457.93 460.24 2
460.24 460.34 3
460.34 461.69 2
461.69 462.02 3
462.02 463.07 2
463.07 463.29 3
463.29 463.95 1
463.95 464.42 3
464.42 465.40 2
465.40 465.49 0
465.49 465.90 1
465.90 466.65 3
466.65 468.25 2
468.25 468.69 3
468.69 469.55 1
469.55 470.19 3
470.19 471.73 2
471.73 472.63 3
472.63 473.64 2
473.64 474.08 3
474.08 474.66 1
474.66 475.19 3
475.19 476.32 2
476.32 476.70 3
476.70 479.71 1
479.71 480.22 3
480.22 481.15 1
481.15 481.22 3
481.22 482.41 2
482.41 482.64 3
482.64 482.69 1
482.69 483.15 3
483.15 483.64 1
483.64 483.73 0
483.73 484.02 2
484.02 484.47 3
484.47 484.89 1
484.89 485.19 3
485.19 486.60 2
486.60 486.78 3
486.78 487.21 1
487.21 487.41 3
487.41 488.86 2
488.86 489.78 0
489.78 492.55 2
492.55 492.83 3
492.83 492.99 1
492.99 493.04 3
493.04 494.36 2
494.36 494.85 3
494.85 494.99 1
494.99 495.33 0
495.33 497.79 2
497.79 498.15 3
498.15 499.10 1
499.10 499.20 3
499.20 500.26 2
500.26 501.55 3
501.55 503.50 1
503.50 503.56 3
503.56 503.99 2
503.99 504.28 3
504.28 506.30 2
506.30 506.43 3
506.43 508.32 2
508.32 508.39 0
508.39 509.66 1
509.66 509.86 3
509.86 513.20 2
513.20 513.59 3
513.59 513.86 2
513.86 514.28 0
514.28 516.26 2
516.26 516.64 3
516.64 517.36 2
517.36 517.55 0
517.55 521.39 2
521.39 521.55 3
521.55 521.80 1
521.80 522.10 0
522.10 523.14 2
523.14 523.74 3
523.74 525.52 1
525.52 525.61 3
525.61 530.14 2
530.14 530.39 0
530.39 530.69 1
530.69 530.86 3
530.86 531.40 2
531.40 531.51 3
531.51 531.98 1
531.98 532.12 3
532.12 533.88 2
533.88 534.27 3
534.27 534.50 1
534.50 534.77 3
534.77 536.14 2
536.14 537.12 3
537.12 537.39 2
537.39 537.74 3
537.74 538.27 1
538.27 538.57 0
538.57 540.52 2
540.52 541.11 3
541.11 541.52 2
541.52 541.80 3
541.80 543.49 1
543.49 543.61 3
543.61 544.11 2
544.11 544.27 3
544.27 547.69 2
547.69 547.81 3
547.81 548.64 1
548.64 549.57 0
549.57 551.07 2
551.07 552.17 3
552.17 552.98 1
552.98 553.22 0
553.22 554.43 2
554.43 555.43 3
555.43 556.36 2
556.36 556.92 3
556.92 558.76 2
558.76 559.90 0
559.90 561.81 2
561.81 562.09 0
562.09 562.85 2
562.85 563.30 3
563.30 567.52 2
567.52 567.73 0
567.73 572.62 2
572.62 573.12 3
573.12 573.64 1
573.64 573.82 3
573.82 575.99 2
575.99 576.13 0
576.13 576.18 2
576.18 576.56 3
576.56 576.86 2
576.86 577.30 0
577.30 577.45 1
577.45 577.73 3
577.73 579.14 2
579.14 579.18 3
579.18 579.46 1
579.46 580.35 3
580.35 581.27 2
581.27 581.39 0
581.39 583.73 1
583.73 583.95 0
583.95 586.65 2
586.65 586.84 0
586.84 587.00 2
587.00 587.18 3
587.18 590.73 2
590.73 590.93 3
590.93 592.70 2
592.70 593.28 0
593.28 596.42 2
596.42 596.47 0
596.47 597.22 1
597.22 597.39 0
597.39 600.53 2
600.53 600.78 3
600.78 601.39 1
601.39 601.70 0
601.70 606.69 2
