0.00 0.42 1
0.42 0.56 0
0.56 0.69 2
0.69 0.91 3
0.91 1.66 1
1.66 2.65 0
2.65 3.62 2
3.62 3.90 0
3.90 4.36 1
4.36 4.56 3
4.56 6.60 2
6.60 7.04 0
7.04 11.53 2
11.53 12.15 0
12.15 13.22 1
13.22 13.36 0
13.36 14.60 2
14.60 15.04 3
15.04 15.45 1
15.45 15.93 3
15.93 17.45 2
17.45 18.21 0
18.21 19.37 1
19.37 19.63 0
19.63 20.94 2
20.94 21.01 0
21.01 21.36 1
21.36 21.59 0
21.59 22.06 2
22.06 22.99 0
22.99 26.97 2
26.97 27.47 0
27.47 30.90 2
30.90 31.36 0
31.36 31.70 1
31.70 32.24 0
32.24 37.44 2
37.44 37.79 3
37.79 38.10 2
38.10 38.57 0
38.57 39.70 2
39.70 40.39 0
40.39 40.69 1
40.69 40.90 0
40.90 41.82 2
41.82 42.27 0
42.27 43.70 1
43.70 44.40 0
44.40 45.08 2
45.08 45.41 3
45.41 45.59 2
45.59 46.26 0
46.26 46.48 2
46.48 46.66 3
46.66 47.72 1
47.72 48.19 0
48.19 48.64 2
48.64 49.55 0
49.55 53.22 2
53.22 53.53 0
53.53 54.95 2
54.95 55.09 0
55.09 55.68 1
55.68 55.97 0
55.97 58.15 2
58.15 59.10 0
59.10 59.82 2
59.82 60.02 3
60.02 61.44 1
61.44 61.88 3
61.88 62.30 2
62.30 62.67 0
62.67 62.98 1
62.98 63.24 0
63.24 67.05 2
67.05 67.49 0
67.49 67.80 1
67.80 68.15 0
68.15 71.26 2
71.26 71.95 0
71.95 73.13 2
73.13 73.15 3
73.15 76.99 1
76.99 77.21 3
77.21 79.89 2
79.89 80.00 0
80.00 80.40 1
80.40 81.32 0
81.32 88.26 2
88.26 88.49 0
88.49 90.74 2
90.74 91.02 0
91.02 93.41 1
93.41 93.83 3
93.83 93.92 1
93.92 94.27 0
94.27 100.69 2
100.69 100.96 0
100.96 102.35 2
102.35 102.90 0
102.90 103.14 1
103.14 103.20 3
103.20 105.67 2
105.67 106.67 0
106.67 106.68 2
106.68 107.15 3
107.15 107.94 2
107.94 108.17 0
108.17 108.49 1
108.49 108.73 0
108.73 113.90 2
113.90 113.99 3
113.99 114.17 1
114.17 114.29 0
114.29 117.43 2
117.43 117.87 0
117.87 117.99 2
117.99 118.24 3
118.24 119.46 2
119.46 120.10 0
120.10 120.49 1
120.49 120.76 0
120.76 121.24 2
121.24 122.66 0
122.66 122.71 2
122.71 122.97 3
122.97 124.28 2
124.28 125.12 0
125.12 125.83 1
125.83 125.93 0
125.93 126.29 2
126.29 126.43 0
126.43 127.09 1
127.09 127.15 3
127.15 131.34 2
131.34 131.94 0
131.94 133.86 1
133.86 133.91 0
133.91 134.08 2
134.08 134.26 3
134.26 134.95 1
134.95 135.47 0
135.47 141.40 2
141.40 142.18 0
142.18 148.15 2
148.15 148.37 0
148.37 148.71 1
148.71 149.43 0
149.43 153.83 2
153.83 154.18 0
154.18 154.49 1
154.49 154.57 0
154.57 156.50 2
156.50 156.72 0
156.72 157.06 1
157.06 157.60 0
157.60 160.21 2
160.21 160.31 0
160.31 160.55 1
160.55 160.72 3
160.72 162.11 2
162.11 162.49 0
162.49 162.69 1
162.69 162.98 0
162.98 164.22 2
164.22 165.63 0
165.63 166.91 2
166.91 167.04 0
167.04 167.07 2
167.07 167.33 3
167.33 170.90 2
170.90 171.26 0
171.26 171.55 1
171.55 172.26 0
172.26 172.45 1
172.45 172.67 3
172.67 173.63 1
173.63 173.82 0
173.82 177.45 2
177.45 177.94 0
177.94 178.29 1
178.29 179.07 0
179.07 185.86 2
185.86 186.08 0
186.08 186.54 1
186.54 186.67 0
186.67 190.48 2
190.48 191.24 0
191.24 191.52 1
191.52 191.80 0
191.80 192.64 2
192.64 193.69 0
193.69 198.17 2
198.17 198.62 0
198.62 198.98 1
198.98 199.71 0
199.71 205.74 2
205.74 206.36 0
206.36 206.48 1
206.48 206.67 3
206.67 210.50 2
210.50 211.25 0
211.25 217.34 2
217.34 217.72 0
217.72 217.99 1
217.99 218.54 0
218.54 219.75 2
219.75 221.06 0
221.06 228.08 2
228.08 228.30 0
228.30 228.56 1
228.56 228.63 3
228.63 232.77 2
232.77 233.78 0
233.78 235.63 2
235.63 236.00 0
236.00 236.38 1
236.38 236.53 0
236.53 243.52 2
243.52 244.38 0
244.38 245.43 1
245.43 245.99 0
245.99 247.91 2
247.91 248.19 0
248.19 249.37 1
249.37 249.44 3
249.44 251.69 2
251.69 251.94 3
251.94 252.88 1
252.88 253.27 0
253.27 253.28 1
253.28 253.83 3
253.83 255.77 1
255.77 256.21 3
256.21 257.36 2
257.36 257.99 0
257.99 258.25 1
258.25 258.27 0
258.27 263.71 2
263.71 263.83 0
263.83 264.21 1
264.21 264.31 0
264.31 271.66 2
271.66 271.74 3
271.74 273.13 1
273.13 274.84 3
274.84 279.36 2
279.36 279.90 0
279.90 284.55 2
284.55 285.73 0
285.73 289.64 2
289.64 289.94 0
289.94 290.26 1
290.26 291.12 0
291.12 298.89 2
298.89 299.83 0
299.83 304.18 2
304.18 304.76 0
304.76 306.43 2
306.43 307.02 3
307.02 309.89 2
309.89 309.96 0
309.96 310.44 1
310.44 310.62 0
310.62 316.45 2
316.45 316.52 3
316.52 316.91 1
316.91 317.27 3
317.27 318.65 2
318.65 319.00 0
319.00 320.14 1
320.14 320.63 0
320.63 323.04 2
323.04 323.10 0
323.10 326.25 1
326.25 326.37 0
326.37 327.12 2
327.12 327.22 3
327.22 327.68 1
327.68 327.97 0
327.97 328.03 1
328.03 328.38 3
328.38 333.80 1
333.80 334.18 0
334.18 337.90 2
337.90 338.09 0
338.09 338.48 1
338.48 339.55 0
339.55 344.42 2
344.42 345.39 0
345.39 346.33 1
346.33 347.12 0
347.12 349.03 2
349.03 349.46 0
349.46 349.82 1
349.82 349.91 0
349.91 354.15 2
354.15 354.34 0
354.34 354.72 1
354.72 355.17 0
355.17 358.15 2
358.15 358.45 0
358.45 358.67 1
358.67 358.73 3
358.73 364.82 2
364.82 365.32 0
365.32 365.41 2
365.41 365.75 3
365.75 372.07 2
372.07 372.25 0
372.25 372.59 1
372.59 372.66 0
372.66 373.43 2
373.43 374.56 0
374.56 376.43 2
376.43 377.01 0
377.01 377.75 1
377.75 378.96 0
378.96 379.54 1
379.54 379.87 3
379.87 383.71 2
383.71 383.94 0
383.94 384.26 1
384.26 384.53 0
384.53 385.20 2
385.20 385.80 3
385.80 386.85 1
386.85 387.19 0
387.19 387.45 2
387.45 387.50 3
387.50 387.58 1
387.58 387.94 3
387.94 389.50 2
389.50 389.55 0
389.55 390.07 1
390.07 390.31 0
390.31 391.83 2
391.83 391.94 3
391.94 392.27 1
392.27 392.91 0
392.91 396.28 2
396.28 396.90 0
396.90 396.93 2
396.93 397.23 3
397.23 397.58 2
397.58 397.81 0
397.81 397.87 2
397.87 398.09 3
398.09 399.27 2
399.27 399.50 0
399.50 399.62 1
399.62 399.76 3
399.76 403.28 2
403.28 403.69 0
403.69 404.14 1
404.14 404.22 3
404.22 407.44 2
407.44 407.56 0
407.56 407.83 1
407.83 407.97 0
407.97 415.09 2
415.09 415.39 3
415.39 416.86 1
416.86 416.90 3
416.90 421.24 2
421.24 421.45 0
421.45 421.80 1
421.80 421.99 0
421.99 432.38 2
432.38 432.55 0
432.55 432.91 1
432.91 433.37 0
433.37 436.03 2
436.03 436.88 0
436.88 437.09 1
437.09 437.22 3
437.22 442.75 2
442.75 442.84 0
442.84 444.53 1
444.53 444.59 0
444.59 449.57 2
449.57 449.87 0
449.87 450.10 1
450.10 450.27 3
450.27 454.16 2
454.16 455.25 0
455.25 455.47 1
455.47 455.61 3
455.61 457.89 2
457.89 458.59 0
458.59 461.59 1
461.59 462.01 0
462.01 462.37 2
462.37 462.63 0
462.63 466.01 1
466.01 466.18 0
466.18 466.41 2
466.41 466.53 3
466.53 469.36 1
469.36 469.38 0
469.38 469.85 2
469.85 470.10 0
470.10 479.44 1
479.44 479.76 0
479.76 480.01 2
480.01 480.24 3
480.24 481.65 1
481.65 481.95 0
481.95 482.61 2
482.61 483.15 3
483.15 486.64 1
486.64 487.09 0
487.09 487.30 2
487.30 487.38 3
487.38 488.75 1
488.75 489.07 0
489.07 489.22 2
489.22 489.27 3
489.27 490.25 1
490.25 490.77 3
490.77 491.12 2
491.12 491.35 0
491.35 491.63 2
491.63 492.01 3
492.01 492.77 2
492.77 492.89 0
492.89 493.86 1
493.86 493.93 0
493.93 505.73 2
505.73 506.15 0
506.15 506.52 1
506.52 506.85 0
506.85 509.94 2
509.94 510.36 0
510.36 510.40 1
510.40 510.61 3
510.61 515.39 2
515.39 515.56 0
515.56 515.96 1
515.96 516.11 0
516.11 517.22 2
517.22 517.44 0
517.44 517.77 1
517.77 518.45 0
518.45 523.75 2
523.75 523.98 0
523.98 524.32 1
524.32 528.14 2
528.14 528.36 3
528.36 529.27 1
529.27 529.77 3
529.77 529.96 2
529.96 530.49 0
530.49 531.76 1
531.76 532.48 3
532.48 537.28 2
537.28 537.31 0
537.31 537.65 1
537.65 538.11 0
538.11 540.23 2
540.23 540.41 0
540.41 540.56 1
540.56 540.71 3
540.71 541.81 2
541.81 542.68 3
542.68 543.20 1
543.20 543.75 0
543.75 544.32 2
544.32 545.30 3
545.30 545.82 1
545.82 546.38 0
546.38 554.52 2
554.52 554.83 0
554.83 565.59 2
565.59 565.70 3
565.70 565.93 1
565.93 566.03 3
566.03 571.70 2
571.70 571.97 0
571.97 572.39 1
572.39 572.65 3
572.65 574.59 2
574.59 575.62 0
575.62 575.75 2
575.75 578.73 3
578.73 581.52 2
581.52 582.03 0
582.03 589.52 2
589.52 589.71 0
589.71 590.09 1
590.09 590.12 0
590.12 594.87 2
594.87 595.06 0
595.06 595.44 3
595.44 597.80 2
597.80 598.12 0
598.12 599.27 1
599.27 599.47 0
599.47 599.70 2
599.70 599.91 3
599.91 602.90 1
602.90 603.10 0
603.10 603.51 2
603.51 604.03 3
604.03 605.07 1
