0.00 1.21 2
1.21 1.40 3
1.40 1.83 1
1.83 1.87 0
1.87 2.18 2
2.18 2.21 0
2.21 2.58 1
2.58 3.31 3
3.31 3.55 1
3.55 4.00 0
4.00 7.51 2
7.51 8.17 0
8.17 9.22 2
9.22 10.44 0
10.44 13.66 2
13.66 14.86 0
14.86 15.56 2
15.56 17.24 0
17.24 19.91 2
19.91 20.58 0
20.58 22.76 2
22.76 23.63 3
23.63 27.67 1
27.67 28.65 0
28.65 28.96 1
28.96 29.58 3
29.58 32.72 2
32.72 33.26 0
33.26 35.55 2
35.55 35.97 3
35.97 38.10 2
38.10 38.88 0
38.88 39.46 2
39.46 40.01 0
40.01 44.08 2
44.08 44.54 0
44.54 44.66 1
44.66 45.15 3
45.15 49.65 2
49.65 50.45 0
50.45 54.86 2
54.86 55.64 0
55.64 56.27 1
56.27 56.37 0
56.37 60.74 2
60.74 61.65 0
61.65 65.03 2
65.03 65.30 3
65.30 66.35 2
66.35 67.04 3
67.04 67.91 2
67.91 68.58 3
68.58 69.19 1
69.19 69.61 3
69.61 72.30 1
72.30 73.70 0
73.70 83.30 1
83.30 83.56 0
83.56 84.08 2
84.08 84.33 0
84.33 85.32 1
85.32 85.77 0
85.77 88.25 2
88.25 89.65 0
89.65 98.57 2
98.57 99.00 0
99.00 99.14 1
99.14 99.69 3
99.69 100.03 2
100.03 100.59 0
100.59 107.72 2
107.72 108.94 0
108.94 116.99 1
116.99 118.20 0
118.20 120.22 1
120.22 121.29 0
121.29 129.01 1
129.01 129.42 0
129.42 129.94 3
129.94 131.98 1
131.98 132.76 3
132.76 133.47 2
133.47 140.89 1
140.89 142.59 0
142.59 148.60 1
148.60 148.68 3
148.68 149.78 2
149.78 150.20 0
150.20 151.70 1
151.70 151.75 3
151.75 157.01 2
157.01 157.39 0
157.39 163.57 2
163.57 163.79 0
163.79 170.57 2
170.57 171.46 0
171.46 173.18 1
173.18 173.83 3
173.83 174.54 1
174.54 175.77 0
175.77 179.82 1
179.82 180.28 0
180.28 180.80 2
180.80 181.23 0
181.23 184.61 1
184.61 185.22 0
185.22 185.76 2
185.76 186.06 3
186.06 190.03 1
190.03 190.15 0
190.15 190.64 2
190.64 190.70 0
190.70 192.28 1
192.28 192.44 0
192.44 192.88 2
192.88 193.75 0
193.75 196.52 1
196.52 197.24 0
197.24 197.51 1
197.51 198.32 0
198.32 198.95 1
198.95 199.23 0
199.23 200.12 2
200.12 200.58 3
200.58 202.78 2
202.78 203.49 0
203.49 203.85 1
203.85 204.65 3
204.65 207.57 1
207.57 207.76 0
207.76 208.07 2
208.07 208.54 3
208.54 209.06 1
209.06 209.08 0
209.08 214.82 2
214.82 215.09 0
215.09 216.90 1
216.90 217.30 0
217.30 219.59 2
219.59 219.61 0
219.61 220.36 1
220.36 220.53 3
220.53 220.95 2
220.95 221.31 3
221.31 224.83 1
224.83 226.16 0
226.16 228.15 1
228.15 228.51 0
228.51 231.16 2
231.16 231.33 3
231.33 231.71 1
231.71 232.44 0
232.44 233.14 2
233.14 233.24 3
233.24 233.56 1
233.56 236.08 0
236.08 244.80 1
244.80 244.96 0
244.96 245.45 2
245.45 245.83 0
245.83 246.31 1
246.31 247.99 0
247.99 248.01 1
248.01 248.38 3
248.38 256.09 1
256.09 257.12 0
257.12 260.00 1
260.00 261.09 0
261.09 262.68 1
262.68 263.43 0
263.43 273.82 1
273.82 274.27 0
274.27 277.70 1
277.70 278.56 0
278.56 289.44 1
289.44 290.66 0
290.66 301.83 2
301.83 302.12 0
302.12 302.55 1
302.55 302.87 3
302.87 308.35 2
308.35 308.40 0
308.40 308.60 1
308.60 309.00 3
309.00 318.49 2
318.49 319.10 0
319.10 319.71 1
319.71 319.95 0
319.95 321.00 2
321.00 322.21 0
322.21 326.77 2
326.77 327.52 0
327.52 327.53 2
327.53 328.57 3
328.57 330.26 1
330.26 330.51 0
330.51 331.08 2
331.08 331.53 0
331.53 336.18 1
336.18 337.18 0
337.18 339.57 1
339.57 340.66 0
340.66 346.44 1
346.44 347.82 3
347.82 349.18 1
349.18 350.24 0
350.24 353.06 1
353.06 353.45 0
353.45 353.94 2
353.94 355.92 0
355.92 362.40 1
362.40 362.61 0
362.61 362.78 2
362.78 363.03 3
363.03 366.65 1
366.65 367.89 0
367.89 370.35 2
370.35 370.54 3
370.54 372.35 1
372.35 372.50 3
372.50 374.34 2
374.34 375.16 3
375.16 378.02 1
378.02 378.76 0
378.76 379.39 2
379.39 567.80 0
567.80 572.00 1
572.00 572.13 0
572.13 572.63 2
572.63 573.01 0
573.01 576.27 1
576.27 576.54 0
576.54 577.13 2
577.13 579.04 1
579.04 579.36 0
579.36 579.40 1
579.40 579.78 3
579.78 584.31 1
584.31 584.71 3
584.71 585.97 1
585.97 586.20 0
586.20 586.71 2
586.71 587.08 0
587.08 591.09 1
591.09 591.40 0
591.40 598.82 1
598.82 599.70 0
599.70 599.79 2
599.79 600.31 3
600.31 603.57 1
603.57 603.80 0
603.80 604.41 2
604.41 604.51 3
604.51 613.65 1
613.65 613.86 0
613.86 614.62 2
614.62 614.72 3
614.72 615.78 1
615.78 616.58 0
616.58 624.21 1
624.21 624.40 0
624.40 625.02 2
625.02 625.13 3
625.13 632.32 1
632.32 633.74 0
633.74 638.47 1
638.47 638.82 3
638.82 639.03 2
639.03 640.05 0
640.05 644.64 1
644.64 644.83 0
644.83 645.58 2
645.58 645.69 3
645.69 649.15 1
649.15 649.35 0
649.35 649.52 2
649.52 649.88 3
649.88 654.57 1
654.57 654.74 0
654.74 654.80 1
654.80 655.15 3
655.15 656.06 1
656.06 656.84 0
656.84 656.94 1
656.94 657.36 3
657.36 657.59 1
657.59 658.45 0
658.45 658.95 1
658.95 660.18 0
660.18 664.10 1
664.10 664.46 0
664.46 664.91 2
664.91 665.06 3
665.06 668.15 1
668.15 668.46 0
668.46 668.74 2
668.74 668.94 3
668.94 673.22 1
673.22 673.81 0
673.81 675.34 1
675.34 675.50 0
675.50 676.21 2
676.21 676.91 0
676.91 679.35 1
679.35 680.43 0
680.43 680.79 1
680.79 681.40 0
681.40 683.40 1
683.40 683.58 0
683.58 684.27 2
684.27 684.40 3
684.40 689.13 1
689.13 689.69 0
689.69 690.24 2
690.24 690.52 0
690.52 693.31 1
693.31 694.82 0
694.82 698.58 1
698.58 698.79 0
698.79 699.20 2
699.20 699.29 3
699.29 699.49 1
699.49 700.87 0
700.87 709.78 1
709.78 709.94 0
709.94 710.67 2
710.67 711.08 3
711.08 711.52 1
711.52 713.19 0
713.19 721.45 1
721.45 721.99 0
721.99 725.96 1
725.96 726.05 0
726.05 727.02 2
