0.00 1.79 2
1.79 2.16 0
2.16 2.24 1
2.24 3.16 3
3.16 5.85 2
5.85 6.06 0
6.06 6.75 1
6.75 6.94 0
6.94 11.83 2
11.83 11.90 0
11.90 12.20 1
12.20 12.33 3
12.33 15.65 2
15.65 15.90 0
15.90 16.36 1
16.36 16.38 0
16.38 17.67 2
17.67 18.37 0
18.37 23.24 2
23.24 23.60 0
23.60 24.04 1
24.04 24.08 0
24.08 25.26 2
25.26 27.04 3
27.04 27.53 1
27.53 27.89 3
27.89 28.30 2
28.30 28.33 3
28.33 30.41 1
30.41 30.64 0
30.64 30.93 2
30.93 31.62 0
31.62 34.59 1
34.59 35.22 0
35.22 39.38 2
39.38 39.96 0
39.96 40.41 1
40.41 40.57 3
40.57 43.77 2
43.77 44.12 0
44.12 44.50 1
44.50 44.67 0
44.67 51.98 2
51.98 52.44 0
52.44 52.95 1
52.95 53.26 0
53.26 55.05 2
55.05 55.13 0
55.13 55.60 1
55.60 55.76 0
55.76 57.15 2
57.15 57.95 0
57.95 58.77 1
58.77 59.08 3
59.08 59.50 2
59.50 59.64 3
59.64 60.51 2
60.51 60.60 0
60.60 60.76 2
60.76 61.02 3
61.02 70.81 2
70.81 71.02 0
71.02 71.33 1
71.33 71.48 3
71.48 75.70 2
75.70 76.31 3
76.31 76.92 1
76.92 77.14 0
77.14 80.44 2
80.44 80.61 3
80.61 80.74 1
80.74 81.30 0
81.30 89.56 2
89.56 90.40 0
90.40 93.47 2
93.47 93.61 0
93.61 94.10 1
94.10 94.54 0
94.54 96.07 2
96.07 96.34 0
96.34 96.83 1
96.83 97.08 0
97.08 99.87 2
99.87 100.86 0
100.86 102.58 1
102.58 102.69 3
102.69 105.59 2
105.59 105.76 3
105.76 107.37 1
107.37 108.19 3
108.19 110.80 2
110.80 111.70 0
111.70 111.89 3
111.89 115.86 2
115.86 116.89 0
116.89 116.93 1
116.93 118.17 3
118.17 118.78 2
118.78 118.80 0
118.80 120.04 1
120.04 120.40 0
120.40 122.14 2
122.14 122.37 0
122.37 123.19 1
123.19 124.05 0
124.05 124.65 1
124.65 124.96 3
124.96 126.70 2
126.70 127.63 0
127.63 128.30 1
128.30 128.89 0
128.89 131.55 2
131.55 132.49 0
132.49 140.70 2
140.70 142.05 0
142.05 145.96 1
145.96 146.07 3
146.07 147.30 2
147.30 147.69 3
147.69 153.85 1
153.85 154.49 3
154.49 156.39 2
156.39 156.73 0
156.73 157.44 1
157.44 158.17 3
158.17 158.99 2
158.99 159.33 3
159.33 159.60 1
159.60 160.57 3
160.57 164.52 2
164.52 165.11 0
165.11 167.12 2
167.12 168.01 0
168.01 168.38 3
168.38 172.99 2
172.99 173.28 0
173.28 174.81 1
174.81 176.37 3
176.37 178.47 2
178.47 179.56 3
179.56 184.77 2
184.77 184.96 0
184.96 189.71 1
189.71 189.73 3
189.73 190.42 2
190.42 191.03 0
191.03 191.24 1
191.24 191.49 3
191.49 194.41 2
194.41 195.27 0
195.27 195.46 1
195.46 195.63 3
195.63 197.77 2
197.77 198.34 0
198.34 200.19 2
200.19 200.65 3
200.65 202.54 1
202.54 202.69 3
202.69 204.29 2
204.29 204.77 0
204.77 210.04 2
210.04 210.36 0
210.36 216.72 1
216.72 217.69 3
217.69 220.95 2
220.95 221.37 0
221.37 222.31 1
222.31 224.08 3
224.08 224.39 2
224.39 225.13 0
225.13 226.53 2
226.53 226.93 0
226.93 227.42 1
227.42 227.66 0
227.66 229.19 2
229.19 229.60 3
229.60 233.02 1
233.02 234.80 0
234.80 237.82 2
237.82 238.09 0
238.09 238.20 1
238.20 238.38 3
238.38 246.04 2
246.04 246.14 0
246.14 246.56 1
246.56 246.72 0
246.72 248.43 2
248.43 248.52 3
248.52 255.71 1
255.71 257.10 0
257.10 259.22 1
259.22 260.47 3
260.47 266.37 2
266.37 267.00 0
267.00 277.34 2
277.34 277.41 3
277.41 279.93 1
279.93 280.76 3
280.76 281.68 2
281.68 282.72 0
282.72 282.74 1
282.74 283.05 3
283.05 286.43 1
286.43 286.81 3
286.81 287.89 2
287.89 288.85 0
288.85 288.96 2
288.96 289.69 3
289.69 291.31 2
291.31 291.38 3
291.38 298.07 1
298.07 299.59 0
299.59 301.80 1
301.80 302.35 0
302.35 303.53 2
303.53 303.64 3
303.64 305.85 1
305.85 307.00 0
307.00 307.63 1
307.63 307.71 0
307.71 309.91 2
309.91 309.97 3
309.97 310.22 1
310.22 310.41 3
310.41 311.50 2
311.50 312.07 0
312.07 312.63 2
312.63 312.82 0
312.82 318.07 1
318.07 318.35 0
318.35 318.66 2
318.66 318.96 0
318.96 320.06 1
320.06 320.88 0
320.88 321.55 1
321.55 322.77 0
322.77 323.36 2
323.36 324.49 1
324.49 324.90 3
324.90 327.39 2
327.39 327.90 3
327.90 328.23 1
328.23 328.62 0
328.62 329.84 2
329.84 329.92 0
329.92 330.32 1
330.32 330.77 3
330.77 334.71 2
334.71 335.09 3
335.09 339.96 2
339.96 340.16 0
340.16 341.59 1
341.59 341.81 0
341.81 345.39 2
345.39 345.67 3
345.67 346.40 1
346.40 346.58 3
346.58 349.60 2
349.60 350.18 0
350.18 353.02 1
353.02 353.46 0
353.46 353.50 2
353.50 353.69 3
353.69 360.46 1
360.46 361.05 0
361.05 365.15 1
365.15 365.95 0
365.95 372.12 1
372.12 372.58 0
372.58 380.84 1
380.84 381.76 3
381.76 382.02 2
382.02 382.14 3
382.14 382.73 1
382.73 382.77 3
382.77 383.66 2
383.66 383.72 3
383.72 384.41 1
384.41 385.61 0
385.61 386.83 1
386.83 386.87 3
386.87 389.22 2
389.22 389.43 3
389.43 399.47 1
399.47 399.94 3
399.94 402.23 2
402.23 402.84 0
402.84 408.03 2
408.03 408.19 0
408.19 408.70 1
408.70 409.10 3
409.10 412.96 2
412.96 413.26 0
413.26 413.38 1
413.38 413.70 3
413.70 421.53 2
421.53 421.62 3
421.62 422.33 1
422.33 422.54 3
422.54 429.81 2
429.81 429.98 0
429.98 430.29 1
430.29 430.42 3
430.42 432.79 2
432.79 432.82 3
432.82 434.92 1
434.92 435.08 3
435.08 437.40 2
437.40 438.13 0
438.13 441.95 2
441.95 442.37 0
442.37 451.72 2
451.72 451.85 0
451.85 457.46 1
457.46 457.54 3
457.54 459.03 2
459.03 459.81 3
459.81 460.29 1
460.29 460.53 3
460.53 461.81 1
461.81 461.85 0
461.85 462.14 2
462.14 462.27 0
462.27 465.95 1
465.95 466.45 3
466.45 468.42 2
468.42 468.77 0
468.77 471.04 1
471.04 472.82 3
472.82 474.88 2
474.88 475.26 0
475.26 476.98 1
476.98 477.76 0
477.76 486.35 1
486.35 486.92 0
486.92 487.64 1
487.64 487.99 3
487.99 492.82 1
492.82 492.99 3
492.99 493.14 2
493.14 498.22 1
498.22 498.61 2
498.61 498.69 3
498.69 505.03 1
505.03 505.95 3
505.95 511.71 2
511.71 512.22 0
512.22 513.77 2
513.77 514.17 0
514.17 514.36 2
514.36 514.67 3
514.67 516.69 2
516.69 516.90 0
516.90 517.32 1
517.32 517.34 3
517.34 519.75 2
519.75 519.97 0
519.97 520.30 1
520.30 520.43 3
520.43 521.27 2
521.27 521.77 3
521.77 531.37 1
531.37 531.49 3
531.49 531.65 2
531.65 531.90 0
531.90 535.09 1
535.09 535.38 0
535.38 537.78 1
537.78 538.31 0
538.31 539.74 1
539.74 540.24 0
540.24 543.38 1
543.38 544.21 0
544.21 548.13 1
548.13 548.37 0
548.37 548.63 2
548.63 549.23 0
549.23 555.63 1
555.63 556.04 0
556.04 556.44 2
556.44 556.96 0
556.96 557.49 1
557.49 557.82 0
557.82 557.85 2
557.85 558.12 3
558.12 565.63 1
565.63 567.08 0
567.08 567.74 2
567.74 568.68 0
568.68 570.20 2
570.20 570.74 3
570.74 571.99 2
571.99 572.12 3
572.12 573.28 1
573.28 573.58 3
573.58 574.04 2
574.04 574.61 0
574.61 578.00 1
578.00 578.46 0
578.46 580.92 2
580.92 581.04 0
581.04 582.86 1
582.86 583.78 0
583.78 586.33 2
586.33 586.77 0
586.77 587.58 1
587.58 588.05 3
588.05 589.34 2
589.34 589.63 0
589.63 590.10 1
590.10 590.12 3
590.12 591.99 2
591.99 592.19 0
592.19 596.10 2
596.10 596.49 0
596.49 599.65 2
599.65 600.03 0
600.03 601.48 1
