0.00 3.83 1
3.83 4.51 0
4.51 4.91 2
4.91 5.55 0
5.55 7.25 1
7.25 7.42 0
7.42 8.29 2
8.29 8.50 3
8.50 10.46 1
10.46 10.55 3
10.55 10.97 2
10.97 11.02 3
11.02 14.97 1
14.97 15.45 0
15.45 15.51 2
15.51 16.13 3
16.13 16.53 1
16.53 16.72 0
16.72 17.16 2
17.16 17.66 0
17.66 19.88 1
19.88 19.98 3
19.98 20.18 2
20.18 20.29 3
20.29 25.36 1
25.36 26.74 3
26.74 27.36 2
27.36 27.45 0
27.45 29.04 1
29.04 29.14 3
29.14 30.89 2
30.89 31.31 3
31.31 32.46 1
32.46 33.03 3
33.03 34.52 1
34.52 34.82 3
34.82 36.15 1
36.15 36.81 3
36.81 37.29 1
37.29 37.46 0
37.46 38.51 1
38.51 38.83 3
38.83 40.29 1
40.29 40.40 0
40.40 43.46 1
43.46 43.75 0
43.75 44.15 2
44.15 44.79 0
44.79 47.20 1
47.20 47.79 0
47.79 51.96 1
51.96 53.04 0
53.04 53.18 2
53.18 53.54 3
53.54 56.77 1
56.77 56.98 0
56.98 58.23 2
58.23 58.46 0
58.46 61.01 1
61.01 61.34 3
61.34 62.44 2
62.44 63.07 0
63.07 63.34 1
63.34 63.67 0
63.67 64.59 2
64.59 64.84 0
64.84 65.15 1
65.15 65.27 3
65.27 67.12 2
67.12 68.83 0
68.83 70.95 1
70.95 72.52 0
72.52 73.48 1
73.48 73.77 0
73.77 78.94 1
78.94 79.21 0
79.21 79.84 2
79.84 81.29 0
81.29 82.44 2
82.44 82.61 0
82.61 84.17 1
84.17 84.55 3
84.55 86.05 2
86.05 86.83 0
86.83 87.25 1
87.25 87.40 3
87.40 91.01 2
91.01 91.18 0
91.18 92.44 1
92.44 92.57 3
92.57 95.08 2
95.08 96.67 0
96.67 97.21 1
97.21 98.08 0
98.08 101.83 1
101.83 105.04 0
105.04 105.63 1
105.63 105.84 0
105.84 106.56 2
106.56 107.47 0
107.47 111.22 1
111.22 111.54 0
111.54 112.02 2
112.02 112.15 3
112.15 112.28 1
112.28 112.46 0
112.46 116.32 2
116.32 116.41 3
116.41 116.62 1
116.62 116.90 0
116.90 117.11 2
117.11 117.59 3
117.59 119.93 1
119.93 121.43 0
121.43 122.49 2
122.49 125.49 0
125.49 126.09 2
126.09 126.31 0
126.31 127.12 1
127.12 127.78 0
127.78 131.64 2
131.64 132.52 0
132.52 135.34 2
135.34 135.63 0
135.63 135.93 1
135.93 136.12 3
136.12 137.42 2
137.42 139.50 0
139.50 140.13 1
140.13 141.28 0
141.28 141.91 1
141.91 143.83 0
143.83 144.39 1
144.39 146.03 0
146.03 149.74 1
149.74 150.48 0
150.48 151.81 1
151.81 152.85 0
152.85 153.27 2
153.27 154.25 0
154.25 154.92 2
154.92 155.13 0
155.13 155.62 1
155.62 157.29 0
157.29 161.69 1
161.69 162.44 0
162.44 163.66 2
163.66 163.90 3
163.90 164.05 1
164.05 164.89 0
164.89 166.07 2
166.07 166.16 3
166.16 167.44 1
167.44 167.57 0
167.57 167.99 2
167.99 168.52 0
168.52 168.67 1
168.67 168.94 3
168.94 170.55 1
170.55 171.43 0
171.43 173.56 2
173.56 173.63 3
173.63 174.07 1
174.07 174.45 3
174.45 174.89 2
174.89 175.14 3
175.14 179.57 1
179.57 180.36 0
180.36 181.20 2
181.20 181.87 0
181.87 185.66 1
185.66 186.29 0
186.29 189.57 1
189.57 189.80 0
189.80 190.43 2
190.43 190.66 0
190.66 192.83 2
192.83 193.00 0
193.00 196.84 2
196.84 196.92 0
196.92 197.26 1
197.26 199.13 2
199.13 200.47 3
200.47 201.29 2
201.29 201.60 0
201.60 202.11 1
202.11 202.89 0
202.89 205.40 2
205.40 206.03 3
206.03 206.49 1
206.49 207.18 0
207.18 208.10 1
208.10 208.73 0
208.73 208.98 1
208.98 209.61 3
209.61 209.87 2
209.87 210.74 1
210.74 210.84 0
210.84 211.22 2
211.22 211.28 0
211.28 212.42 1
212.42 212.70 0
212.70 213.14 2
213.14 213.33 0
213.33 216.79 1
216.79 217.13 0
217.13 218.86 2
218.86 219.05 3
219.05 219.28 1
219.28 219.40 3
219.40 221.24 2
221.24 221.58 0
221.58 221.94 1
221.94 222.02 0
222.02 223.35 2
223.35 224.74 0
224.74 225.27 1
225.27 225.95 0
225.95 227.46 2
227.46 228.48 0
228.48 228.98 1
228.98 230.06 0
230.06 234.49 1
234.49 235.04 0
235.04 235.44 2
235.44 236.94 0
236.94 238.19 2
238.19 238.48 0
238.48 238.77 1
238.77 239.83 0
239.83 245.67 1
245.67 245.95 0
245.95 246.41 2
246.41 246.43 0
246.43 252.17 1
252.17 252.40 0
252.40 252.84 2
252.84 252.96 0
252.96 255.94 1
255.94 256.37 3
256.37 258.56 1
258.56 259.11 0
259.11 261.06 1
261.06 261.65 0
261.65 262.00 2
262.00 264.81 0
264.81 267.36 2
267.36 267.47 0
267.47 268.48 1
268.48 269.36 3
269.36 272.65 2
272.65 272.70 0
272.70 277.80 1
277.80 278.18 0
278.18 278.71 2
278.71 278.77 0
278.77 279.59 1
279.59 279.74 0
279.74 280.19 2
280.19 286.05 1
286.05 286.52 0
286.52 286.87 2
286.87 287.23 0
287.23 288.69 1
288.69 288.99 0
288.99 289.21 2
289.21 289.51 0
289.51 292.33 1
292.33 292.62 3
292.62 295.70 1
295.70 296.02 0
296.02 296.46 2
296.46 296.57 0
296.57 298.96 1
298.96 299.10 3
299.10 299.91 2
299.91 300.06 3
300.06 301.98 1
301.98 302.06 0
302.06 302.64 2
302.64 302.66 0
302.66 305.32 1
305.32 305.84 3
305.84 306.60 1
306.60 307.45 0
307.45 307.48 1
307.48 308.02 3
308.02 308.30 2
308.30 308.36 3
308.36 310.83 1
310.83 311.09 0
311.09 312.69 2
312.69 314.05 0
314.05 314.86 2
314.86 315.21 0
315.21 315.61 1
315.61 320.55 0
320.55 321.18 2
321.18 321.34 0
321.34 323.78 1
323.78 323.83 3
323.83 325.05 2
325.05 326.60 1
326.60 326.78 0
326.78 327.24 2
327.24 327.66 0
327.66 331.31 1
331.31 332.07 0
332.07 335.11 1
335.11 336.20 0
336.20 339.19 1
339.19 339.45 0
339.45 341.18 2
341.18 341.60 0
341.60 343.91 1
343.91 344.01 0
344.01 344.46 2
344.46 345.11 0
345.11 345.37 1
345.37 345.79 3
345.79 348.48 2
348.48 348.61 3
348.61 349.17 1
349.17 350.22 3
350.22 351.61 1
351.61 352.17 0
352.17 354.36 2
354.36 354.37 3
354.37 355.84 1
355.84 356.11 0
356.11 356.59 2
356.59 356.61 0
356.61 360.39 1
360.39 360.47 3
360.47 361.93 2
361.93 361.94 3
361.94 362.40 1
362.40 362.73 3
362.73 362.98 2
362.98 363.11 3
363.11 364.62 1
364.62 365.21 0
365.21 366.19 1
366.19 366.34 3
366.34 371.80 1
371.80 371.95 0
371.95 373.98 2
373.98 374.06 3
374.06 375.04 1
375.04 375.39 3
375.39 375.91 1
375.91 376.24 0
376.24 376.65 2
376.65 376.70 3
376.70 377.93 1
377.93 378.30 0
378.30 378.74 2
378.74 378.98 0
378.98 379.27 1
379.27 379.59 0
379.59 379.91 2
379.91 380.20 0
380.20 386.30 1
386.30 386.59 0
386.59 388.21 2
388.21 388.98 0
388.98 394.16 1
394.16 394.52 0
394.52 395.06 2
395.06 395.23 0
395.23 401.21 1
401.21 401.35 0
401.35 401.78 2
401.78 401.97 0
401.97 403.44 1
403.44 403.56 3
403.56 405.51 2
405.51 405.73 3
405.73 406.09 2
406.09 406.31 3
406.31 408.06 1
408.06 408.39 0
408.39 410.30 1
410.30 410.51 0
410.51 410.90 2
410.90 411.51 0
411.51 413.54 1
413.54 413.85 0
413.85 414.39 2
414.39 414.92 0
414.92 418.23 1
418.23 418.89 0
418.89 423.32 1
423.32 423.61 0
423.61 423.84 2
423.84 424.01 3
424.01 425.40 1
425.40 425.60 0
425.60 426.12 2
426.12 426.30 0
426.30 429.14 1
429.14 429.29 0
429.29 434.05 2
434.05 434.22 0
434.22 436.43 1
436.43 436.45 3
436.45 439.03 2
439.03 439.07 0
439.07 439.84 1
439.84 439.87 0
439.87 440.93 2
440.93 441.10 0
441.10 442.33 1
442.33 442.56 0
442.56 443.05 2
443.05 443.19 0
443.19 444.86 1
444.86 445.25 0
445.25 447.72 2
447.72 447.88 0
447.88 448.04 1
448.04 448.30 3
448.30 449.29 2
449.29 449.64 0
449.64 450.27 1
450.27 451.80 0
451.80 452.27 1
452.27 452.34 0
452.34 454.48 2
454.48 454.71 3
454.71 454.89 1
454.89 455.30 0
455.30 455.35 2
455.35 455.98 3
455.98 456.52 1
456.52 456.78 0
456.78 457.17 2
457.17 457.46 0
457.46 457.90 1
457.90 458.81 0
458.81 461.02 1
461.02 461.03 3
461.03 461.21 2
461.21 461.52 3
461.52 461.62 1
461.62 462.17 0
462.17 465.64 2
465.64 465.81 0
465.81 466.76 2
466.76 467.12 3
467.12 467.13 1
467.13 467.26 3
467.26 471.46 2
471.46 471.92 0
471.92 473.31 1
473.31 473.52 0
473.52 473.92 2
473.92 474.01 0
474.01 474.36 1
474.36 474.65 3
474.65 474.79 1
474.79 474.91 0
474.91 475.53 2
475.53 475.62 0
475.62 477.57 1
477.57 477.60 3
477.60 478.83 2
478.83 479.11 0
479.11 479.54 1
479.54 481.22 0
481.22 484.04 1
484.04 484.30 0
484.30 485.36 2
485.36 485.49 3
485.49 485.81 1
485.81 486.64 0
486.64 488.87 2
488.87 488.89 3
488.89 488.96 1
488.96 489.01 3
489.01 490.26 2
490.26 490.30 3
490.30 490.76 1
490.76 490.79 3
490.79 492.95 2
492.95 493.86 0
493.86 496.04 2
496.04 496.12 0
496.12 496.55 1
496.55 496.71 0
496.71 498.49 2
498.49 498.66 0
498.66 498.98 1
498.98 499.00 0
499.00 502.76 2
502.76 503.05 0
503.05 507.63 2
507.63 507.88 0
507.88 508.31 2
508.31 508.79 0
508.79 510.73 2
510.73 511.25 0
511.25 512.13 2
512.13 512.48 3
512.48 513.20 2
513.20 513.63 0
513.63 515.52 2
515.52 515.77 0
515.77 516.81 1
516.81 518.14 0
518.14 518.58 2
518.58 519.32 3
519.32 519.37 2
519.37 520.59 0
520.59 521.26 2
521.26 521.50 0
521.50 522.46 1
522.46 522.53 3
522.53 523.49 2
523.49 523.51 0
523.51 524.41 1
524.41 525.14 0
525.14 530.08 2
530.08 530.17 3
530.17 530.66 1
530.66 531.09 0
531.09 531.62 2
531.62 532.04 0
532.04 534.47 2
534.47 534.67 3
534.67 535.89 2
535.89 535.96 3
535.96 536.23 1
536.23 536.27 0
536.27 537.89 2
537.89 537.98 3
537.98 539.43 2
539.43 540.36 0
540.36 541.32 2
541.32 541.56 0
541.56 544.66 2
544.66 544.95 3
544.95 545.54 1
545.54 545.71 3
545.71 548.72 2
548.72 549.00 0
549.00 549.10 1
549.10 549.21 3
549.21 550.59 2
550.59 551.08 0
551.08 553.64 2
553.64 553.69 3
553.69 554.07 1
554.07 554.10 3
554.10 557.82 2
557.82 558.32 3
558.32 558.62 1
558.62 559.24 0
559.24 560.44 2
560.44 561.92 1
561.92 561.98 3
561.98 562.61 2
562.61 562.66 3
562.66 563.45 1
563.45 563.97 0
563.97 563.99 2
563.99 564.35 3
564.35 564.78 1
564.78 565.28 0
565.28 565.59 2
565.59 566.00 3
566.00 567.31 1
567.31 567.37 3
567.37 567.87 2
567.87 567.91 0
567.91 570.45 1
570.45 570.52 3
570.52 571.81 2
571.81 572.50 3
572.50 573.06 2
573.06 573.73 3
573.73 574.06 1
574.06 574.13 0
574.13 575.33 2
575.33 575.75 3
575.75 577.51 1
577.51 577.56 0
577.56 578.14 2
578.14 578.19 3
578.19 581.65 1
581.65 582.58 0
582.58 587.37 1
587.37 587.75 0
587.75 588.06 2
588.06 588.20 3
588.20 591.78 1
591.78 592.29 0
592.29 595.56 1
595.56 595.84 3
595.84 597.35 1
597.35 597.41 0
597.41 599.05 2
