0.00 4.81 2
4.81 5.11 3
5.11 5.18 1
5.18 5.38 3
5.38 9.19 2
9.19 9.31 3
9.31 9.75 1
9.75 9.81 0
9.81 11.03 2
11.03 11.37 3
11.37 13.11 1
13.11 13.45 3
13.45 14.09 2
14.09 14.30 0
14.30 14.89 1
14.89 15.45 3
15.45 15.99 2
15.99 16.12 3
16.12 16.45 1
16.45 16.50 3
16.50 22.68 2
22.68 23.25 0
23.25 26.86 2
26.86 27.11 3
27.11 28.60 1
28.60 32.31 3
32.31 34.81 2
34.81 34.84 3
34.84 35.78 1
35.78 36.00 3
36.00 40.31 2
40.31 40.33 0
40.33 46.59 2
46.59 46.72 3
46.72 46.83 1
46.83 47.13 3
47.13 47.95 2
47.95 48.19 0
48.19 48.46 1
48.46 48.76 3
48.76 48.87 2
48.87 49.49 3
49.49 50.11 1
50.11 51.23 3
51.23 55.01 2
55.01 55.32 3
55.32 55.43 2
55.43 55.75 0
55.75 57.87 2
57.87 57.89 3
57.89 59.97 1
59.97 61.39 3
61.39 61.92 2
61.92 62.57 0
62.57 67.37 2
67.37 67.40 3
67.40 68.22 1
68.22 68.35 3
68.35 70.37 2
70.37 70.56 0
70.56 70.75 1
70.75 71.00 3
71.00 75.02 2
75.02 75.59 3
75.59 75.67 1
75.67 75.75 3
75.75 79.26 2
79.26 79.38 3
79.38 80.02 1
80.02 80.38 0
80.38 82.17 2
82.17 83.79 3
83.79 84.22 1
84.22 84.82 3
84.82 85.25 2
85.25 86.94 3
86.94 88.99 1
88.99 89.83 3
89.83 91.11 2
91.11 91.92 0
91.92 92.81 2
92.81 93.62 3
93.62 94.35 1
94.35 94.55 3
94.55 94.98 2
94.98 96.30 3
96.30 96.86 1
96.86 97.00 0
97.00 100.38 2
100.38 100.93 0
100.93 103.19 2
103.19 103.46 0
103.46 103.57 2
103.57 103.76 3
103.76 104.80 2
104.80 105.76 3
105.76 106.69 1
106.69 106.81 3
106.81 106.99 2
106.99 109.18 3
109.18 109.89 1
109.89 109.99 3
109.99 111.48 2
111.48 111.88 3
111.88 111.92 1
111.92 112.07 3
112.07 112.47 2
112.47 113.48 3
113.48 118.81 1
118.81 119.13 3
119.13 120.04 2
120.04 120.11 0
120.11 122.85 1
122.85 123.31 3
123.31 123.33 2
123.33 123.52 3
123.52 124.15 1
124.15 124.25 3
124.25 124.51 2
124.51 124.60 3
124.60 127.22 1
127.22 127.31 3
127.31 130.14 2
130.14 130.45 0
130.45 133.40 2
133.40 133.66 0
133.66 138.71 1
138.71 139.42 3
139.42 142.67 2
142.67 143.73 3
143.73 146.48 1
146.48 146.70 3
146.70 147.29 1
147.29 147.66 3
147.66 148.29 2
148.29 148.89 3
148.89 151.78 1
151.78 152.31 3
152.31 152.96 2
152.96 153.09 3
153.09 155.25 1
155.25 155.86 3
155.86 155.88 2
155.88 156.20 3
156.20 156.58 1
156.58 157.10 3
157.10 157.48 2
157.48 158.19 3
158.19 158.52 1
158.52 163.44 3
163.44 163.61 2
163.61 164.61 3
164.61 165.23 1
165.23 166.42 3
166.42 170.14 2
170.14 170.16 0
170.16 172.63 2
172.63 172.65 0
172.65 176.08 2
176.08 176.90 3
176.90 177.29 2
177.29 177.72 0
177.72 182.15 2
182.15 182.91 3
182.91 184.70 1
184.70 186.08 3
186.08 189.54 2
189.54 189.84 0
189.84 190.54 1
190.54 190.90 3
190.90 192.41 1
192.41 192.57 3
192.57 196.23 2
196.23 196.29 0
196.29 200.19 2
200.19 200.33 3
200.33 200.73 1
200.73 201.22 0
201.22 204.96 2
204.96 204.98 0
204.98 209.46 2
209.46 209.50 0
209.50 213.22 2
213.22 213.69 3
213.69 213.80 1
213.80 214.06 3
214.06 217.42 2
217.42 218.11 0
218.11 218.85 2
218.85 218.95 3
218.95 219.69 1
219.69 219.70 3
219.70 225.96 2
225.96 226.16 3
226.16 226.18 1
226.18 226.25 3
226.25 226.53 2
226.53 226.61 3
226.61 227.39 1
227.39 227.43 0
227.43 228.34 2
228.34 229.02 0
229.02 230.44 2
230.44 231.02 3
231.02 231.25 2
231.25 231.33 3
231.33 231.73 1
231.73 234.15 3
234.15 234.48 2
234.48 235.18 3
235.18 236.59 1
236.59 237.67 3
237.67 242.44 2
242.44 242.96 0
242.96 243.41 1
243.41 244.05 3
244.05 248.84 2
248.84 248.95 0
248.95 250.09 2
250.09 250.34 3
250.34 250.40 1
250.40 250.84 3
250.84 252.39 2
252.39 252.47 3
252.47 253.86 1
253.86 254.17 3
254.17 255.53 2
255.53 255.56 0
255.56 256.18 1
256.18 260.87 2
260.87 260.94 0
260.94 261.52 1
261.52 261.53 0
261.53 265.15 2
265.15 265.88 0
265.88 269.03 2
269.03 269.10 3
269.10 270.68 1
270.68 270.71 0
270.71 274.55 2
274.55 274.86 0
274.86 277.44 2
277.44 278.09 0
278.09 279.30 2
279.30 279.77 3
279.77 281.68 1
281.68 282.89 3
282.89 286.47 2
286.47 286.85 0
286.85 290.70 2
290.70 291.13 3
291.13 291.15 1
291.15 291.23 3
291.23 293.37 2
293.37 293.87 0
293.87 294.03 1
294.03 294.45 3
294.45 295.36 1
295.36 295.54 3
295.54 295.79 2
295.79 296.38 3
296.38 297.73 1
297.73 298.17 3
298.17 300.00 2
300.00 300.14 3
300.14 300.54 1
300.54 300.71 0
300.71 300.79 1
300.79 301.42 3
301.42 301.53 2
301.53 301.67 0
301.67 301.88 2
301.88 302.01 3
302.01 302.85 1
302.85 303.13 3
303.13 303.80 2
303.80 303.95 0
303.95 304.20 1
304.20 304.29 3
304.29 307.51 2
307.51 307.58 3
307.58 308.24 1
308.24 309.11 3
309.11 313.88 2
313.88 314.50 0
314.50 315.59 2
315.59 316.07 0
316.07 316.22 1
316.22 316.91 3
316.91 320.97 2
320.97 321.06 0
321.06 325.93 2
325.93 325.98 0
325.98 329.60 2
329.60 330.10 3
330.10 331.32 1
331.32 331.43 3
331.43 331.63 2
331.63 332.32 3
332.32 332.47 1
332.47 333.29 0
333.29 338.49 2
338.49 339.15 0
339.15 339.28 2
339.28 339.53 3
339.53 340.58 2
340.58 340.74 3
340.74 340.87 1
340.87 341.06 3
341.06 341.42 2
341.42 341.56 3
341.56 341.71 2
341.71 341.76 0
341.76 346.03 2
346.03 346.23 0
346.23 347.77 1
347.77 348.64 3
348.64 350.68 2
350.68 351.69 0
351.69 355.10 2
355.10 355.19 0
355.19 358.30 2
358.30 358.54 0
358.54 358.99 1
358.99 359.46 0
359.46 365.09 2
365.09 365.24 0
365.24 365.52 1
365.52 365.78 3
365.78 366.75 2
366.75 366.91 3
366.91 367.17 1
367.17 367.27 3
367.27 372.26 2
372.26 372.65 0
372.65 375.19 2
375.19 375.38 0
375.38 378.85 2
378.85 379.06 0
379.06 382.93 2
382.93 382.96 3
382.96 383.03 1
383.03 383.13 3
383.13 387.14 2
387.14 387.24 0
387.24 389.29 1
389.29 389.78 3
389.78 390.84 2
390.84 394.11 3
394.11 394.28 1
394.28 394.33 3
394.33 396.41 2
396.41 396.60 3
396.60 398.43 1
398.43 398.58 0
398.58 399.50 2
399.50 400.18 3
400.18 400.26 1
400.26 400.80 3
400.80 401.44 2
401.44 401.60 3
401.60 402.93 1
402.93 403.13 3
403.13 403.80 2
403.80 404.63 3
404.63 406.69 1
406.69 407.44 3
407.44 410.11 2
410.11 410.13 3
410.13 411.93 1
411.93 412.66 3
412.66 413.59 2
413.59 414.13 3
414.13 414.49 2
414.49 414.50 0
414.50 415.69 2
415.69 416.08 3
416.08 416.13 1
416.13 418.47 3
418.47 420.08 2
420.08 420.51 3
420.51 424.38 1
424.38 424.55 3
424.55 425.22 2
425.22 425.58 0
425.58 426.10 1
426.10 427.13 3
427.13 427.63 2
427.63 427.75 3
427.75 430.55 1
430.55 434.05 3
434.05 434.08 2
434.08 434.31 3
434.31 435.17 1
435.17 436.79 3
436.79 439.76 2
439.76 439.80 0
439.80 442.75 2
442.75 442.78 3
442.78 443.87 1
443.87 444.62 3
444.62 445.37 2
445.37 445.89 0
445.89 445.97 1
445.97 446.05 3
446.05 449.82 2
449.82 449.83 0
449.83 451.46 2
451.46 451.99 3
451.99 452.35 1
452.35 452.49 3
452.49 452.95 2
452.95 453.06 3
453.06 453.33 1
453.33 453.42 3
453.42 454.13 2
454.13 454.30 3
454.30 456.51 2
456.51 456.67 0
456.67 457.39 2
457.39 457.68 3
457.68 461.37 1
461.37 461.50 3
461.50 461.72 2
461.72 461.84 3
461.84 462.21 1
462.21 463.19 3
463.19 463.85 2
463.85 464.70 3
464.70 465.51 1
465.51 466.29 3
466.29 467.00 2
467.00 467.88 3
467.88 468.63 1
468.63 469.08 3
469.08 469.09 2
469.09 469.70 3
469.70 469.83 1
469.83 471.04 3
471.04 471.79 2
471.79 472.01 0
472.01 472.49 1
472.49 472.57 3
472.57 473.23 2
473.23 473.25 0
473.25 473.93 1
473.93 474.26 3
474.26 474.36 2
474.36 474.51 3
474.51 476.56 1
476.56 477.00 0
477.00 477.12 2
477.12 477.54 3
477.54 478.48 1
478.48 478.95 3
478.95 483.17 1
483.17 484.39 3
484.39 484.63 2
484.63 485.35 3
485.35 485.38 1
485.38 485.49 3
485.49 486.09 2
486.09 486.50 3
486.50 486.69 1
486.69 486.70 3
486.70 486.93 2
486.93 488.93 3
488.93 490.80 1
490.80 491.01 3
491.01 491.08 2
491.08 493.28 3
493.28 494.07 1
494.07 494.17 3
494.17 494.75 2
494.75 495.04 0
495.04 496.80 1
496.80 498.00 3
498.00 498.09 2
498.09 498.14 3
498.14 498.20 1
498.20 498.82 3
498.82 499.44 2
499.44 499.75 3
499.75 500.86 1
500.86 501.41 3
501.41 502.38 2
502.38 502.39 0
502.39 507.61 1
507.61 507.72 0
507.72 508.29 2
508.29 508.35 3
508.35 513.23 1
513.23 513.74 3
513.74 513.79 1
513.79 513.99 0
513.99 514.22 2
514.22 514.34 3
514.34 516.08 2
516.08 516.13 3
516.13 519.97 1
519.97 520.71 3
520.71 521.86 2
521.86 522.17 0
522.17 523.05 1
523.05 523.66 3
523.66 524.23 2
524.23 524.47 0
524.47 524.88 1
524.88 525.10 0
525.10 525.20 2
525.20 525.73 3
525.73 526.46 1
526.46 526.66 3
526.66 527.57 2
527.57 528.28 3
528.28 529.57 1
529.57 530.31 0
530.31 531.01 1
531.01 531.47 3
531.47 537.11 1
537.11 537.21 0
537.21 544.74 1
544.74 544.76 0
544.76 544.93 2
544.93 545.18 3
545.18 552.06 1
552.06 552.11 3
552.11 552.19 2
552.19 552.46 3
552.46 554.59 1
554.59 555.46 0
555.46 556.28 2
556.28 556.65 0
556.65 557.52 1
557.52 557.73 0
557.73 558.99 2
558.99 559.89 3
559.89 560.18 1
560.18 561.10 3
561.10 561.75 2
561.75 561.92 0
561.92 566.75 1
566.75 566.88 3
566.88 567.65 2
567.65 569.36 3
569.36 569.73 1
569.73 570.29 3
570.29 570.45 2
570.45 570.73 3
570.73 570.74 1
570.74 571.81 3
571.81 573.65 2
573.65 573.72 3
573.72 574.54 1
574.54 574.65 3
574.65 575.41 2
575.41 575.48 3
575.48 576.52 1
576.52 576.70 3
576.70 579.58 2
579.58 580.23 0
580.23 580.83 3
580.83 581.33 2
581.33 581.39 3
581.39 581.40 1
581.40 581.51 3
581.51 582.22 2
582.22 582.77 3
582.77 582.95 1
582.95 583.42 3
583.42 583.97 2
583.97 585.21 3
585.21 587.90 2
587.90 588.43 3
588.43 588.81 1
588.81 589.07 3
589.07 589.31 2
589.31 589.38 3
589.38 589.55 1
589.55 589.71 0
589.71 589.72 1
589.72 590.09 3
590.09 590.32 1
590.32 590.44 3
590.44 590.92 2
590.92 591.33 3
591.33 591.40 2
591.40 592.13 3
592.13 593.46 2
593.46 593.54 3
593.54 594.41 1
594.41 594.85 3
594.85 595.62 1
595.62 596.75 3
596.75 597.85 2
597.85 597.99 3
597.99 598.38 1
598.38 598.46 3
598.46 598.97 2
598.97 599.08 3
599.08 602.13 1
