0.00 1.15 1
1.15 1.69 0
1.69 2.53 2
2.53 2.80 0
2.80 3.20 1
3.20 3.38 0
3.38 4.12 2
4.12 4.41 0
4.41 6.58 1
6.58 6.94 0
6.94 7.23 2
7.23 7.38 0
7.38 9.19 1
9.19 9.64 0
9.64 9.76 1
9.76 10.14 3
10.14 10.51 1
10.51 12.23 0
12.23 14.24 2
14.24 14.32 3
14.32 15.31 1
15.31 15.58 0
15.58 15.91 2
15.91 16.98 0
16.98 17.18 1
17.18 17.50 0
17.50 19.06 2
19.06 19.27 0
19.27 20.04 2
20.04 20.42 0
20.42 20.67 1
20.67 20.92 0
20.92 21.86 2
21.86 22.27 0
22.27 22.71 1
22.71 23.02 0
23.02 23.79 2
23.79 24.11 0
24.11 25.25 1
25.25 25.65 0
25.65 26.87 2
26.87 27.01 0
27.01 27.30 1
27.30 27.73 0
27.73 27.97 2
27.97 29.53 0
29.53 30.37 1
30.37 30.82 0
30.82 32.72 1
32.72 34.03 0
34.03 34.51 2
34.51 35.57 0
35.57 37.26 1
37.26 38.65 0
38.65 39.86 2
39.86 40.37 0
40.37 41.48 1
41.48 42.08 0
42.08 42.82 2
42.82 43.41 0
43.41 45.05 1
45.05 45.36 0
45.36 46.12 2
46.12 47.80 0
47.80 51.71 1
51.71 52.02 0
52.02 52.62 2
52.62 53.17 0
53.17 57.99 1
57.99 58.92 0
58.92 64.20 1
64.20 64.28 0
64.28 64.79 2
64.79 65.02 0
65.02 66.72 1
66.72 66.99 0
66.99 67.45 2
67.45 68.10 0
68.10 71.89 1
71.89 72.01 0
72.01 72.63 2
72.63 73.20 3
73.20 75.05 1
75.05 75.57 0
75.57 76.04 3
76.04 77.42 1
77.42 78.33 0
78.33 83.90 2
83.90 84.56 0
84.56 84.89 1
84.89 85.11 0
85.11 90.49 2
90.49 91.13 0
91.13 93.82 1
93.82 94.15 0
94.15 97.16 2
97.16 97.50 0
97.50 97.84 1
97.84 98.29 0
98.29 101.39 2
101.39 101.64 0
101.64 107.24 1
107.24 107.63 0
107.63 108.19 2
108.19 108.22 3
108.22 108.56 1
108.56 108.66 0
108.66 109.39 2
109.39 109.58 0
109.58 109.86 1
109.86 110.86 0
110.86 112.79 2
112.79 113.49 0
113.49 118.33 1
118.33 118.64 3
118.64 119.75 1
119.75 119.93 0
119.93 120.27 2
120.27 120.75 0
120.75 124.02 1
124.02 124.64 0
124.64 125.05 2
125.05 125.36 0
125.36 129.37 1
129.37 129.68 0
129.68 130.06 2
130.06 131.39 0
131.39 131.70 1
131.70 132.87 0
132.87 133.64 1
133.64 134.59 0
134.59 136.14 1
136.14 136.57 0
136.57 137.08 2
137.08 138.67 0
138.67 139.27 1
139.27 140.39 0
140.39 144.02 2
144.02 144.31 3
144.31 146.86 2
146.86 147.03 0
147.03 147.59 1
147.59 147.95 0
147.95 149.75 2
149.75 149.98 0
149.98 150.68 1
150.68 151.24 0
151.24 152.96 2
152.96 153.26 0
153.26 153.33 2
153.33 153.74 3
153.74 158.24 2
158.24 158.32 0
158.32 159.36 1
159.36 159.74 0
159.74 163.79 2
163.79 164.63 0
164.63 165.01 1
165.01 165.13 0
165.13 165.47 2
165.47 165.56 3
165.56 167.32 1
167.32 167.63 0
167.63 168.45 2
168.45 169.00 0
169.00 169.33 1
169.33 169.94 0
169.94 173.55 2
173.55 173.66 0
173.66 174.01 1
174.01 175.28 0
175.28 175.76 2
175.76 177.10 0
177.10 181.45 2
181.45 181.73 0
181.73 182.03 1
182.03 182.37 0
182.37 184.71 2
184.71 185.12 0
185.12 185.52 1
185.52 186.03 0
186.03 186.41 2
186.41 186.99 0
186.99 187.22 1
187.22 187.26 3
187.26 191.39 2
191.39 191.71 0
191.71 192.02 1
192.02 192.06 0
192.06 195.54 2
195.54 195.71 0
195.71 196.07 1
196.07 196.22 0
196.22 197.68 2
197.68 197.76 0
197.76 198.11 1
198.11 198.79 0
198.79 200.98 2
200.98 201.00 3
201.00 201.62 1
201.62 201.77 3
201.77 204.87 2
204.87 205.17 0
205.17 205.48 1
205.48 206.23 0
206.23 210.33 2
210.33 210.71 0
210.71 210.99 1
210.99 211.19 0
211.19 212.82 2
212.82 213.12 0
213.12 213.62 1
213.62 213.64 0
213.64 214.34 2
214.34 215.37 3
215.37 215.55 1
215.55 216.78 0
216.78 219.98 2
219.98 220.22 0
220.22 220.54 1
220.54 220.67 0
220.67 222.15 2
222.15 222.66 0
222.66 224.32 1
224.32 225.05 0
225.05 229.15 2
229.15 229.52 0
229.52 230.04 1
230.04 230.08 0
230.08 231.39 2
231.39 231.58 0
231.58 231.77 2
231.77 232.38 3
232.38 233.86 2
233.86 235.00 0
235.00 235.41 1
235.41 237.33 0
237.33 238.21 1
238.21 238.65 0
238.65 239.09 2
239.09 239.34 0
239.34 241.05 1
241.05 242.05 0
242.05 242.96 2
242.96 242.98 0
242.98 244.15 1
244.15 244.50 0
244.50 246.98 2
246.98 247.13 0
247.13 247.55 1
247.55 248.92 0
248.92 249.50 2
249.50 250.79 0
250.79 251.05 2
251.05 251.82 0
251.82 255.36 1
255.36 255.77 0
255.77 258.78 2
258.78 259.05 0
259.05 259.50 1
259.50 259.76 0
259.76 261.83 2
261.83 262.05 0
262.05 262.39 1
262.39 262.63 0
262.63 263.73 2
263.73 263.84 3
263.84 267.04 1
267.04 267.11 3
267.11 267.38 2
267.38 268.23 0
268.23 270.03 2
270.03 270.47 3
270.47 270.48 2
270.48 270.89 0
270.89 272.17 2
272.17 272.48 0
272.48 272.76 1
272.76 273.10 0
273.10 275.13 2
275.13 275.59 0
275.59 275.85 1
275.85 275.92 3
275.92 278.97 2
278.97 279.57 0
279.57 286.42 2
286.42 286.54 0
286.54 287.30 1
287.30 287.68 0
287.68 288.10 2
288.10 288.29 0
288.29 288.39 1
288.39 288.52 3
288.52 290.16 2
290.16 290.46 0
290.46 290.98 1
290.98 291.48 0
291.48 296.50 2
296.50 296.84 0
296.84 297.19 1
297.19 297.53 0
297.53 299.51 2
299.51 299.76 0
299.76 300.05 1
300.05 300.32 0
300.32 303.80 2
303.80 304.26 0
304.26 304.55 1
304.55 305.37 0
305.37 308.62 2
308.62 309.02 0
309.02 309.37 1
309.37 309.50 0
309.50 310.54 2
310.54 311.60 3
311.60 314.02 1
314.02 314.21 0
314.21 314.50 2
314.50 315.11 0
315.11 319.99 1
319.99 320.53 0
320.53 320.95 2
320.95 321.32 0
321.32 325.72 1
325.72 326.58 0
326.58 327.58 1
327.58 328.00 0
328.00 331.77 2
331.77 331.87 3
331.87 332.96 1
332.96 333.44 0
333.44 334.27 2
334.27 334.31 3
334.31 334.73 1
334.73 334.90 3
334.90 335.88 1
335.88 335.98 3
335.98 337.59 2
337.59 337.94 0
337.94 338.30 1
338.30 338.90 0
338.90 339.76 2
339.76 339.78 3
339.78 340.17 1
340.17 340.36 0
340.36 342.14 2
342.14 342.34 0
342.34 342.64 1
342.64 343.09 0
343.09 347.08 2
347.08 347.14 0
347.14 348.87 1
348.87 349.02 0
349.02 349.43 2
349.43 349.60 0
349.60 351.25 2
351.25 351.87 0
351.87 355.65 2
355.65 355.71 0
355.71 359.13 2
359.13 359.61 3
359.61 359.84 1
359.84 360.30 0
360.30 365.14 2
365.14 365.64 0
365.64 366.72 2
366.72 367.41 0
367.41 368.12 1
368.12 370.75 0
370.75 370.81 1
370.81 371.06 3
371.06 372.29 2
372.29 372.48 0
372.48 372.92 1
372.92 373.27 0
373.27 374.31 2
374.31 374.69 0
374.69 375.04 1
375.04 375.84 0
375.84 377.15 2
377.15 378.19 0
378.19 378.65 1
378.65 381.11 0
381.11 382.55 1
382.55 383.53 0
383.53 389.75 1
389.75 390.44 0
390.44 390.92 2
390.92 390.94 0
390.94 392.60 1
392.60 393.77 0
393.77 395.34 2
395.34 396.21 0
396.21 396.36 2
396.36 396.75 3
396.75 398.36 1
398.36 398.65 0
398.65 399.11 2
399.11 399.40 0
399.40 403.30 1
403.30 403.64 0
403.64 404.12 2
404.12 404.85 0
404.85 405.33 1
405.33 406.47 0
406.47 408.60 1
408.60 409.27 0
409.27 409.56 2
409.56 410.16 0
410.16 411.17 1
411.17 413.00 0
413.00 414.75 2
414.75 415.28 0
415.28 417.65 1
417.65 418.65 0
418.65 419.13 2
419.13 419.17 0
419.17 419.61 1
419.61 420.80 0
420.80 421.32 2
421.32 421.78 0
421.78 424.51 1
424.51 426.06 0
426.06 426.56 2
426.56 427.16 0
427.16 430.29 1
430.29 430.71 0
430.71 431.31 2
431.31 431.35 0
431.35 438.38 1
438.38 438.67 0
438.67 439.09 2
439.09 439.22 0
439.22 442.45 1
442.45 442.76 0
442.76 443.64 2
443.64 444.60 0
444.60 445.74 2
445.74 446.45 3
446.45 447.49 1
447.49 448.00 0
448.00 448.25 2
448.25 448.31 3
448.31 450.12 1
450.12 450.48 0
450.48 450.79 2
450.79 451.17 0
451.17 452.50 1
452.50 452.77 0
452.77 453.96 2
453.96 454.59 0
454.59 455.00 1
455.00 456.46 0
456.46 460.11 2
460.11 460.26 0
460.26 460.58 1
460.58 462.51 0
462.51 462.85 1
462.85 464.41 0
464.41 466.21 1
466.21 467.39 0
467.39 468.71 2
468.71 468.90 0
468.90 469.98 1
469.98 470.36 3
470.36 475.49 2
475.49 476.55 0
476.55 477.97 2
477.97 478.18 0
478.18 478.78 1
478.78 479.11 0
479.11 480.07 2
480.07 480.30 0
480.30 481.87 1
481.87 482.31 0
482.31 485.32 2
485.32 485.35 0
485.35 485.79 1
485.79 486.54 0
486.54 486.98 2
486.98 487.35 0
487.35 491.15 1
491.15 491.48 0
491.48 492.00 2
492.00 493.70 0
493.70 493.94 2
493.94 494.23 3
494.23 498.28 2
498.28 498.32 0
498.32 498.98 1
498.98 499.54 0
499.54 501.48 2
501.48 502.01 0
502.01 503.08 1
503.08 504.41 0
504.41 506.29 2
506.29 506.32 3
506.32 507.29 1
507.29 507.82 3
507.82 508.40 1
508.40 508.92 3
508.92 515.27 2
515.27 515.52 3
515.52 516.66 1
516.66 517.06 0
517.06 519.57 1
519.57 520.78 0
520.78 521.30 1
521.30 521.43 0
521.43 522.01 2
522.01 523.05 0
523.05 527.19 1
527.19 527.98 0
527.98 530.40 1
530.40 531.01 0
531.01 539.69 1
539.69 539.88 0
539.88 540.36 2
540.36 541.47 0
541.47 543.68 2
543.68 543.69 3
543.69 544.04 1
544.04 544.29 0
544.29 545.52 2
545.52 545.98 0
545.98 548.33 1
548.33 548.67 0
548.67 548.97 2
548.97 549.08 0
549.08 552.27 1
552.27 552.68 3
552.68 553.39 2
553.39 553.85 0
553.85 558.07 1
558.07 559.18 0
559.18 560.26 1
560.26 561.10 0
561.10 562.29 1
562.29 564.38 0
564.38 565.13 2
565.13 565.42 0
565.42 566.48 1
566.48 566.58 0
566.58 567.63 2
567.63 567.80 0
567.80 568.07 1
568.07 568.32 0
568.32 570.82 2
570.82 571.10 3
571.10 571.64 1
571.64 571.93 0
571.93 573.48 2
573.48 573.82 1
573.82 574.07 3
574.07 574.83 2
574.83 575.69 0
575.69 575.98 1
575.98 576.20 0
576.20 576.67 2
576.67 576.76 0
576.76 578.78 1
578.78 579.18 0
579.18 579.64 2
579.64 579.69 0
579.69 580.72 1
580.72 582.10 0
582.10 582.37 2
582.37 582.75 0
582.75 584.58 1
584.58 584.98 0
584.98 585.65 2
585.65 586.38 0
586.38 588.72 1
588.72 588.91 0
588.91 590.50 2
590.50 591.04 0
591.04 593.58 1
593.58 593.88 0
593.88 594.28 2
594.28 594.61 0
594.61 596.11 1
596.11 596.47 0
596.47 596.97 2
596.97 597.51 0
597.51 597.53 1
597.53 597.69 3
597.69 598.24 2
598.24 598.82 0
598.82 599.57 1
599.57 600.16 0
600.16 600.60 2
600.60 600.79 0
600.79 601.20 1
601.20 602.07 0
602.07 603.42 1
603.42 603.92 0
603.92 604.11 1
604.11 604.55 3
604.55 606.14 1
606.14 606.66 0
606.66 607.62 2
607.62 609.04 0
609.04 610.70 2
610.70 610.82 0
610.82 613.13 1
613.13 613.40 0
613.40 613.83 2
613.83 614.72 0
614.72 617.22 1
617.22 618.06 3
618.06 619.27 2
619.27 619.39 0
619.39 621.77 1
621.77 621.98 0
621.98 622.80 2
622.80 623.76 0
623.76 626.64 2
