0.00 8.69 2
8.69 9.62 0
9.62 17.90 2
17.90 18.90 0
18.90 19.11 1
19.11 19.28 3
19.28 26.63 2
26.63 27.56 0
27.56 38.65 2
38.65 39.53 0
39.53 41.80 2
41.80 42.69 0
42.69 53.23 2
53.23 54.49 0
54.49 58.94 2
58.94 59.44 0
59.44 59.94 1
59.94 60.04 3
60.04 67.77 2
67.77 67.81 3
67.81 68.40 1
68.40 68.48 0
68.48 74.11 2
74.11 74.91 0
74.91 82.18 2
82.18 82.81 3
82.81 83.90 1
83.90 85.92 3
85.92 86.93 1
86.93 90.79 3
90.79 91.68 1
91.68 92.01 0
92.01 92.43 2
92.43 92.94 0
92.94 94.58 1
94.58 94.62 3
94.62 96.00 2
96.00 96.72 3
96.72 96.93 1
96.93 97.06 0
97.06 100.58 2
100.58 100.84 0
100.84 101.51 1
101.51 101.89 0
101.89 108.78 2
108.78 109.79 0
109.79 116.26 2
116.26 117.64 0
117.64 124.32 2
124.32 125.00 0
125.00 127.31 2
127.31 127.90 0
127.90 135.71 2
135.71 136.26 0
136.26 142.56 2
142.56 143.61 0
143.61 145.46 2
145.46 146.51 0
146.51 150.58 2
150.58 152.18 0
152.18 156.34 2
156.34 157.39 0
157.39 157.85 1
157.85 159.20 0
159.20 167.69 2
167.69 168.74 0
168.74 176.13 2
176.13 177.85 0
177.85 185.96 2
185.96 186.13 3
186.13 188.15 2
188.15 188.86 0
188.86 189.20 1
189.20 189.45 0
189.45 193.15 2
193.15 194.79 0
194.79 196.30 1
196.30 196.68 3
196.68 198.86 2
198.86 198.90 0
198.90 200.58 1
200.58 204.60 2
204.60 205.35 0
205.35 209.75 2
209.75 210.42 0
210.42 216.66 2
216.66 217.59 0
217.59 222.68 2
222.68 222.79 0
222.79 224.62 1
224.62 224.81 0
224.81 226.87 2
226.87 228.27 0
228.27 229.36 2
229.36 230.21 0
230.21 231.32 2
231.32 231.63 0
231.63 233.63 1
233.63 233.86 0
233.86 235.76 2
235.76 236.03 0
236.03 236.38 1
236.38 236.45 3
236.45 237.82 2
237.82 238.80 0
238.80 241.76 2
241.76 242.16 0
242.16 242.39 1
242.39 242.49 3
242.49 247.78 2
247.78 248.25 0
248.25 252.44 2
252.44 253.21 0
253.21 257.74 2
257.74 258.79 0
258.79 263.25 2
263.25 263.58 0
263.58 267.50 2
267.50 268.23 0
268.23 268.38 1
268.38 268.50 3
268.50 269.25 2
269.25 270.71 0
270.71 273.23 2
273.23 274.10 0
274.10 289.06 2
289.06 289.53 0
289.53 295.38 2
295.38 296.11 0
296.11 296.23 1
296.23 296.44 3
296.44 297.88 1
297.88 298.00 3
298.00 302.86 2
302.86 304.20 0
304.20 304.79 2
304.79 305.46 0
305.46 307.40 2
307.40 307.93 0
307.93 310.23 2
310.23 311.59 0
311.59 311.70 1
311.70 311.78 3
311.78 312.57 2
312.57 312.75 0
312.75 316.11 1
316.11 316.75 0
316.75 320.45 2
320.45 320.97 0
320.97 324.16 2
324.16 325.10 0
325.10 325.66 1
325.66 325.95 0
325.95 327.16 2
327.16 328.11 0
328.11 329.70 2
329.70 329.95 0
329.95 332.86 2
332.86 333.69 0
333.69 335.11 2
335.11 335.78 0
335.78 337.60 2
337.60 337.95 0
337.95 340.11 1
340.11 341.61 0
341.61 341.75 1
341.75 342.99 3
342.99 345.64 2
345.64 347.56 0
347.56 347.89 2
347.89 348.09 0
348.09 349.00 1
349.00 349.08 0
349.08 349.43 2
349.43 350.47 0
350.47 352.15 2
352.15 353.16 0
353.16 353.21 2
353.21 353.34 3
353.34 353.63 1
353.63 354.13 0
354.13 355.49 2
355.49 356.49 0
356.49 357.03 2
357.03 358.45 0
358.45 360.53 2
360.53 361.53 0
361.53 361.75 1
361.75 361.83 3
361.83 365.03 2
365.03 365.20 3
365.20 365.56 1
365.56 366.45 3
366.45 366.69 2
366.69 366.82 3
366.82 372.20 1
372.20 372.22 0
372.22 372.95 2
372.95 373.39 0
373.39 374.53 1
374.53 374.69 3
374.69 375.52 2
375.52 376.03 3
376.03 376.31 1
376.31 376.45 3
376.45 379.28 2
379.28 379.53 0
379.53 379.77 1
379.77 380.11 3
380.11 381.08 2
381.08 382.03 0
382.03 383.06 2
383.06 384.04 0
384.04 384.56 2
384.56 385.20 0
385.20 385.97 2
385.97 386.63 0
386.63 387.01 2
387.01 388.57 0
388.57 389.45 2
389.45 390.08 0
390.08 392.77 2
392.77 393.47 0
393.47 394.25 1
394.25 394.30 3
394.30 394.99 2
394.99 395.99 0
395.99 400.14 2
400.14 400.65 0
400.65 408.63 2
408.63 409.40 0
409.40 416.55 2
416.55 417.80 0
417.80 422.97 2
422.97 423.96 0
423.96 424.06 1
424.06 424.36 3
424.36 424.57 2
424.57 424.78 3
424.78 426.12 1
426.12 426.83 0
426.83 428.43 2
428.43 428.97 0
428.97 429.73 1
429.73 430.02 0
430.02 436.36 2
436.36 438.50 0
438.50 446.76 2
446.76 447.07 0
447.07 447.12 1
447.12 447.87 3
447.87 454.13 2
454.13 454.36 0
454.36 461.76 2
461.76 462.19 3
462.19 463.01 1
463.01 463.38 0
463.38 466.11 2
466.11 467.23 0
467.23 467.59 1
467.59 467.60 0
467.60 471.09 2
471.09 471.35 0
471.35 472.58 1
472.58 472.74 3
472.74 474.81 2
474.81 475.21 0
475.21 476.58 1
476.58 476.66 0
476.66 479.90 2
479.90 481.06 0
481.06 484.36 2
484.36 485.04 0
485.04 491.94 2
491.94 492.44 0
492.44 495.98 2
495.98 496.36 3
496.36 496.60 1
496.60 497.12 0
497.12 504.38 2
504.38 504.77 0
504.77 512.41 2
512.41 513.02 0
513.02 519.28 2
519.28 521.12 0
521.12 528.56 2
528.56 529.43 0
529.43 538.63 2
538.63 539.25 0
539.25 540.69 1
540.69 541.02 0
541.02 547.82 2
547.82 547.98 0
547.98 553.90 2
553.90 554.09 0
554.09 562.03 2
562.03 564.12 0
564.12 573.50 2
573.50 573.79 0
573.79 582.96 2
582.96 583.81 0
583.81 592.14 2
592.14 593.25 0
593.25 602.57 2
602.57 603.11 0
603.11 608.70 2
608.70 609.37 0
609.37 617.96 2
617.96 618.74 0
618.74 626.12 2
626.12 626.76 0
626.76 633.82 2
633.82 635.16 0
635.16 639.65 2
639.65 640.21 0
640.21 640.41 1
640.41 640.50 3
640.50 645.84 2
645.84 646.77 0
646.77 652.94 2
652.94 653.14 0
653.14 658.55 2
658.55 659.15 0
659.15 667.14 2
667.14 667.65 0
667.65 675.03 2
675.03 675.65 0
675.65 682.62 2
682.62 683.35 0
683.35 692.08 2
692.08 692.38 0
692.38 700.23 2
700.23 700.75 0
700.75 701.02 1
701.02 701.86 3
701.86 703.17 2
703.17 703.54 0
703.54 709.12 2
709.12 709.15 0
709.15 714.62 2
714.62 715.38 0
715.38 723.21 2
723.21 723.67 0
723.67 731.90 2
731.90 732.32 0
732.32 733.78 2
733.78 734.06 0
734.06 735.95 2
735.95 736.02 3
736.02 736.27 1
736.27 736.43 3
736.43 737.71 2
737.71 738.43 3
738.43 738.63 1
738.63 738.71 3
738.71 744.09 2
