0.00 1.14 1
1.14 1.73 0
1.73 2.60 2
2.60 3.45 3
3.45 8.73 2
8.73 8.81 3
8.81 13.46 1
13.46 14.24 0
14.24 23.43 2
23.43 23.65 0
23.65 29.73 2
29.73 29.93 0
29.93 30.24 1
30.24 30.33 0
30.33 34.78 2
34.78 35.16 0
35.16 35.48 1
35.48 35.86 3
35.86 39.90 2
39.90 40.01 3
40.01 41.66 1
41.66 42.40 0
42.40 46.60 2
46.60 47.29 0
47.29 53.07 1
53.07 53.45 3
53.45 55.00 1
55.00 55.66 0
55.66 63.76 1
63.76 63.88 0
63.88 67.81 2
67.81 68.14 0
68.14 68.43 1
68.43 68.48 3
68.48 71.22 2
71.22 71.68 3
71.68 74.51 1
74.51 76.40 0
76.40 76.98 2
76.98 77.08 3
77.08 77.82 1
77.82 77.89 3
77.89 79.72 2
79.72 79.95 3
79.95 80.04 1
80.04 80.37 0
80.37 81.47 2
81.47 81.62 0
81.62 82.13 1
82.13 82.45 0
82.45 85.40 2
85.40 85.48 0
85.48 85.97 1
85.97 86.35 3
86.35 87.20 2
87.20 87.41 3
87.41 87.76 1
87.76 88.23 3
88.23 88.79 2
88.79 89.83 0
89.83 90.98 2
90.98 91.07 0
91.07 91.47 1
91.47 92.33 0
92.33 94.10 2
94.10 97.12 3
97.12 97.33 2
97.33 97.66 0
97.66 97.76 1
97.76 98.18 3
98.18 98.91 2
98.91 99.58 3
99.58 100.45 1
100.45 100.97 3
100.97 102.88 1
102.88 103.25 3
103.25 111.25 2
111.25 111.94 0
111.94 112.29 2
112.29 112.42 0
112.42 113.58 1
113.58 113.91 3
113.91 115.44 1
115.44 115.46 0
115.46 118.08 2
118.08 118.33 0
118.33 119.56 1
119.56 120.26 3
120.26 120.29 1
120.29 121.31 0
121.31 121.68 1
121.68 122.05 3
122.05 125.15 2
125.15 125.31 0
125.31 125.65 1
125.65 126.57 0
126.57 135.18 2
135.18 136.27 3
136.27 138.07 1
138.07 139.27 3
139.27 145.77 2
145.77 146.40 0
146.40 153.89 2
153.89 154.44 0
154.44 157.20 2
157.20 158.61 3
158.61 159.00 1
159.00 159.78 3
159.78 159.92 2
159.92 161.03 0
161.03 161.09 1
161.09 161.83 3
161.83 161.92 1
161.92 162.17 0
162.17 162.69 1
162.69 162.74 3
162.74 163.50 2
163.50 163.91 3
163.91 164.38 2
164.38 164.63 0
164.63 165.03 1
165.03 165.25 0
165.25 169.59 2
169.59 169.82 0
169.82 170.89 1
170.89 170.98 3
170.98 176.67 2
176.67 176.79 3
176.79 176.93 1
176.93 177.02 3
177.02 180.75 2
180.75 180.86 3
180.86 181.37 1
181.37 181.39 3
181.39 185.11 2
185.11 185.55 0
185.55 188.34 1
188.34 189.37 0
189.37 190.08 2
190.08 190.18 0
190.18 190.58 1
190.58 190.60 0
190.60 190.72 2
190.72 191.36 0
191.36 191.92 1
191.92 191.97 3
191.97 195.00 2
195.00 195.11 0
195.11 195.60 1
195.60 195.87 0
195.87 199.82 2
199.82 200.21 0
200.21 200.56 1
200.56 200.77 0
200.77 201.18 2
201.18 201.66 0
201.66 201.92 1
201.92 202.99 3
202.99 203.23 2
203.23 204.05 0
204.05 204.27 1
204.27 204.95 3
204.95 205.05 2
205.05 205.62 0
205.62 207.69 2
207.69 208.48 0
208.48 209.00 2
209.00 209.89 0
209.89 215.39 2
215.39 215.71 0
215.71 216.26 1
216.26 216.37 0
216.37 220.58 2
220.58 221.14 0
221.14 221.67 1
221.67 221.88 3
221.88 224.57 2
224.57 224.96 3
224.96 225.65 1
225.65 225.84 0
225.84 234.65 2
234.65 235.11 0
235.11 235.20 1
235.20 235.43 3
235.43 238.09 2
238.09 238.34 0
238.34 238.49 1
238.49 238.55 3
238.55 244.69 2
244.69 244.81 0
244.81 245.75 1
245.75 246.05 3
246.05 246.46 2
246.46 247.17 0
247.17 251.77 1
251.77 252.34 0
252.34 254.00 2
254.00 254.31 3
254.31 254.75 2
254.75 255.59 0
255.59 255.87 1
255.87 256.49 3
256.49 256.56 2
256.56 257.50 0
257.50 258.90 2
258.90 259.02 0
259.02 259.50 1
259.50 259.76 3
259.76 266.20 2
266.20 267.13 0
267.13 269.20 2
269.20 269.59 3
269.59 270.75 2
270.75 270.86 0
270.86 271.21 1
271.21 272.14 0
272.14 274.65 2
274.65 275.01 0
275.01 275.27 1
275.27 275.52 0
275.52 276.62 2
276.62 276.77 3
276.77 277.18 1
277.18 277.36 3
277.36 282.24 2
282.24 282.39 0
282.39 282.69 1
282.69 283.00 0
283.00 284.40 2
284.40 284.93 0
284.93 287.19 1
287.19 288.33 0
288.33 292.14 2
292.14 292.21 3
292.21 292.61 1
292.61 292.73 0
292.73 293.94 2
293.94 294.15 0
294.15 294.49 1
294.49 295.18 0
295.18 301.56 2
301.56 302.51 3
302.51 302.71 1
302.71 303.12 3
303.12 312.55 2
312.55 312.57 3
312.57 313.35 1
313.35 313.60 3
313.60 314.86 2
314.86 315.39 3
315.39 315.60 1
315.60 316.35 3
316.35 319.40 2
319.40 319.55 0
319.55 319.88 1
319.88 319.92 3
319.92 322.93 2
322.93 323.37 3
323.37 324.71 2
324.71 324.88 0
324.88 326.69 1
326.69 327.72 0
327.72 331.60 2
331.60 331.77 0
331.77 334.59 1
334.59 334.84 3
334.84 336.60 2
336.60 337.02 0
337.02 338.22 2
338.22 340.60 3
340.60 342.49 1
342.49 343.92 0
343.92 344.46 2
344.46 346.21 3
346.21 346.52 1
346.52 347.95 3
347.95 348.85 2
348.85 349.94 3
349.94 352.59 1
352.59 352.82 3
352.82 355.11 2
355.11 356.94 3
356.94 362.32 1
362.32 362.63 3
362.63 364.04 2
364.04 364.50 3
364.50 366.10 1
366.10 366.18 3
366.18 368.33 2
368.33 368.47 0
368.47 371.10 1
371.10 371.65 0
371.65 373.87 2
373.87 375.87 3
375.87 376.81 1
376.81 377.19 3
377.19 377.21 2
377.21 377.26 3
377.26 380.34 1
380.34 381.94 3
381.94 383.16 2
383.16 384.52 0
384.52 389.15 2
389.15 389.94 3
389.94 391.29 2
391.29 391.54 0
391.54 393.41 1
393.41 394.36 0
394.36 400.39 2
400.39 401.44 0
401.44 401.77 3
401.77 412.42 2
412.42 412.53 0
412.53 412.99 1
412.99 415.22 2
415.22 415.51 0
415.51 415.64 1
415.64 416.84 3
416.84 417.02 2
417.02 417.95 0
417.95 418.20 1
418.20 418.81 3
418.81 418.96 2
418.96 420.15 0
420.15 420.76 1
420.76 421.63 0
421.63 422.42 2
422.42 422.72 3
422.72 424.10 2
424.10 424.40 3
424.40 428.79 2
428.79 428.83 0
428.83 429.34 1
429.34 430.51 0
430.51 438.85 2
438.85 439.08 0
439.08 439.71 1
439.71 439.86 0
439.86 449.06 2
449.06 449.25 0
449.25 449.80 1
449.80 449.88 0
449.88 450.95 2
450.95 451.16 3
451.16 453.71 2
453.71 453.77 0
453.77 456.23 1
456.23 456.58 3
456.58 458.10 1
458.10 458.61 0
458.61 468.61 2
468.61 468.79 0
468.79 470.30 1
470.30 471.31 0
471.31 474.90 2
474.90 475.26 0
475.26 475.48 1
475.48 475.57 3
475.57 481.56 2
481.56 482.65 3
482.65 495.12 1
495.12 495.51 3
495.51 496.23 2
496.23 496.77 3
496.77 511.24 1
511.24 512.12 3
512.12 515.09 2
515.09 515.83 3
515.83 523.74 1
523.74 524.12 0
524.12 528.28 2
528.28 528.36 0
528.36 528.92 1
528.92 528.94 3
528.94 535.78 2
535.78 535.98 0
535.98 547.78 2
547.78 549.31 0
549.31 552.37 2
552.37 552.65 0
552.65 552.72 2
552.72 552.97 3
552.97 558.89 2
558.89 559.19 0
559.19 559.59 1
559.59 559.97 0
559.97 564.23 2
564.23 564.65 3
564.65 571.65 2
571.65 571.87 0
571.87 572.32 1
572.32 572.62 0
572.62 574.12 2
574.12 574.31 0
574.31 574.62 1
574.62 577.12 2
577.12 577.36 0
577.36 577.76 1
577.76 577.97 0
577.97 585.98 2
585.98 586.11 3
586.11 586.58 1
586.58 590.78 2
590.78 590.93 0
590.93 591.23 1
591.23 591.31 3
591.31 594.19 2
594.19 594.36 0
594.36 594.42 1
594.42 594.76 3
594.76 604.63 2
604.63 604.82 3
604.82 605.03 1
605.03 605.18 0
605.18 612.40 2
