0.00 6.72 1
6.72 6.76 3
6.76 10.41 2
10.41 10.44 3
10.44 10.58 1
10.58 10.73 3
10.73 16.07 2
16.07 16.70 3
16.70 16.78 1
16.78 16.91 3
16.91 17.49 2
17.49 17.66 0
17.66 19.53 1
19.53 20.19 0
20.19 22.02 2
22.02 22.20 3
22.20 23.68 2
23.68 24.06 3
24.06 26.64 1
26.64 27.12 0
27.12 27.84 2
27.84 28.62 0
28.62 28.83 1
28.83 29.04 3
29.04 33.60 2
33.60 37.78 3
37.78 38.43 1
38.43 41.58 3
41.58 41.89 1
41.89 42.31 0
42.31 49.81 2
49.81 50.21 0
50.21 51.79 2
51.79 52.23 3
52.23 53.54 2
53.54 53.94 3
53.94 54.48 2
54.48 54.50 3
54.50 55.43 1
55.43 56.03 3
56.03 61.53 2
61.53 62.52 3
62.52 63.36 1
63.36 63.45 0
63.45 65.52 2
65.52 65.78 3
65.78 69.48 1
69.48 69.83 0
69.83 73.87 2
73.87 74.21 3
74.21 76.20 2
76.20 76.66 0
76.66 82.17 2
82.17 82.24 0
82.24 82.74 1
82.74 82.75 3
82.75 87.62 2
87.62 87.95 0
87.95 87.96 2
87.96 88.52 3
88.52 88.87 1
88.87 88.98 0
88.98 90.01 2
90.01 90.29 3
90.29 91.49 1
91.49 91.58 3
91.58 92.04 1
92.04 92.78 3
92.78 93.27 2
93.27 93.52 3
93.52 93.72 1
93.72 94.27 3
94.27 96.49 2
96.49 96.52 0
96.52 96.55 1
96.55 96.72 3
96.72 99.56 2
99.56 100.02 0
100.02 101.32 2
101.32 101.42 0
101.42 101.43 1
101.43 101.81 3
101.81 102.90 2
102.90 103.43 0
103.43 108.15 2
108.15 108.25 0
108.25 108.55 1
108.55 108.63 3
108.63 110.63 2
110.63 112.24 3
112.24 112.77 1
112.77 113.97 0
113.97 116.40 2
116.40 116.87 3
116.87 118.55 2
118.55 119.56 0
119.56 128.66 2
128.66 128.80 0
128.80 129.38 1
129.38 129.81 3
129.81 132.12 2
132.12 132.97 3
132.97 133.08 1
133.08 133.15 3
133.15 136.81 2
136.81 136.96 3
136.96 137.32 1
137.32 137.72 3
137.72 138.59 2
138.59 138.68 3
138.68 139.00 1
139.00 139.03 0
139.03 140.89 2
140.89 141.22 3
141.22 141.37 1
141.37 141.50 3
141.50 141.53 2
141.53 141.76 0
141.76 145.68 1
145.68 146.25 3
146.25 148.53 2
148.53 148.62 3
148.62 149.25 1
149.25 150.96 0
150.96 151.23 1
151.23 151.66 3
151.66 161.86 2
161.86 161.91 3
161.91 162.67 1
162.67 162.72 0
162.72 168.01 2
168.01 169.04 3
169.04 170.03 1
170.03 170.67 0
170.67 171.06 2
171.06 171.18 3
171.18 171.43 1
171.43 171.54 0
171.54 174.61 2
174.61 176.58 3
176.58 178.71 1
178.71 179.16 3
179.16 185.20 2
185.20 185.53 0
185.53 185.72 1
185.72 186.08 3
186.08 193.64 2
193.64 194.13 3
194.13 195.07 1
195.07 195.09 3
195.09 200.07 2
200.07 200.28 3
200.28 201.10 1
201.10 201.90 0
201.90 203.14 2
203.14 203.27 0
203.27 203.73 1
203.73 204.08 3
204.08 205.66 2
205.66 205.83 3
205.83 206.04 1
206.04 206.09 3
206.09 210.71 2
210.71 211.30 3
211.30 214.57 2
214.57 214.70 3
214.70 216.63 1
216.63 217.10 0
217.10 218.83 2
218.83 219.27 3
219.27 225.45 2
225.45 225.88 3
225.88 227.47 2
227.47 227.52 3
227.52 227.93 1
227.93 228.34 3
228.34 229.21 2
229.21 229.62 3
229.62 231.88 2
231.88 232.05 3
232.05 232.92 1
232.92 233.10 0
233.10 233.98 2
233.98 236.87 3
236.87 239.75 2
239.75 239.92 3
239.92 240.25 1
240.25 241.10 0
241.10 246.06 2
246.06 246.71 0
246.71 247.84 2
247.84 248.63 3
248.63 248.72 2
248.72 249.35 0
249.35 251.91 2
251.91 252.64 3
252.64 254.75 2
254.75 255.06 3
255.06 256.08 2
256.08 256.28 3
256.28 257.79 1
257.79 258.75 0
258.75 262.01 2
262.01 262.65 3
262.65 267.86 1
267.86 268.55 3
268.55 270.21 2
270.21 270.29 3
270.29 270.90 1
270.90 271.22 3
271.22 271.96 2
271.96 272.67 3
272.67 272.82 2
272.82 272.95 0
272.95 273.23 2
273.23 274.24 3
274.24 275.49 1
275.49 276.57 3
276.57 276.80 1
276.80 277.55 3
277.55 279.85 2
279.85 280.21 3
280.21 283.76 2
283.76 283.97 3
283.97 284.05 1
284.05 284.09 3
284.09 285.30 2
285.30 285.63 3
285.63 287.07 2
287.07 287.09 3
287.09 288.42 1
288.42 290.72 3
290.72 291.31 2
291.31 291.55 3
291.55 297.88 1
297.88 298.36 0
298.36 298.40 2
298.40 298.80 3
298.80 299.30 2
299.30 299.52 3
299.52 303.57 1
303.57 304.09 3
304.09 304.34 2
304.34 304.55 3
304.55 306.04 1
306.04 306.49 0
306.49 307.12 2
307.12 307.22 0
307.22 307.89 1
307.89 308.27 3
308.27 310.36 1
310.36 310.83 3
310.83 313.90 1
313.90 314.10 3
314.10 316.74 1
316.74 317.02 0
317.02 317.84 1
317.84 318.25 0
318.25 319.76 2
319.76 320.53 3
320.53 320.62 2
320.62 320.96 0
320.96 323.06 2
323.06 323.54 0
323.54 324.55 1
324.55 324.98 3
324.98 325.15 2
325.15 325.53 3
325.53 327.12 1
327.12 327.16 0
327.16 329.81 2
329.81 330.02 3
330.02 330.28 1
330.28 330.29 3
330.29 337.70 2
337.70 338.03 3
338.03 339.11 2
339.11 339.17 0
339.17 339.25 2
339.25 340.02 3
340.02 341.67 2
341.67 341.79 3
341.79 342.15 1
342.15 342.37 3
342.37 343.76 2
343.76 344.68 3
344.68 347.46 2
347.46 348.43 3
348.43 348.66 2
348.66 348.87 0
348.87 355.37 1
355.37 355.77 3
355.77 356.02 2
356.02 356.08 0
356.08 358.77 1
358.77 359.60 0
359.60 363.09 1
363.09 364.04 3
364.04 364.41 2
364.41 365.08 3
365.08 365.62 1
365.62 365.67 0
365.67 365.80 2
365.80 365.95 3
365.95 366.24 1
366.24 366.59 3
366.59 367.35 1
367.35 367.53 0
367.53 370.86 1
370.86 371.28 0
371.28 371.73 2
371.73 372.32 3
372.32 374.53 1
374.53 374.91 0
374.91 375.02 1
375.02 375.88 3
375.88 376.75 1
376.75 377.07 3
377.07 377.59 2
377.59 378.08 0
378.08 382.50 1
382.50 382.61 0
382.61 383.40 1
383.40 383.58 0
383.58 383.76 2
383.76 384.56 3
384.56 385.11 1
385.11 385.58 0
385.58 388.23 1
388.23 388.64 0
388.64 393.52 1
393.52 393.81 3
393.81 395.58 2
395.58 395.81 0
395.81 396.08 1
396.08 396.62 0
396.62 397.37 2
397.37 397.49 3
397.49 402.61 1
402.61 402.67 0
402.67 404.67 1
404.67 404.81 0
404.81 404.89 2
404.89 405.13 3
405.13 406.04 1
406.04 406.26 3
406.26 406.61 0
406.61 409.04 2
409.04 409.19 0
409.19 409.20 1
409.20 410.22 3
410.22 412.60 1
412.60 412.83 3
412.83 413.31 2
413.31 413.60 3
413.60 416.80 2
416.80 416.85 0
416.85 417.25 1
417.25 417.28 0
417.28 417.98 2
417.98 418.04 3
418.04 420.91 1
420.91 421.22 3
421.22 422.96 1
422.96 423.27 0
423.27 423.64 2
423.64 424.16 0
424.16 424.62 2
424.62 425.45 3
425.45 427.22 1
427.22 427.76 3
427.76 431.22 2
431.22 431.29 3
431.29 431.38 1
431.38 434.61 3
434.61 436.45 1
436.45 436.72 0
436.72 437.85 2
437.85 439.28 3
439.28 440.32 1
440.32 440.76 0
440.76 441.96 1
441.96 442.96 0
442.96 444.48 1
444.48 444.77 0
444.77 446.52 1
446.52 446.65 0
446.65 447.06 2
447.06 447.07 3
447.07 448.81 1
448.81 448.93 0
448.93 452.67 1
452.67 453.07 0
453.07 455.25 2
455.25 455.65 3
455.65 460.61 1
460.61 462.08 3
462.08 462.50 1
