0.00 3.13 2
3.13 3.60 0
3.60 7.19 2
7.19 7.93 0
7.93 16.62 2
16.62 17.77 0
17.77 20.73 2
20.73 21.19 0
21.19 23.63 2
23.63 23.69 0
23.69 28.66 2
28.66 28.83 3
28.83 29.18 1
29.18 29.38 0
29.38 33.00 2
33.00 33.02 0
33.02 35.58 2
35.58 35.59 0
35.59 38.98 2
38.98 39.43 3
39.43 39.49 1
39.49 39.77 3
39.77 44.87 2
44.87 45.22 3
45.22 45.25 1
45.25 45.48 0
45.48 49.68 2
49.68 50.47 0
50.47 51.37 1
51.37 52.50 3
52.50 52.69 2
52.69 53.43 0
53.43 54.25 1
54.25 54.68 0
54.68 56.46 2
56.46 56.88 0
56.88 57.67 1
57.67 58.01 0
58.01 59.38 2
59.38 59.96 0
59.96 60.58 1
60.58 60.83 0
60.83 61.23 2
61.23 61.42 0
61.42 63.79 1
63.79 64.16 0
64.16 65.51 2
65.51 67.49 3
67.49 68.07 1
68.07 68.47 0
68.47 69.77 2
69.77 69.99 3
69.99 70.96 1
70.96 71.11 0
71.11 71.52 2
71.52 71.53 3
71.53 75.37 1
75.37 75.89 0
75.89 76.65 2
76.65 76.74 3
76.74 77.76 1
77.76 78.15 3
78.15 78.89 2
78.89 78.92 0
78.92 83.46 1
83.46 83.56 0
83.56 83.92 2
83.92 84.03 3
84.03 86.61 1
86.61 86.69 0
86.69 87.12 2
87.12 87.20 3
87.20 88.35 1
88.35 88.59 3
88.59 89.31 2
89.31 89.66 3
89.66 98.54 1
98.54 99.00 0
99.00 99.64 2
99.64 99.66 0
99.66 104.33 1
104.33 104.77 2
104.77 105.07 3
105.07 106.71 1
106.71 106.86 0
106.86 111.66 1
111.66 111.81 0
111.81 112.28 2
112.28 112.72 0
112.72 120.35 1
120.35 120.75 3
120.75 121.01 2
121.01 121.10 0
121.10 121.63 1
121.63 121.76 0
121.76 122.41 2
122.41 122.51 0
122.51 126.15 1
126.15 126.66 0
126.66 127.91 1
127.91 128.10 3
128.10 128.53 2
128.53 128.96 3
128.96 130.94 1
130.94 131.46 0
131.46 133.41 2
133.41 133.51 3
133.51 136.49 1
136.49 136.72 3
136.72 137.09 2
137.09 137.36 0
137.36 143.33 1
143.33 143.85 3
143.85 144.07 2
144.07 144.28 0
144.28 149.27 1
149.27 149.44 3
149.44 149.74 2
149.74 149.80 0
149.80 156.09 1
156.09 156.17 0
156.17 156.41 2
156.41 156.80 0
156.80 160.36 1
160.36 160.66 3
160.66 160.92 2
160.92 161.58 0
161.58 162.78 1
162.78 163.08 0
163.08 165.28 2
165.28 165.40 0
165.40 166.67 1
166.67 166.78 3
166.78 170.76 2
170.76 170.90 0
170.90 173.26 2
173.26 173.27 0
173.27 178.32 2
178.32 178.67 3
178.67 185.65 2
185.65 185.66 0
185.66 187.77 2
187.77 187.78 3
187.78 188.27 1
188.27 188.86 0
188.86 190.54 2
190.54 190.70 0
190.70 193.76 2
193.76 194.13 0
194.13 200.54 2
200.54 200.89 3
200.89 201.32 1
201.32 201.47 3
201.47 202.25 2
202.25 202.53 0
202.53 202.57 2
202.57 203.41 3
203.41 206.05 2
206.05 206.44 0
206.44 210.88 2
210.88 210.90 0
210.90 214.96 2
214.96 215.15 0
215.15 218.67 2
218.67 218.68 0
218.68 221.33 2
221.33 222.41 3
222.41 222.92 1
222.92 223.65 3
223.65 224.57 2
224.57 225.04 3
225.04 225.79 1
225.79 225.93 0
225.93 229.45 2
229.45 229.67 3
229.67 233.53 1
233.53 233.86 0
233.86 239.45 2
239.45 239.84 0
239.84 243.43 2
243.43 243.58 0
243.58 248.53 2
248.53 248.89 0
248.89 251.97 2
251.97 251.98 0
251.98 252.01 2
252.01 252.53 3
252.53 255.03 2
255.03 255.15 0
255.15 255.31 1
255.31 256.07 3
256.07 257.39 2
257.39 257.42 0
257.42 259.34 1
259.34 259.38 0
259.38 259.45 2
259.45 260.04 3
260.04 262.92 1
262.92 263.08 3
263.08 265.34 2
265.34 265.58 0
265.58 268.78 2
268.78 269.17 0
269.17 272.85 2
272.85 272.86 0
272.86 276.11 2
276.11 276.23 3
276.23 276.37 1
276.37 276.64 3
276.64 278.81 2
278.81 279.17 0
279.17 281.21 2
281.21 282.16 0
282.16 284.46 2
284.46 284.52 0
284.52 287.13 1
287.13 287.50 0
287.50 288.06 2
288.06 288.46 0
288.46 289.71 1
289.71 290.12 3
290.12 293.92 1
293.92 294.13 3
294.13 296.67 2
296.67 296.70 0
296.70 301.15 2
301.15 301.59 3
301.59 305.75 2
305.75 306.65 3
306.65 307.02 2
307.02 308.74 0
308.74 310.14 1
310.14 310.22 0
310.22 312.03 2
312.03 312.32 0
312.32 313.17 1
313.17 313.44 0
313.44 314.35 2
314.35 314.52 0
314.52 319.54 1
319.54 319.82 3
319.82 320.25 2
320.25 320.29 3
320.29 325.66 1
325.66 325.73 3
325.73 327.43 2
327.43 327.52 0
327.52 330.75 1
330.75 331.00 0
331.00 331.68 2
331.68 331.73 3
331.73 335.66 1
335.66 335.85 0
335.85 336.20 2
336.20 336.47 0
336.47 340.35 1
340.35 340.43 0
340.43 340.69 2
340.69 340.90 3
340.90 346.29 1
346.29 346.59 0
346.59 347.00 2
347.00 347.04 3
347.04 351.91 1
351.91 352.11 0
352.11 355.90 1
355.90 356.33 3
356.33 357.46 1
357.46 357.62 3
357.62 358.11 2
358.11 358.42 3
358.42 362.26 1
362.26 362.69 0
362.69 366.09 1
366.09 366.24 3
366.24 366.46 2
366.46 366.56 3
366.56 372.53 1
372.53 372.79 0
372.79 372.95 2
372.95 373.13 3
373.13 375.26 1
375.26 375.33 0
375.33 380.96 1
380.96 381.06 0
381.06 383.76 1
383.76 383.90 0
383.90 384.00 2
384.00 384.74 3
384.74 385.67 1
385.67 385.84 0
385.84 386.70 2
386.70 386.75 3
386.75 389.00 1
389.00 389.17 0
389.17 391.51 1
391.51 391.60 0
391.60 393.39 1
393.39 393.57 0
393.57 393.61 2
393.61 394.93 3
394.93 395.57 2
395.57 395.58 0
395.58 398.59 1
398.59 398.72 0
398.72 399.01 2
399.01 399.18 3
399.18 401.45 1
401.45 402.00 0
402.00 405.67 1
405.67 405.89 0
405.89 406.41 2
406.41 406.47 0
406.47 410.17 1
410.17 410.63 0
410.63 413.07 1
413.07 413.14 0
413.14 415.06 1
415.06 415.12 0
415.12 418.36 1
418.36 419.09 0
419.09 419.20 1
419.20 419.72 3
419.72 419.81 2
419.81 419.92 3
419.92 422.84 1
422.84 422.86 0
422.86 427.13 1
427.13 428.22 0
428.22 430.43 1
430.43 430.50 0
430.50 431.46 2
431.46 432.16 3
432.16 432.97 1
432.97 433.23 0
433.23 434.16 2
434.16 434.32 3
434.32 440.93 1
440.93 440.96 0
440.96 441.46 2
441.46 441.80 0
441.80 445.43 1
445.43 445.68 0
445.68 446.23 2
446.23 446.35 3
446.35 446.91 1
446.91 448.21 3
448.21 450.60 2
450.60 451.38 0
451.38 454.47 1
454.47 454.61 3
454.61 455.38 2
455.38 455.42 0
455.42 459.88 1
459.88 460.10 0
460.10 465.04 1
465.04 465.42 0
465.42 467.50 1
467.50 468.12 0
468.12 472.59 2
472.59 472.89 0
472.89 473.99 1
473.99 474.52 0
474.52 480.73 1
480.73 480.88 0
480.88 481.37 3
481.37 482.08 1
482.08 482.57 0
482.57 483.00 2
483.00 483.01 3
483.01 484.80 1
484.80 486.67 3
486.67 486.88 2
486.88 486.98 3
486.98 491.56 1
491.56 492.14 0
492.14 492.63 2
492.63 492.73 0
492.73 493.41 1
493.41 493.54 0
493.54 493.91 2
493.91 494.02 0
494.02 498.14 1
498.14 498.68 3
498.68 504.12 2
504.12 504.58 0
504.58 506.47 2
506.47 506.98 0
506.98 508.86 2
508.86 509.19 3
509.19 509.27 2
509.27 509.51 0
509.51 511.07 2
511.07 511.41 0
511.41 513.24 2
513.24 513.67 0
513.67 515.44 2
515.44 515.76 0
515.76 519.41 2
519.41 519.98 3
519.98 520.45 1
520.45 520.85 0
520.85 522.42 2
522.42 522.64 0
522.64 523.13 1
523.13 523.60 0
523.60 525.77 2
525.77 526.04 0
526.04 527.92 2
527.92 528.26 3
528.26 528.29 2
528.29 528.38 0
528.38 529.78 2
529.78 529.82 3
529.82 529.87 1
529.87 530.21 3
530.21 532.51 2
532.51 533.30 0
533.30 538.67 2
538.67 538.89 0
538.89 539.29 1
539.29 539.33 3
539.33 539.94 2
539.94 540.24 0
540.24 543.02 2
543.02 543.08 0
543.08 546.78 2
546.78 546.95 0
546.95 548.49 2
548.49 548.54 3
548.54 549.09 1
549.09 549.33 0
549.33 549.69 2
549.69 549.81 3
549.81 550.14 1
550.14 550.38 0
550.38 553.70 1
553.70 553.81 0
553.81 554.07 2
554.07 554.23 3
554.23 556.77 1
556.77 556.80 0
556.80 561.84 1
561.84 562.00 3
562.00 562.30 2
562.30 562.39 0
562.39 563.44 1
563.44 563.74 0
563.74 563.75 1
563.75 564.14 3
564.14 565.52 1
565.52 565.63 0
565.63 569.33 1
569.33 569.67 0
569.67 571.70 1
571.70 571.91 0
571.91 572.51 2
572.51 572.63 3
572.63 574.74 1
574.74 574.98 0
574.98 576.30 2
576.30 576.46 0
576.46 578.24 1
578.24 578.63 3
578.63 579.59 1
579.59 579.84 3
579.84 580.33 2
580.33 583.55 1
583.55 583.66 0
583.66 585.63 1
585.63 585.94 0
585.94 586.08 2
586.08 586.26 3
586.26 589.62 1
589.62 590.14 0
590.14 594.90 1
594.90 595.10 3
595.10 595.99 2
