0.00 1.28 1
1.28 1.66 0
1.66 2.02 2
2.02 3.90 0
3.90 5.25 2
5.25 6.48 3
6.48 8.92 1
8.92 9.70 0
9.70 12.04 2
12.04 12.07 3
12.07 12.34 1
12.34 12.50 3
12.50 14.36 2
14.36 14.48 3
14.48 14.51 1
14.51 14.71 3
14.71 16.97 2
16.97 17.13 0
17.13 17.71 1
17.71 17.75 0
17.75 19.47 2
19.47 19.50 0
19.50 20.63 1
20.63 21.73 0
21.73 22.84 2
22.84 23.11 0
23.11 24.38 1
24.38 25.30 0
25.30 29.03 1
29.03 29.65 0
29.65 32.70 2
32.70 32.92 0
32.92 33.13 1
33.13 33.38 0
33.38 35.78 2
35.78 35.84 0
35.84 36.29 1
36.29 37.06 3
37.06 38.16 2
38.16 38.37 3
38.37 39.27 1
39.27 39.93 0
39.93 43.01 2
43.01 43.14 3
43.14 44.45 1
44.45 44.64 0
44.64 47.03 2
47.03 47.26 3
47.26 48.03 2
48.03 48.69 0
48.69 51.07 2
51.07 51.22 0
51.22 52.12 1
52.12 52.47 0
52.47 53.06 2
53.06 53.29 3
53.29 53.44 1
53.44 53.55 3
53.55 56.51 2
56.51 57.27 0
57.27 57.80 1
57.80 58.29 0
58.29 60.69 2
60.69 60.79 0
60.79 61.99 1
61.99 63.66 0
63.66 63.72 1
63.72 63.98 3
63.98 66.13 2
66.13 66.28 3
66.28 68.70 1
68.70 69.90 0
69.90 72.38 2
72.38 72.96 3
72.96 73.48 1
73.48 73.78 3
73.78 74.66 2
74.66 74.82 3
74.82 75.93 1
75.93 77.36 3
77.36 77.84 2
77.84 78.70 3
78.70 82.81 1
82.81 83.15 3
83.15 84.41 2
84.41 85.61 0
85.61 87.09 1
87.09 88.30 0
88.30 88.51 2
88.51 88.98 0
88.98 90.17 1
90.17 90.90 0
90.90 91.49 2
91.49 91.74 0
91.74 92.10 1
92.10 92.18 0
92.18 94.31 2
94.31 94.52 3
94.52 94.70 1
94.70 95.36 0
95.36 95.62 2
95.62 95.66 3
95.66 96.06 1
96.06 96.76 3
96.76 97.04 1
97.04 97.19 3
97.19 98.16 2
98.16 98.37 0
98.37 99.01 1
99.01 99.04 3
99.04 100.71 2
100.71 101.42 3
101.42 104.49 2
104.49 104.62 3
104.62 105.09 1
105.09 105.54 3
105.54 111.44 2
111.44 112.20 0
112.20 116.13 2
116.13 116.43 0
116.43 122.18 2
122.18 122.76 0
122.76 124.74 2
124.74 125.79 3
125.79 125.98 1
125.98 126.40 3
126.40 129.22 2
129.22 129.23 0
129.23 130.04 1
130.04 130.32 2
130.32 131.13 3
131.13 131.24 2
131.24 132.11 0
132.11 132.41 2
132.41 132.97 3
132.97 133.87 1
133.87 135.39 0
135.39 135.77 2
135.77 136.18 0
136.18 137.59 1
137.59 138.32 0
138.32 139.72 2
139.72 140.43 0
140.43 140.87 1
140.87 141.20 0
141.20 142.57 2
142.57 142.97 0
142.97 148.31 1
148.31 149.32 0
149.32 150.40 2
150.40 150.52 0
150.52 150.53 1
150.53 150.81 3
150.81 154.22 2
154.22 154.30 3
154.30 157.45 1
157.45 158.68 0
158.68 159.09 2
159.09 160.97 0
160.97 162.06 2
162.06 162.09 3
162.09 162.72 1
162.72 162.98 3
162.98 163.85 2
163.85 164.04 0
164.04 164.73 1
164.73 164.78 3
164.78 165.09 2
165.09 165.17 0
165.17 166.81 1
166.81 167.10 3
167.10 167.70 2
167.70 167.91 0
167.91 168.30 1
168.30 168.55 0
168.55 168.87 2
168.87 168.92 3
168.92 169.34 1
169.34 169.76 0
169.76 171.18 2
171.18 171.31 0
171.31 173.88 1
173.88 174.38 3
174.38 176.38 2
176.38 176.91 0
176.91 177.07 1
177.07 178.50 0
178.50 178.54 2
178.54 179.05 3
179.05 182.64 1
182.64 183.89 0
183.89 187.22 2
187.22 187.47 3
187.47 187.67 1
187.67 187.90 0
187.90 192.09 2
192.09 192.38 0
192.38 195.22 1
195.22 195.87 0
195.87 196.76 2
196.76 196.97 0
196.97 198.59 1
198.59 198.80 3
198.80 199.46 2
199.46 199.59 0
199.59 199.90 1
199.90 200.47 0
200.47 203.34 2
203.34 203.57 0
203.57 206.89 1
206.89 210.26 0
210.26 210.63 2
210.63 210.72 3
210.72 213.42 1
213.42 213.52 3
213.52 214.33 2
214.33 214.48 3
214.48 214.82 1
214.82 214.98 0
214.98 215.01 2
215.01 215.15 3
215.15 215.23 2
215.23 216.09 0
216.09 217.01 2
217.01 217.12 0
217.12 217.52 1
217.52 218.08 0
218.08 219.69 2
219.69 220.28 3
220.28 220.76 1
220.76 221.88 0
221.88 222.71 1
222.71 223.72 0
223.72 224.07 2
224.07 224.64 0
224.64 225.87 1
225.87 226.59 0
226.59 229.00 2
229.00 232.04 0
232.04 232.94 2
232.94 232.97 3
232.97 233.00 1
233.00 233.66 3
233.66 234.66 2
234.66 234.67 3
234.67 235.25 1
235.25 235.35 0
235.35 235.94 2
235.94 237.04 3
237.04 238.06 2
238.06 238.17 3
238.17 239.56 1
239.56 241.28 0
241.28 242.63 1
242.63 243.25 2
243.25 243.97 0
243.97 244.41 1
244.41 244.50 0
244.50 244.56 2
244.56 245.33 3
245.33 245.37 1
245.37 245.97 3
245.97 246.39 0
246.39 246.65 1
246.65 246.69 0
246.69 249.60 2
249.60 249.62 0
249.62 251.10 1
251.10 251.70 0
251.70 252.67 1
252.67 252.70 3
252.70 253.63 2
253.63 253.72 3
253.72 256.21 1
256.21 258.20 0
258.20 258.92 2
258.92 259.33 0
259.33 260.33 1
260.33 261.22 0
261.22 267.12 2
267.12 267.53 0
267.53 268.67 2
268.67 268.84 0
268.84 269.63 1
269.63 269.92 3
269.92 270.50 2
270.50 270.80 0
270.80 272.02 1
272.02 272.42 0
272.42 272.87 2
272.87 273.53 0
273.53 274.14 2
274.14 276.08 0
276.08 277.03 2
277.03 279.94 0
279.94 286.55 2
286.55 287.71 0
287.71 292.42 2
292.42 292.44 0
292.44 293.17 1
293.17 293.41 0
293.41 294.68 2
294.68 294.90 3
294.90 295.20 1
295.20 295.93 0
295.93 296.20 2
296.20 296.75 3
296.75 297.70 1
297.70 298.28 0
298.28 299.60 1
299.60 300.11 3
300.11 301.55 2
301.55 301.69 0
301.69 302.16 2
302.16 302.71 3
302.71 305.28 2
305.28 305.81 0
305.81 308.41 2
308.41 309.75 0
309.75 311.12 2
311.12 313.41 0
313.41 315.49 2
315.49 316.11 0
316.11 316.81 1
316.81 317.04 3
317.04 318.82 2
318.82 322.59 0
322.59 324.23 1
324.23 324.53 0
324.53 325.77 2
325.77 325.95 0
325.95 326.44 1
326.44 326.94 0
326.94 327.82 2
327.82 328.60 3
328.60 328.74 1
328.74 329.53 0
329.53 329.84 2
329.84 330.16 0
330.16 331.15 1
331.15 331.16 0
331.16 334.72 2
334.72 335.60 0
335.60 336.18 1
336.18 336.63 0
336.63 339.87 2
339.87 340.80 1
340.80 341.93 0
341.93 342.37 2
342.37 342.72 0
342.72 343.15 1
343.15 343.18 3
343.18 344.31 2
344.31 345.73 0
345.73 346.52 1
346.52 346.87 0
346.87 349.03 2
349.03 349.09 0
349.09 350.00 1
350.00 351.27 0
351.27 353.33 2
353.33 354.47 0
354.47 356.94 2
356.94 356.96 0
356.96 357.78 1
357.78 358.89 0
358.89 359.39 1
359.39 359.46 3
359.46 362.08 2
362.08 362.51 3
362.51 362.86 1
362.86 364.33 0
364.33 365.02 2
365.02 365.45 0
365.45 366.67 1
366.67 366.72 0
366.72 370.09 2
370.09 372.68 0
372.68 373.59 1
373.59 374.28 0
374.28 375.91 2
375.91 376.25 0
376.25 376.94 1
376.94 377.97 0
377.97 378.56 2
378.56 378.68 3
378.68 378.79 1
378.79 379.02 3
379.02 380.73 2
380.73 381.48 0
381.48 386.86 2
386.86 387.32 0
387.32 392.77 1
392.77 392.93 0
392.93 399.49 2
399.49 403.84 0
403.84 404.24 1
404.24 405.43 0
405.43 406.61 2
406.61 407.35 0
407.35 407.73 1
407.73 408.14 3
408.14 408.89 2
408.89 409.17 0
409.17 411.42 1
411.42 412.16 0
412.16 412.86 2
412.86 413.02 0
413.02 415.11 1
415.11 416.42 0
416.42 417.28 2
417.28 417.56 0
417.56 417.88 1
417.88 417.96 0
417.96 419.33 2
419.33 420.12 0
420.12 420.54 1
420.54 420.78 0
420.78 421.86 2
421.86 422.11 0
422.11 429.02 1
429.02 431.64 0
431.64 432.26 1
432.26 432.39 3
432.39 434.52 2
434.52 436.33 0
436.33 436.78 1
436.78 437.99 0
437.99 438.44 2
438.44 438.84 0
438.84 439.88 1
439.88 440.11 3
440.11 440.80 2
440.80 441.02 3
441.02 445.04 1
445.04 445.70 0
445.70 450.61 2
450.61 451.02 0
451.02 451.51 1
451.51 451.72 3
451.72 454.86 2
454.86 455.74 3
455.74 456.54 1
456.54 458.85 0
458.85 461.39 2
461.39 463.35 0
463.35 464.07 1
464.07 464.42 3
464.42 469.69 2
469.69 470.61 0
470.61 470.99 1
470.99 471.09 3
471.09 473.12 2
473.12 473.51 0
473.51 474.35 1
474.35 476.09 0
476.09 477.02 1
477.02 477.63 0
477.63 479.38 2
479.38 479.50 3
479.50 481.26 1
481.26 481.51 3
481.51 481.82 1
481.82 483.53 0
483.53 483.86 2
483.86 484.36 0
484.36 486.04 1
486.04 487.29 0
487.29 487.61 2
487.61 487.92 0
487.92 489.38 1
489.38 489.89 0
489.89 490.16 2
490.16 490.36 0
490.36 491.37 1
491.37 492.10 0
492.10 493.09 2
493.09 493.34 0
493.34 499.32 1
499.32 501.55 0
501.55 501.62 1
501.62 502.73 3
502.73 503.87 2
503.87 503.95 3
503.95 506.13 1
506.13 506.33 3
506.33 507.14 2
507.14 507.24 0
507.24 513.34 1
513.34 513.83 0
513.83 514.64 2
514.64 515.03 0
515.03 516.70 1
516.70 516.99 0
516.99 517.60 1
517.60 518.14 0
518.14 519.28 1
519.28 520.11 0
520.11 520.76 1
520.76 521.66 3
521.66 521.96 1
521.96 522.50 0
522.50 523.17 1
523.17 523.65 3
523.65 524.23 2
524.23 524.47 0
524.47 525.53 1
525.53 526.35 0
526.35 526.67 1
526.67 527.36 0
527.36 532.63 2
532.63 532.85 3
532.85 533.94 1
533.94 534.07 3
534.07 534.50 2
534.50 534.53 3
534.53 535.41 1
535.41 535.89 3
535.89 536.69 2
536.69 537.61 3
537.61 539.24 1
539.24 539.48 0
539.48 541.19 2
541.19 541.58 0
541.58 542.10 1
542.10 542.29 0
542.29 542.88 2
542.88 543.00 0
543.00 543.41 1
543.41 544.58 0
544.58 545.90 2
545.90 545.93 3
545.93 546.98 1
546.98 547.39 0
547.39 549.51 2
549.51 549.72 0
549.72 550.25 1
550.25 552.80 0
552.80 555.03 2
555.03 555.41 0
555.41 555.58 1
555.58 555.81 3
555.81 556.46 2
556.46 557.57 0
557.57 561.05 2
561.05 561.44 0
561.44 563.64 2
563.64 564.22 0
564.22 564.45 1
564.45 564.76 3
564.76 565.23 2
565.23 565.92 0
565.92 567.00 1
567.00 567.25 0
567.25 567.40 2
567.40 568.93 0
568.93 569.57 2
569.57 570.87 0
570.87 571.81 1
571.81 572.14 0
572.14 573.70 2
573.70 574.49 0
574.49 576.51 2
576.51 578.07 0
578.07 579.10 2
579.10 580.16 3
580.16 580.25 2
580.25 581.59 0
581.59 582.23 2
582.23 582.31 3
582.31 583.15 1
583.15 583.80 3
583.80 583.84 1
583.84 583.94 0
583.94 585.29 1
585.29 585.80 0
585.80 587.87 2
587.87 587.91 0
587.91 587.94 1
587.94 588.07 3
588.07 588.64 2
588.64 588.71 0
588.71 593.74 1
593.74 593.96 0
593.96 594.65 2
594.65 595.20 3
595.20 596.83 1
596.83 596.92 0
596.92 597.63 2
597.63 597.93 3
597.93 599.01 1
599.01 599.54 0
599.54 599.71 2
599.71 599.86 3
599.86 600.04 1
600.04 600.41 3
600.41 600.76 2
