0.00 1.92 2
1.92 2.79 3
2.79 3.19 1
3.19 3.89 0
3.89 6.31 2
6.31 7.09 0
7.09 7.18 2
7.18 7.80 3
7.80 8.28 2
8.28 8.87 0
8.87 9.03 2
9.03 9.67 3
9.67 11.70 1
11.70 11.96 0
11.96 15.28 2
15.28 15.35 3
15.35 15.90 1
15.90 16.67 0
16.67 17.54 2
17.54 17.97 0
17.97 22.53 1
22.53 23.14 3
23.14 23.23 1
23.23 24.38 0
24.38 25.69 2
25.69 26.54 3
26.54 27.12 1
27.12 28.53 0
28.53 28.92 2
28.92 29.10 0
29.10 29.44 1
29.44 30.41 0
30.41 30.90 2
30.90 30.94 0
30.94 31.07 1
31.07 31.74 3
31.74 32.39 1
32.39 32.64 3
32.64 36.06 2
36.06 36.23 0
36.23 38.74 2
38.74 39.04 0
39.04 41.23 1
41.23 42.08 0
42.08 43.08 2
43.08 43.32 3
43.32 44.59 1
44.59 44.94 0
44.94 50.29 1
50.29 51.17 0
51.17 53.42 1
53.42 54.56 0
54.56 56.77 1
56.77 59.14 0
59.14 63.28 1
63.28 64.02 0
64.02 65.93 1
65.93 68.90 0
68.90 70.30 2
70.30 71.16 0
71.16 71.33 1
71.33 71.67 3
71.67 71.87 2
71.87 72.56 0
72.56 73.37 1
73.37 73.99 3
73.99 74.74 1
74.74 75.54 0
75.54 75.69 1
75.69 76.52 3
76.52 76.55 2
76.55 76.70 3
76.70 78.40 1
78.40 79.12 0
79.12 82.06 1
82.06 82.60 0
82.60 83.15 2
83.15 83.38 0
83.38 86.36 1
86.36 86.96 0
86.96 86.98 1
86.98 87.16 3
87.16 87.21 2
87.21 87.57 3
87.57 90.52 1
90.52 91.13 0
91.13 91.27 1
91.27 91.52 3
91.52 92.52 1
92.52 92.67 0
92.67 93.77 1
93.77 94.54 0
94.54 95.85 1
95.85 96.44 0
96.44 96.70 1
96.70 97.03 3
97.03 97.27 2
97.27 97.88 0
97.88 102.10 1
102.10 103.16 0
103.16 106.77 1
106.77 106.84 0
106.84 109.16 1
109.16 110.58 0
110.58 113.13 1
113.13 113.77 0
113.77 118.59 2
118.59 119.08 0
119.08 120.05 1
120.05 120.57 0
120.57 124.34 2
124.34 124.69 0
124.69 124.79 1
124.79 125.26 3
125.26 127.74 2
127.74 128.05 0
128.05 128.22 1
128.22 129.23 3
129.23 131.46 2
131.46 132.05 3
132.05 132.32 1
132.32 133.41 0
133.41 135.66 2
135.66 136.48 0
136.48 136.65 2
136.65 136.71 3
136.71 136.73 1
136.73 137.29 3
137.29 141.38 2
141.38 142.02 3
142.02 143.32 1
143.32 144.15 0
144.15 144.54 2
144.54 145.13 0
145.13 145.38 1
145.38 146.68 3
146.68 147.61 1
147.61 148.18 0
148.18 148.27 2
148.27 148.80 3
148.80 151.04 1
151.04 151.91 0
151.91 156.79 2
156.79 157.14 0
157.14 158.52 2
158.52 159.12 0
159.12 162.85 2
162.85 163.33 0
163.33 163.57 1
163.57 164.34 3
164.34 165.38 2
165.38 165.89 0
165.89 166.40 1
166.40 166.70 3
166.70 166.93 2
166.93 167.11 0
167.11 167.34 1
167.34 167.52 3
167.52 169.38 2
169.38 169.54 0
169.54 171.82 1
171.82 172.43 0
172.43 173.21 1
173.21 173.94 3
173.94 174.41 2
174.41 175.40 3
175.40 176.15 2
176.15 176.25 3
176.25 177.72 1
177.72 178.64 0
178.64 179.68 2
179.68 179.75 3
179.75 180.12 1
180.12 180.41 3
180.41 182.77 2
182.77 182.97 0
182.97 183.10 1
183.10 183.66 3
183.66 185.88 2
185.88 186.23 0
186.23 186.95 1
186.95 186.97 3
186.97 190.21 2
190.21 190.29 3
190.29 192.10 1
192.10 192.12 0
192.12 193.00 2
193.00 193.04 0
193.04 193.23 1
193.23 193.67 3
193.67 195.25 2
195.25 195.84 0
195.84 195.92 1
195.92 196.77 3
196.77 197.37 2
197.37 197.68 3
197.68 197.88 1
197.88 197.92 3
197.92 198.04 2
198.04 198.75 3
198.75 200.71 1
200.71 201.52 0
201.52 201.75 2
201.75 202.12 3
202.12 204.07 1
204.07 204.22 3
204.22 204.41 2
204.41 204.49 0
204.49 204.62 1
204.62 206.02 3
206.02 206.46 2
206.46 206.49 0
206.49 206.92 1
206.92 206.98 3
206.98 207.25 2
207.25 207.33 3
207.33 208.08 1
208.08 208.48 0
208.48 209.01 1
209.01 209.40 3
209.40 210.71 1
210.71 211.04 3
211.04 211.78 2
211.78 212.01 0
212.01 214.36 1
214.36 215.20 0
215.20 218.02 2
218.02 218.68 0
218.68 219.19 1
219.19 219.41 3
219.41 222.09 2
222.09 222.36 3
222.36 224.07 1
224.07 224.54 0
224.54 225.39 2
225.39 225.45 0
225.45 227.29 1
227.29 228.07 3
228.07 228.14 1
228.14 228.78 0
228.78 230.94 2
230.94 231.07 0
231.07 231.75 1
231.75 232.28 3
232.28 235.63 2
235.63 235.78 3
235.78 236.77 1
236.77 237.44 0
237.44 238.66 2
238.66 238.71 3
238.71 238.88 1
238.88 239.28 3
239.28 240.07 2
240.07 240.26 3
240.26 241.27 1
241.27 241.97 0
241.97 245.16 2
245.16 245.17 0
245.17 245.54 1
245.54 245.63 3
245.63 246.18 2
246.18 246.89 3
246.89 246.94 2
246.94 247.57 0
247.57 247.64 2
247.64 248.39 3
248.39 250.19 1
250.19 250.46 3
250.46 254.84 2
254.84 255.33 0
255.33 260.03 2
260.03 260.52 0
260.52 263.64 2
263.64 263.74 3
263.74 264.61 1
264.61 265.20 3
265.20 269.01 2
269.01 269.58 0
269.58 269.96 1
269.96 270.15 3
270.15 272.17 2
272.17 272.25 3
272.25 272.63 1
272.63 273.02 3
273.02 274.13 1
274.13 274.52 0
274.52 275.41 2
275.41 275.59 3
275.59 275.84 1
275.84 276.24 3
276.24 276.27 2
276.27 276.32 3
276.32 277.53 1
277.53 278.41 0
278.41 281.22 1
281.22 282.55 0
282.55 285.13 1
285.13 285.60 0
285.60 291.45 2
291.45 291.91 0
291.91 292.12 1
292.12 292.25 3
292.25 292.61 2
292.61 293.53 0
293.53 296.48 2
296.48 296.68 0
296.68 297.77 2
297.77 298.14 3
298.14 300.41 2
300.41 300.51 3
300.51 301.91 1
301.91 302.52 0
302.52 305.08 2
305.08 305.67 3
305.67 305.86 2
305.86 306.50 0
306.50 311.05 2
311.05 311.23 0
311.23 311.46 1
311.46 312.04 3
312.04 313.28 1
313.28 313.84 3
313.84 313.85 2
313.85 314.12 3
314.12 316.57 1
316.57 317.50 0
317.50 317.63 2
317.63 317.77 3
317.77 319.29 1
319.29 319.90 0
319.90 321.95 1
321.95 324.19 0
324.19 324.51 1
324.51 324.68 3
324.68 326.27 2
326.27 326.46 0
326.46 327.23 1
327.23 327.25 3
327.25 328.26 2
328.26 328.37 3
328.37 330.27 1
330.27 330.52 3
330.52 330.85 1
330.85 331.35 0
331.35 331.90 1
331.90 332.26 3
332.26 332.43 1
332.43 333.03 0
333.03 333.39 2
333.39 333.49 0
333.49 335.11 1
335.11 336.29 0
336.29 336.64 1
336.64 336.88 3
336.88 337.49 1
337.49 337.53 0
337.53 339.17 1
339.17 339.26 0
339.26 339.88 2
339.88 340.63 3
340.63 342.68 1
342.68 343.17 0
343.17 344.64 2
344.64 345.53 0
345.53 345.90 1
345.90 345.99 3
345.99 347.71 2
347.71 347.87 0
347.87 351.45 1
351.45 352.02 0
352.02 352.82 2
352.82 353.17 3
353.17 353.21 1
353.21 353.69 0
353.69 355.53 2
355.53 355.59 3
355.59 355.91 1
355.91 356.43 3
356.43 360.77 2
360.77 361.11 0
361.11 361.44 1
361.44 361.52 0
361.52 363.34 2
363.34 363.45 3
363.45 363.52 1
363.52 364.07 3
364.07 365.67 2
365.67 366.51 3
366.51 370.90 1
370.90 371.97 0
371.97 372.27 2
372.27 372.63 3
372.63 373.05 2
373.05 373.20 3
373.20 374.55 1
374.55 375.60 0
375.60 377.48 1
377.48 378.87 0
378.87 379.17 1
379.17 380.26 3
380.26 380.34 1
380.34 380.99 0
380.99 381.43 1
381.43 381.44 3
381.44 383.74 2
383.74 384.00 0
384.00 385.81 1
385.81 386.41 0
386.41 387.27 2
387.27 388.03 0
388.03 388.42 1
388.42 389.08 0
389.08 394.20 2
394.20 394.47 0
394.47 395.15 1
395.15 395.62 0
395.62 399.04 2
399.04 399.76 3
399.76 403.71 1
403.71 405.16 0
405.16 405.21 1
405.21 405.65 3
405.65 406.66 1
406.66 407.78 0
407.78 412.63 1
412.63 412.65 0
412.65 416.52 1
416.52 417.29 0
417.29 419.74 1
419.74 420.80 0
420.80 420.94 1
420.94 421.45 3
421.45 421.78 1
421.78 422.21 3
422.21 429.13 1
429.13 429.91 0
429.91 430.05 2
430.05 430.19 3
430.19 430.39 1
430.39 430.94 0
430.94 431.27 1
431.27 431.55 3
431.55 431.76 1
431.76 432.10 0
432.10 436.32 1
436.32 438.18 0
438.18 441.82 1
441.82 442.41 0
442.41 447.13 1
447.13 448.45 0
448.45 455.73 1
455.73 456.14 0
456.14 457.92 2
457.92 458.15 0
458.15 459.31 1
459.31 459.99 3
459.99 460.61 1
460.61 460.76 0
460.76 461.22 1
461.22 462.00 3
462.00 462.81 2
462.81 463.61 0
463.61 465.41 1
465.41 466.37 0
466.37 466.41 2
466.41 466.59 3
466.59 471.57 1
471.57 471.88 0
471.88 471.93 2
471.93 472.04 3
472.04 479.62 1
479.62 480.96 0
480.96 487.58 1
487.58 488.47 0
488.47 490.38 1
490.38 491.67 0
491.67 492.30 1
492.30 493.32 3
493.32 494.41 2
494.41 494.44 3
494.44 496.73 1
496.73 497.30 0
497.30 501.27 1
501.27 501.92 3
501.92 502.51 2
502.51 503.22 3
503.22 508.28 1
508.28 509.01 0
509.01 509.21 1
509.21 509.67 3
509.67 509.74 2
509.74 510.48 0
510.48 513.67 2
513.67 514.07 3
514.07 514.22 2
514.22 514.35 0
514.35 514.51 2
514.51 515.64 3
515.64 518.06 1
518.06 519.05 0
519.05 522.43 1
522.43 522.56 0
522.56 523.01 2
523.01 523.81 3
523.81 525.13 1
525.13 525.33 3
525.33 526.57 1
526.57 527.72 0
527.72 527.98 2
527.98 529.01 0
529.01 530.72 1
530.72 530.95 3
530.95 536.10 1
536.10 536.18 3
536.18 536.65 2
536.65 536.87 0
536.87 540.93 1
540.93 541.30 0
541.30 547.23 1
547.23 548.31 3
548.31 550.48 2
550.48 551.10 0
551.10 553.44 2
553.44 554.46 3
554.46 554.72 1
554.72 554.84 3
554.84 555.84 2
555.84 556.23 0
556.23 556.39 1
556.39 557.00 3
557.00 557.60 2
557.60 558.13 0
558.13 565.07 2
565.07 565.85 3
565.85 567.23 1
567.23 569.17 3
569.17 571.90 2
571.90 572.44 0
572.44 574.51 2
574.51 574.81 3
574.81 575.05 1
575.05 576.40 3
576.40 577.66 1
577.66 578.41 0
578.41 580.95 1
580.95 582.30 0
582.30 584.50 1
584.50 585.35 0
585.35 588.14 1
588.14 588.65 0
588.65 591.87 1
591.87 592.33 3
592.33 592.88 2
592.88 593.65 3
593.65 593.67 2
593.67 593.76 3
593.76 596.75 1
596.75 596.80 3
596.80 600.98 2
600.98 601.10 0
601.10 603.82 2
603.82 604.07 0
604.07 604.17 1
604.17 604.52 3
604.52 610.00 2
