0.00 2.54 1
2.54 2.88 0
2.88 3.51 1
3.51 3.94 3
3.94 5.28 1
5.28 5.54 0
5.54 6.32 2
6.32 6.57 3
6.57 7.00 1
7.00 7.89 3
7.89 9.64 2
9.64 10.40 3
10.40 12.77 2
12.77 13.30 3
13.30 14.19 2
14.19 14.54 1
14.54 14.60 3
14.60 18.00 2
18.00 18.38 3
18.38 20.82 2
20.82 22.52 3
22.52 23.31 1
23.31 23.43 3
23.43 23.75 2
23.75 25.23 3
25.23 28.18 1
28.18 29.39 3
29.39 29.79 2
29.79 31.07 3
31.07 34.18 2
34.18 35.55 3
35.55 37.31 2
37.31 37.39 3
37.39 37.77 1
37.77 38.06 3
38.06 41.67 2
41.67 42.70 3
42.70 43.11 1
43.11 44.06 3
44.06 45.15 2
45.15 45.49 3
45.49 45.75 1
45.75 46.10 3
46.10 46.70 2
46.70 47.82 3
47.82 49.11 1
49.11 49.47 3
49.47 49.91 2
49.91 50.70 3
50.70 51.45 2
51.45 52.36 3
52.36 58.48 1
58.48 58.78 0
58.78 59.41 2
59.41 59.82 0
59.82 64.20 1
64.20 64.50 0
64.50 65.01 2
65.01 65.38 0
65.38 65.98 1
65.98 67.38 0
67.38 68.78 1
68.78 68.82 0
68.82 69.05 1
69.05 71.67 3
71.67 72.57 1
72.57 72.78 0
72.78 74.38 2
74.38 75.51 3
75.51 78.70 1
78.70 79.55 3
79.55 80.40 1
80.40 81.17 3
81.17 83.59 1
83.59 84.18 0
84.18 84.88 1
84.88 85.32 0
85.32 89.38 1
89.38 89.88 0
89.88 90.06 1
90.06 90.45 3
90.45 92.34 1
92.34 93.17 0
93.17 93.23 2
93.23 94.40 3
94.40 96.34 2
96.34 97.01 3
97.01 98.24 2
98.24 99.95 3
99.95 102.24 1
102.24 102.40 0
102.40 103.32 2
103.32 104.42 3
104.42 105.59 1
105.59 105.76 0
105.76 106.36 2
106.36 107.01 3
107.01 110.16 1
110.16 111.15 3
111.15 113.27 1
113.27 113.79 0
113.79 114.00 1
114.00 115.25 3
115.25 116.66 1
116.66 116.86 0
116.86 117.17 2
117.17 118.10 3
118.10 120.72 1
120.72 121.77 3
121.77 124.00 2
124.00 124.68 3
124.68 126.68 1
126.68 127.29 3
127.29 129.91 1
129.91 130.26 3
130.26 133.21 2
133.21 135.17 3
135.17 137.29 1
137.29 139.05 3
139.05 139.59 1
139.59 140.56 3
140.56 141.95 2
141.95 143.75 3
143.75 144.46 2
144.46 144.69 0
144.69 147.92 2
147.92 149.00 3
149.00 149.06 1
149.06 149.16 3
149.16 150.10 2
150.10 150.48 3
150.48 153.54 2
153.54 154.35 3
154.35 154.78 1
154.78 154.98 3
154.98 157.67 2
157.67 157.96 0
157.96 159.56 2
159.56 159.65 0
159.65 161.68 2
161.68 162.35 0
162.35 162.55 1
162.55 163.73 3
163.73 165.75 1
165.75 166.18 3
166.18 166.26 2
166.26 166.62 3
166.62 168.52 1
168.52 169.05 3
169.05 169.26 2
169.26 170.34 3
170.34 171.15 1
171.15 171.40 0
171.40 172.05 2
172.05 173.00 3
173.00 173.30 2
173.30 173.43 0
173.43 179.08 1
179.08 179.70 0
179.70 179.73 1
179.73 181.67 3
181.67 182.37 2
182.37 183.04 3
183.04 184.43 1
184.43 185.00 0
185.00 185.10 1
185.10 185.64 3
185.64 190.13 1
190.13 190.52 0
190.52 191.18 1
191.18 192.16 3
192.16 192.52 2
192.52 193.25 3
193.25 194.02 2
194.02 194.93 3
194.93 195.14 1
195.14 196.62 3
196.62 197.76 1
197.76 198.15 0
198.15 198.32 1
198.32 199.19 3
199.19 203.75 1
203.75 204.20 0
204.20 207.74 1
207.74 207.98 0
207.98 208.10 1
208.10 208.39 0
208.39 212.15 1
212.15 212.55 3
212.55 214.51 1
214.51 214.52 0
214.52 214.94 2
214.94 215.30 3
215.30 215.79 1
215.79 216.04 0
216.04 217.44 1
217.44 218.50 3
218.50 220.25 2
220.25 221.14 3
221.14 221.99 1
221.99 222.55 3
222.55 222.68 2
222.68 223.25 3
223.25 226.73 1
226.73 227.20 0
227.20 227.31 2
227.31 228.15 3
228.15 233.49 1
233.49 233.61 0
233.61 234.06 2
234.06 234.23 3
234.23 234.51 1
234.51 234.68 0
234.68 238.00 1
238.00 238.35 0
238.35 240.03 1
240.03 240.30 0
240.30 244.32 1
244.32 244.46 0
244.46 247.18 1
247.18 247.24 0
247.24 247.65 1
247.65 247.82 3
247.82 249.44 1
249.44 249.74 0
249.74 249.75 1
249.75 250.44 3
250.44 253.48 1
253.48 254.21 0
254.21 258.43 1
258.43 259.66 3
259.66 260.44 2
260.44 261.16 3
261.16 261.90 1
261.90 262.17 0
262.17 262.45 2
262.45 263.21 3
263.21 264.94 1
264.94 265.03 3
265.03 266.60 2
266.60 266.80 0
266.80 267.32 1
267.32 268.55 3
268.55 268.65 2
268.65 268.85 3
268.85 271.35 1
271.35 271.82 0
271.82 272.78 2
272.78 273.81 3
273.81 273.85 1
273.85 274.93 3
274.93 277.50 2
277.50 277.82 3
277.82 281.14 1
281.14 281.38 0
281.38 281.53 2
281.53 282.42 3
282.42 286.05 1
286.05 286.39 0
286.39 289.49 1
289.49 289.63 0
289.63 292.62 2
292.62 293.35 3
293.35 293.64 1
293.64 293.74 3
293.74 294.30 2
294.30 294.63 3
294.63 296.59 2
296.59 296.93 3
296.93 298.63 2
298.63 300.12 3
300.12 300.15 2
300.15 300.59 0
300.59 300.79 1
300.79 301.21 3
301.21 302.08 2
302.08 302.43 3
302.43 303.55 1
303.55 304.69 3
304.69 306.25 2
306.25 306.88 3
306.88 306.92 1
306.92 306.97 3
306.97 309.92 2
309.92 310.83 3
310.83 311.63 2
311.63 311.93 0
311.93 316.20 2
316.20 316.22 0
316.22 318.43 2
318.43 319.09 3
319.09 319.46 2
319.46 320.07 3
320.07 320.57 1
320.57 321.23 3
321.23 322.44 2
322.44 322.95 3
322.95 325.93 1
325.93 326.27 0
326.27 326.59 2
326.59 326.78 3
326.78 327.21 2
327.21 329.59 3
329.59 329.79 2
329.79 331.18 3
331.18 334.88 1
334.88 334.97 0
334.97 335.59 2
335.59 335.63 0
335.63 336.37 1
336.37 336.92 0
336.92 338.60 1
338.60 338.98 3
338.98 339.12 2
339.12 339.65 3
339.65 342.95 1
342.95 343.34 3
343.34 343.90 2
343.90 344.22 3
344.22 344.55 1
344.55 344.70 3
344.70 344.79 2
344.79 345.07 0
345.07 345.89 2
345.89 346.09 3
346.09 346.51 2
346.51 346.92 3
346.92 347.03 2
347.03 347.90 3
347.90 348.35 1
348.35 348.42 0
348.42 348.75 2
348.75 349.43 3
349.43 353.59 1
353.59 353.83 0
353.83 354.53 2
354.53 355.07 0
355.07 355.27 1
355.27 355.54 3
355.54 357.27 2
357.27 357.33 0
357.33 357.35 1
357.35 358.46 3
358.46 358.59 1
358.59 359.03 0
359.03 362.09 1
362.09 362.17 0
362.17 362.76 2
362.76 363.07 0
363.07 363.39 1
363.39 363.53 3
363.53 364.59 2
364.59 364.93 0
364.93 366.72 2
366.72 368.27 3
368.27 368.64 2
368.64 368.71 0
368.71 369.85 1
369.85 369.93 3
369.93 370.57 2
370.57 371.20 3
371.20 371.62 1
371.62 371.94 0
371.94 373.19 2
373.19 374.05 3
374.05 376.51 1
376.51 376.69 0
376.69 381.28 1
381.28 381.54 0
381.54 386.29 1
386.29 386.54 0
386.54 386.82 2
386.82 387.25 3
387.25 388.75 1
388.75 389.22 0
389.22 389.38 1
389.38 389.63 3
389.63 390.72 2
390.72 391.28 3
391.28 393.34 1
393.34 393.72 0
393.72 394.77 2
394.77 395.08 0
395.08 395.22 1
395.22 396.13 3
396.13 397.65 1
397.65 397.82 3
397.82 398.92 2
398.92 399.47 3
399.47 400.81 1
400.81 401.22 0
401.22 401.85 3
401.85 403.37 1
403.37 403.82 0
403.82 404.26 2
404.26 404.57 3
404.57 407.94 1
407.94 408.14 0
408.14 408.34 2
408.34 409.07 3
409.07 409.95 1
409.95 410.82 3
410.82 412.67 1
412.67 412.98 0
412.98 416.77 1
416.77 417.21 0
417.21 418.35 1
418.35 418.68 0
418.68 418.69 2
418.69 419.29 3
419.29 422.43 1
422.43 422.91 0
422.91 424.40 1
424.40 424.67 0
424.67 424.97 2
424.97 425.41 3
425.41 428.33 1
428.33 428.42 3
428.42 428.69 2
428.69 429.08 3
429.08 432.10 1
432.10 432.37 0
432.37 433.69 1
433.69 433.89 0
433.89 435.35 1
435.35 435.84 0
435.84 436.43 3
436.43 440.44 1
440.44 440.72 0
440.72 440.87 1
440.87 442.26 3
442.26 442.47 1
442.47 442.85 0
442.85 443.32 1
443.32 443.72 0
443.72 446.04 1
446.04 446.25 0
446.25 450.07 1
450.07 450.17 3
450.17 450.73 2
450.73 451.57 3
451.57 453.29 1
453.29 453.74 0
453.74 455.60 1
455.60 455.71 3
455.71 455.91 2
455.91 456.59 3
456.59 459.41 1
459.41 459.80 0
459.80 460.65 1
460.65 461.31 3
461.31 461.80 2
461.80 461.94 3
461.94 465.43 1
465.43 465.67 0
465.67 466.15 2
466.15 467.29 3
467.29 467.41 2
467.41 468.30 0
468.30 469.76 1
469.76 470.39 3
470.39 470.72 1
470.72 470.83 0
470.83 474.09 1
474.09 474.16 3
474.16 474.61 2
474.61 476.34 3
476.34 477.12 2
477.12 477.43 3
477.43 477.90 2
477.90 477.94 3
477.94 479.12 1
479.12 480.56 0
480.56 480.98 2
480.98 481.06 3
481.06 482.47 1
482.47 482.71 0
482.71 483.70 1
483.70 484.64 0
484.64 485.23 2
485.23 485.69 3
485.69 487.50 1
487.50 488.77 3
488.77 493.32 2
493.32 493.92 0
493.92 494.41 1
494.41 494.95 3
494.95 495.79 1
495.79 495.96 0
495.96 497.35 2
497.35 497.54 3
497.54 498.54 2
498.54 498.81 3
498.81 499.30 1
499.30 499.32 3
499.32 502.71 2
502.71 503.02 3
503.02 503.76 1
503.76 503.85 0
503.85 505.38 2
505.38 505.42 0
505.42 508.98 2
508.98 510.83 3
510.83 511.46 1
511.46 511.68 3
511.68 515.11 2
515.11 515.14 0
515.14 516.00 2
516.00 516.36 3
516.36 517.79 2
517.79 518.04 0
518.04 523.82 1
523.82 524.26 3
524.26 524.76 2
524.76 526.20 3
526.20 527.57 2
527.57 528.53 3
528.53 529.40 2
529.40 530.13 3
530.13 533.26 1
533.26 533.66 0
533.66 534.45 2
534.45 534.78 3
534.78 535.09 1
535.09 535.52 3
535.52 535.92 2
535.92 537.25 3
537.25 537.74 1
537.74 538.07 3
538.07 539.31 2
539.31 539.37 3
539.37 543.04 1
543.04 543.13 0
543.13 546.33 1
546.33 546.67 0
546.67 546.68 2
546.68 547.20 3
547.20 548.78 1
548.78 549.08 0
549.08 551.78 1
551.78 551.90 0
551.90 553.00 2
553.00 553.49 0
553.49 553.72 2
553.72 554.01 3
554.01 555.91 1
555.91 555.97 3
555.97 556.73 2
556.73 557.44 3
557.44 557.90 1
557.90 557.96 3
557.96 559.85 2
559.85 561.29 3
561.29 561.66 1
561.66 561.82 3
561.82 561.98 2
561.98 562.20 3
562.20 562.98 1
562.98 564.63 3
564.63 565.95 2
565.95 566.69 3
566.69 567.61 1
567.61 568.44 3
568.44 568.75 1
568.75 568.95 0
568.95 569.42 2
569.42 570.29 3
570.29 571.02 2
571.02 572.03 3
572.03 573.13 1
573.13 573.45 0
573.45 574.17 3
574.17 575.13 1
575.13 575.60 0
575.60 576.85 2
576.85 577.30 3
577.30 580.42 1
580.42 580.47 3
580.47 581.45 2
581.45 581.90 3
581.90 582.80 2
582.80 582.90 3
582.90 584.55 1
584.55 585.84 3
585.84 586.59 1
586.59 586.69 3
586.69 591.88 2
591.88 592.29 3
592.29 592.75 2
592.75 592.93 3
592.93 594.73 1
594.73 595.35 0
595.35 596.55 2
596.55 596.82 3
596.82 597.93 1
597.93 598.06 0
598.06 602.03 2
