0.00 3.61 2
3.61 3.76 0
3.76 6.46 1
6.46 6.71 0
6.71 7.03 2
7.03 7.10 3
7.10 7.25 1
7.25 7.98 3
7.98 9.37 1
9.37 10.19 0
10.19 15.47 1
15.47 15.78 0
15.78 16.06 2
16.06 16.12 3
16.12 19.98 1
19.98 20.68 0
20.68 21.21 2
21.21 21.32 3
21.32 24.37 1
24.37 24.79 0
24.79 25.10 2
25.10 25.18 0
25.18 28.27 1
28.27 28.52 3
28.52 31.26 1
31.26 31.48 3
31.48 32.06 2
32.06 32.16 0
32.16 32.83 1
32.83 33.16 0
33.16 33.38 2
33.38 33.49 3
33.49 34.26 1
34.26 35.00 0
35.00 39.40 1
39.40 39.72 3
39.72 40.64 1
40.64 40.97 0
40.97 41.21 2
41.21 41.25 3
41.25 43.92 1
43.92 44.28 0
44.28 44.75 2
44.75 44.91 0
44.91 48.03 1
48.03 48.27 0
48.27 48.58 2
48.58 48.60 0
48.60 49.52 1
49.52 49.78 3
49.78 50.00 1
50.00 50.03 0
50.03 52.00 1
52.00 52.78 0
52.78 55.11 1
55.11 55.26 0
55.26 55.67 2
55.67 55.81 0
55.81 59.10 1
59.10 59.40 3
59.40 60.23 1
60.23 60.56 3
60.56 65.06 1
65.06 65.41 0
65.41 66.03 2
66.03 66.19 3
66.19 67.27 1
67.27 68.00 0
68.00 72.99 1
72.99 73.31 3
73.31 75.05 1
75.05 75.52 0
75.52 80.09 1
80.09 80.42 0
80.42 80.71 2
80.71 80.80 0
80.80 87.76 1
87.76 88.21 0
88.21 88.52 2
88.52 88.87 0
88.87 90.08 1
90.08 90.39 0
90.39 90.68 2
90.68 90.74 3
90.74 90.83 1
90.83 92.06 3
92.06 92.40 2
92.40 92.45 3
92.45 95.03 1
95.03 95.24 0
95.24 95.55 2
95.55 95.79 0
95.79 98.68 1
98.68 98.91 0
98.91 99.52 2
99.52 99.88 0
99.88 101.48 1
101.48 102.29 3
102.29 102.44 2
102.44 104.74 1
104.74 105.16 3
105.16 106.06 2
106.06 106.17 3
106.17 107.09 1
107.09 107.26 3
107.26 108.01 1
108.01 108.89 0
108.89 111.20 1
111.20 111.26 3
111.26 111.52 2
111.52 111.92 0
111.92 112.59 1
112.59 113.11 0
113.11 118.64 1
118.64 119.34 0
119.34 119.48 1
119.48 119.83 3
119.83 122.06 2
122.06 122.33 0
122.33 123.79 1
123.79 123.80 0
123.80 123.94 2
123.94 124.08 3
124.08 124.82 1
124.82 124.87 3
124.87 125.08 2
125.08 125.12 0
125.12 126.58 1
126.58 127.05 3
127.05 127.79 2
127.79 127.87 3
127.87 130.59 1
130.59 130.90 3
130.90 131.63 1
131.63 131.82 0
131.82 132.17 2
132.17 137.00 1
137.00 137.08 0
137.08 137.53 2
137.53 137.90 0
137.90 139.15 1
139.15 139.40 0
139.40 139.83 2
139.83 140.97 1
140.97 141.18 0
141.18 141.64 2
141.64 141.65 3
141.65 146.24 1
146.24 146.81 3
146.81 147.45 1
147.45 147.53 3
147.53 147.79 2
147.79 148.05 0
148.05 150.14 1
150.14 150.34 0
150.34 150.67 2
150.67 150.85 0
150.85 156.90 1
156.90 157.26 3
157.26 157.56 1
157.56 158.09 0
158.09 159.87 1
159.87 160.18 3
160.18 161.05 2
161.05 161.25 0
161.25 163.78 1
163.78 165.65 3
165.65 168.72 1
168.72 168.97 3
168.97 170.45 1
170.45 170.74 3
170.74 171.14 1
171.14 171.24 3
171.24 171.26 2
171.26 171.58 3
171.58 173.00 1
173.00 173.35 3
173.35 176.14 1
176.14 176.65 0
176.65 177.44 2
177.44 177.58 3
177.58 178.54 2
178.54 178.63 3
178.63 181.73 1
181.73 182.41 0
182.41 183.60 1
183.60 183.83 3
183.83 185.29 1
185.29 185.58 3
185.58 185.89 1
185.89 186.16 0
186.16 186.37 2
186.37 186.41 3
186.41 189.87 1
189.87 190.06 0
190.06 190.29 2
190.29 190.44 3
190.44 193.23 1
193.23 193.57 3
193.57 195.55 1
195.55 196.53 3
196.53 197.65 1
197.65 197.82 0
197.82 198.07 2
198.07 198.15 3
198.15 198.88 1
198.88 199.13 0
199.13 199.32 2
199.32 199.45 3
199.45 200.72 1
200.72 200.87 0
200.87 201.26 2
201.26 201.35 3
201.35 203.06 1
203.06 203.08 3
203.08 203.35 2
203.35 203.53 0
203.53 206.39 1
206.39 206.66 3
206.66 206.68 2
206.68 206.79 0
206.79 207.14 1
207.14 207.33 3
207.33 207.39 2
207.39 207.64 0
207.64 207.85 2
207.85 207.94 3
207.94 212.21 1
212.21 212.60 0
212.60 212.63 1
212.63 213.07 3
213.07 214.26 1
214.26 214.48 3
214.48 217.80 1
217.80 218.05 0
218.05 218.38 2
218.38 218.82 1
218.82 219.07 0
219.07 219.36 1
219.36 219.59 3
219.59 220.89 1
220.89 220.93 3
220.93 221.27 2
221.27 221.50 0
221.50 223.26 1
223.26 223.43 3
223.43 225.72 1
225.72 225.82 0
225.82 226.62 2
226.62 226.83 3
226.83 227.63 1
227.63 227.71 2
227.71 228.07 3
228.07 229.61 1
229.61 231.08 3
231.08 232.21 2
232.21 232.40 0
232.40 233.47 1
233.47 234.48 3
234.48 235.40 1
235.40 235.74 3
235.74 236.96 1
236.96 237.23 3
237.23 237.92 1
237.92 238.03 3
238.03 238.20 2
238.20 238.24 3
238.24 240.20 1
240.20 240.48 3
240.48 242.06 1
242.06 242.57 3
242.57 246.64 2
246.64 247.24 0
247.24 252.26 2
252.26 252.72 3
252.72 254.28 1
254.28 254.47 3
254.47 254.95 1
254.95 255.27 0
255.27 257.53 2
257.53 258.29 0
258.29 258.67 1
258.67 259.26 0
259.26 261.28 2
261.28 261.40 0
261.40 262.12 1
262.12 263.12 3
263.12 263.63 1
263.63 263.90 3
263.90 264.09 2
264.09 264.91 3
264.91 265.87 1
265.87 266.30 3
266.30 268.27 2
268.27 269.19 3
269.19 270.59 2
270.59 270.64 0
270.64 271.00 1
271.00 271.48 0
271.48 271.76 3
271.76 272.70 1
272.70 273.23 3
273.23 274.36 2
274.36 275.29 3
275.29 275.69 1
275.69 276.06 0
276.06 279.51 2
279.51 279.95 3
279.95 280.52 1
280.52 282.53 3
282.53 283.44 2
283.44 283.69 0
283.69 285.03 1
285.03 286.07 0
286.07 288.55 1
288.55 288.98 0
288.98 289.06 1
289.06 289.37 3
289.37 291.73 1
291.73 292.04 3
292.04 294.98 1
294.98 295.34 3
295.34 295.89 1
295.89 296.12 0
296.12 296.39 2
296.39 296.43 3
296.43 301.39 1
301.39 301.62 3
301.62 301.75 2
301.75 302.17 0
302.17 304.56 1
304.56 304.85 3
304.85 306.43 1
306.43 306.72 3
306.72 309.47 1
309.47 309.71 3
309.71 310.27 1
310.27 310.57 3
310.57 311.43 1
311.43 311.76 0
311.76 313.80 1
313.80 314.08 3
314.08 314.42 1
314.42 314.98 0
314.98 316.39 1
316.39 316.60 0
316.60 316.95 2
316.95 317.35 3
317.35 323.19 1
323.19 323.88 0
323.88 323.94 2
323.94 324.72 3
324.72 325.69 2
325.69 326.28 3
326.28 328.40 1
328.40 329.58 0
329.58 333.37 1
333.37 333.72 3
333.72 334.42 1
334.42 334.44 0
334.44 334.63 1
334.63 334.89 3
334.89 337.37 1
337.37 337.69 3
337.69 341.12 1
341.12 341.29 0
341.29 341.60 2
341.60 341.67 3
341.67 344.40 1
344.40 344.50 3
344.50 344.61 2
344.61 344.72 3
344.72 345.79 1
345.79 345.99 0
345.99 346.32 2
346.32 346.40 3
346.40 348.02 1
348.02 348.19 3
348.19 348.25 2
348.25 348.36 3
348.36 352.82 1
352.82 352.98 0
352.98 353.31 2
353.31 353.33 3
353.33 357.39 1
357.39 357.60 3
357.60 357.83 2
357.83 358.04 0
358.04 360.73 1
360.73 360.98 3
360.98 361.56 1
361.56 361.83 0
361.83 362.17 2
362.17 362.28 0
362.28 364.50 1
364.50 364.59 3
364.59 364.80 2
364.80 364.97 0
364.97 367.39 1
367.39 367.54 0
367.54 367.89 2
367.89 368.00 0
368.00 372.08 1
372.08 372.48 0
372.48 372.82 2
372.82 372.86 0
372.86 373.90 1
373.90 374.39 0
374.39 374.61 2
374.61 374.64 0
374.64 376.64 1
376.64 376.93 3
376.93 378.60 1
378.60 378.89 0
378.89 379.02 2
379.02 379.21 3
379.21 381.92 1
381.92 382.19 3
382.19 384.94 1
384.94 385.59 3
385.59 386.15 1
386.15 386.44 0
386.44 386.65 2
386.65 386.88 3
386.88 387.80 1
387.80 387.88 0
387.88 388.28 2
388.28 393.05 1
393.05 393.18 3
393.18 393.48 2
393.48 393.73 0
393.73 397.14 1
397.14 397.18 0
397.18 397.47 2
397.47 397.56 3
397.56 398.77 1
398.77 399.06 3
399.06 399.74 1
399.74 399.96 0
399.96 400.33 2
400.33 400.42 0
400.42 401.15 1
401.15 401.69 0
401.69 404.46 1
404.46 404.47 0
404.47 406.86 1
406.86 407.38 3
407.38 408.88 1
408.88 409.59 3
409.59 410.02 2
410.02 410.17 3
410.17 411.96 1
411.96 412.22 0
412.22 412.38 2
412.38 412.48 3
412.48 416.34 1
416.34 416.62 3
416.62 416.80 1
416.80 416.95 0
416.95 418.22 1
418.22 418.66 0
418.66 421.10 1
421.10 421.35 3
421.35 421.66 1
421.66 423.09 3
423.09 423.18 2
423.18 423.37 3
423.37 423.94 1
423.94 423.97 3
423.97 424.60 2
424.60 425.06 3
425.06 425.90 1
425.90 426.10 3
426.10 427.84 2
427.84 428.80 3
428.80 431.65 1
431.65 431.75 0
431.75 432.03 2
432.03 432.11 3
432.11 432.97 1
432.97 433.36 0
433.36 433.61 2
433.61 433.72 3
433.72 434.03 1
434.03 434.68 0
434.68 438.57 1
438.57 438.97 0
438.97 439.32 2
439.32 439.37 0
439.37 440.48 1
440.48 440.70 3
440.70 442.12 1
442.12 442.39 3
442.39 443.22 1
443.22 443.36 3
443.36 444.30 2
444.30 444.36 3
444.36 447.10 1
447.10 447.20 3
447.20 447.87 2
447.87 448.11 0
448.11 449.37 1
449.37 449.59 3
449.59 449.70 1
449.70 449.82 0
449.82 454.95 1
454.95 455.14 0
455.14 455.40 2
455.40 455.43 3
455.43 456.67 1
456.67 456.89 3
456.89 457.77 1
457.77 457.95 3
457.95 459.71 1
459.71 459.96 0
459.96 460.13 2
460.13 460.22 3
460.22 462.00 1
462.00 462.30 0
462.30 462.68 2
462.68 462.70 3
462.70 465.86 1
465.86 465.94 3
465.94 467.35 2
467.35 468.14 1
468.14 468.46 3
468.46 468.92 2
468.92 469.33 3
469.33 469.85 1
469.85 470.20 0
470.20 470.47 3
470.47 471.55 1
471.55 471.81 3
471.81 471.87 2
471.87 472.14 0
472.14 477.11 2
477.11 477.55 3
477.55 479.61 1
479.61 480.00 3
480.00 480.06 2
480.06 480.36 0
480.36 480.56 1
480.56 480.82 3
480.82 480.93 1
480.93 481.45 0
481.45 485.56 2
485.56 485.67 0
485.67 486.52 1
486.52 487.27 3
487.27 487.41 2
487.41 487.70 0
487.70 487.87 1
487.87 487.89 3
487.89 490.35 2
490.35 490.45 3
490.45 492.87 1
492.87 492.93 0
492.93 493.20 2
493.20 493.29 3
493.29 493.74 1
493.74 494.07 0
494.07 494.40 2
494.40 494.60 0
494.60 496.18 1
496.18 496.48 3
496.48 497.06 1
497.06 497.62 0
497.62 498.13 2
498.13 498.23 0
498.23 500.77 1
500.77 501.14 0
501.14 504.56 2
504.56 504.97 0
504.97 505.08 1
505.08 505.47 3
505.47 507.27 2
507.27 507.38 3
507.38 507.54 1
507.54 507.68 3
507.68 510.22 2
510.22 510.36 3
510.36 510.77 1
510.77 511.05 3
511.05 515.17 2
515.17 515.24 3
515.24 516.02 1
516.02 516.47 3
516.47 516.95 2
516.95 517.28 0
517.28 519.36 1
519.36 519.85 3
519.85 521.00 2
521.00 521.04 3
521.04 521.68 1
521.68 521.88 0
521.88 524.43 2
524.43 524.63 0
524.63 525.88 2
525.88 526.28 3
526.28 528.10 1
528.10 530.46 3
530.46 531.30 2
531.30 531.47 0
531.47 531.92 1
531.92 532.11 3
532.11 532.34 1
532.34 532.61 0
532.61 534.14 1
534.14 534.44 3
534.44 535.06 1
535.06 535.34 0
535.34 539.59 1
539.59 540.25 0
540.25 540.28 2
540.28 541.91 3
541.91 544.43 1
544.43 544.47 0
544.47 548.18 2
548.18 548.27 3
548.27 548.64 1
548.64 550.72 3
550.72 551.05 1
551.05 551.49 0
551.49 553.91 2
553.91 554.24 3
554.24 554.34 1
554.34 554.44 3
554.44 555.39 2
555.39 556.04 3
556.04 556.23 2
556.23 556.73 0
556.73 558.22 2
558.22 558.79 3
558.79 559.14 1
559.14 559.22 0
559.22 560.57 2
560.57 560.69 3
560.69 561.27 1
561.27 561.48 3
561.48 562.59 2
562.59 562.69 0
562.69 563.03 1
563.03 563.72 0
563.72 563.99 2
563.99 564.32 0
564.32 564.72 1
564.72 565.02 3
565.02 568.29 2
568.29 568.65 3
568.65 569.87 1
569.87 570.17 3
570.17 571.88 2
571.88 572.21 3
572.21 573.61 1
573.61 573.88 0
573.88 573.96 2
573.96 574.13 3
574.13 577.65 1
577.65 577.89 3
577.89 577.97 2
577.97 578.10 0
578.10 580.17 1
580.17 580.84 3
580.84 581.39 2
581.39 581.50 3
581.50 587.36 1
587.36 587.50 0
587.50 588.09 2
588.09 588.22 3
588.22 588.89 2
588.89 589.33 3
589.33 592.77 1
592.77 593.10 0
593.10 595.21 2
595.21 595.42 0
595.42 599.28 1
599.28 599.52 0
599.52 600.97 2
