0.00 6.55 2
6.55 6.85 0
6.85 7.12 1
7.12 7.18 3
7.18 13.25 2
13.25 13.87 0
13.87 16.65 2
16.65 16.73 0
16.73 17.08 1
17.08 17.37 0
17.37 22.44 2
22.44 22.81 0
22.81 27.81 2
27.81 28.03 0
28.03 32.58 2
32.58 32.87 0
32.87 33.18 1
33.18 38.10 2
38.10 38.37 0
38.37 45.28 1
45.28 45.35 3
45.35 45.62 2
45.62 46.11 0
46.11 46.17 1
46.17 46.67 3
46.67 47.31 2
47.31 47.61 0
47.61 55.88 1
55.88 56.47 0
56.47 62.43 1
62.43 62.59 3
62.59 63.46 2
63.46 63.86 3
63.86 68.27 1
68.27 69.48 0
69.48 74.21 1
74.21 74.49 0
74.49 77.85 1
77.85 77.95 0
77.95 78.67 2
78.67 79.18 3
79.18 80.58 1
80.58 80.96 0
80.96 84.62 2
84.62 84.70 0
84.70 85.89 1
85.89 86.38 3
86.38 88.79 2
88.79 89.10 3
89.10 90.42 1
90.42 90.89 0
90.89 95.82 2
95.82 95.87 0
95.87 98.38 2
98.38 99.01 3
99.01 101.62 1
101.62 102.37 3
102.37 104.98 2
104.98 105.25 0
105.25 105.62 1
105.62 106.32 0
106.32 110.63 2
110.63 111.03 0
111.03 111.27 1
111.27 111.35 3
111.35 118.83 2
118.83 120.02 0
120.02 121.68 2
121.68 121.95 3
121.95 122.02 1
122.02 122.30 0
122.30 128.71 2
128.71 129.28 0
129.28 131.10 2
131.10 131.40 0
131.40 131.75 1
131.75 132.16 0
132.16 133.20 2
133.20 133.40 0
133.40 133.68 1
133.68 133.95 0
133.95 139.57 2
139.57 139.86 3
139.86 145.41 1
145.41 146.66 0
146.66 149.59 1
149.59 150.01 0
150.01 150.33 2
150.33 150.42 3
150.42 156.02 1
156.02 156.78 0
156.78 157.37 2
157.37 157.46 3
157.46 159.31 1
159.31 159.65 3
159.65 159.75 2
159.75 160.01 3
160.01 166.32 1
166.32 166.70 0
166.70 175.07 1
175.07 175.46 0
175.46 178.68 2
178.68 178.87 0
178.87 179.41 1
179.41 179.58 0
179.58 180.63 2
180.63 180.72 3
180.72 181.04 1
181.04 181.25 0
181.25 183.71 2
183.71 184.55 0
184.55 191.08 2
191.08 192.11 0
192.11 192.17 2
192.17 194.58 3
194.58 195.97 2
195.97 195.99 0
195.99 196.33 1
196.33 196.75 0
196.75 199.57 2
199.57 200.29 3
200.29 201.17 2
201.17 202.84 0
202.84 209.58 2
209.58 209.90 0
209.90 210.26 1
210.26 210.53 0
210.53 212.74 2
212.74 213.78 3
213.78 219.30 1
219.30 219.72 0
219.72 220.77 2
220.77 221.41 3
221.41 222.48 1
222.48 222.88 0
222.88 234.66 2
234.66 235.50 0
235.50 242.61 2
242.61 242.69 0
242.69 243.18 1
243.18 243.20 0
243.20 246.63 2
246.63 246.82 0
246.82 247.20 1
247.20 247.24 3
247.24 254.30 2
254.30 254.43 3
254.43 254.66 1
254.66 254.92 0
254.92 263.20 2
263.20 263.28 0
263.28 263.66 1
263.66 263.77 0
263.77 264.22 2
264.22 264.82 0
264.82 265.21 1
265.21 265.39 0
265.39 270.45 2
270.45 270.68 0
270.68 271.00 1
271.00 271.14 3
271.14 273.44 2
273.44 273.50 0
273.50 273.82 1
273.82 273.90 0
273.90 280.44 2
280.44 280.69 0
280.69 281.00 1
281.00 281.01 0
281.01 282.58 2
282.58 282.71 3
282.71 282.99 1
282.99 283.01 3
283.01 287.21 2
287.21 287.37 0
287.37 287.77 1
287.77 287.83 0
287.83 296.66 2
296.66 297.53 0
297.53 302.55 2
