0.00 0.46 1
0.46 0.78 0
0.78 1.26 2
1.26 1.33 3
1.33 3.80 1
3.80 4.47 0
4.47 7.71 2
7.71 8.23 0
8.23 11.58 1
11.58 12.32 0
12.32 16.19 2
16.19 16.30 0
16.30 16.72 1
16.72 16.74 0
16.74 22.40 2
22.40 22.98 0
22.98 23.29 1
23.29 23.38 3
23.38 30.55 2
30.55 30.68 0
30.68 31.10 1
31.10 31.17 3
31.17 32.52 2
32.52 32.54 0
32.54 35.77 1
35.77 36.31 0
36.31 36.67 1
36.67 36.76 3
36.76 36.81 2
36.81 36.86 0
36.86 42.27 1
42.27 42.92 0
42.92 48.79 1
48.79 49.50 0
49.50 53.69 1
53.69 54.77 0
54.77 55.37 2
55.37 55.41 0
55.41 61.10 1
61.10 61.47 0
61.47 63.99 2
63.99 64.56 3
64.56 71.66 1
71.66 72.34 0
72.34 74.42 1
74.42 75.77 0
75.77 76.01 1
76.01 76.27 3
76.27 76.30 2
76.30 76.56 3
76.56 77.93 1
77.93 78.18 0
78.18 79.96 1
79.96 80.55 0
80.55 81.17 1
81.17 82.40 0
82.40 82.81 1
82.81 83.91 0
83.91 84.06 1
84.06 84.30 3
84.30 84.43 2
84.43 84.81 0
84.81 91.93 1
91.93 93.12 0
93.12 93.67 2
93.67 93.74 0
93.74 94.45 1
94.45 94.68 2
94.68 95.22 3
95.22 98.15 1
98.15 98.71 0
98.71 106.10 1
106.10 106.24 0
106.24 107.05 2
107.05 107.06 3
107.06 107.17 1
107.17 107.41 3
107.41 107.91 2
107.91 107.93 0
107.93 108.37 1
108.37 108.84 0
108.84 109.18 1
109.18 109.60 3
109.60 109.99 2
109.99 110.79 0
110.79 111.01 1
111.01 111.43 3
111.43 112.97 1
112.97 113.53 0
113.53 115.86 1
115.86 116.84 0
116.84 125.27 2
125.27 126.09 0
126.09 127.95 2
127.95 128.16 3
128.16 129.95 2
129.95 130.51 0
130.51 130.98 1
130.98 131.90 0
131.90 138.84 2
138.84 139.01 0
139.01 139.61 1
139.61 139.96 3
139.96 141.49 2
141.49 141.60 0
141.60 142.76 1
142.76 142.89 3
142.89 144.52 2
144.52 144.55 3
144.55 146.11 1
146.11 146.26 3
146.26 147.95 2
147.95 148.09 3
148.09 148.45 1
148.45 148.64 0
148.64 149.46 2
149.46 149.70 3
149.70 149.75 2
149.75 149.81 0
149.81 151.99 2
151.99 152.12 0
152.12 153.90 1
153.90 153.97 0
153.97 156.84 2
156.84 156.97 3
156.97 157.09 1
157.09 157.49 3
157.49 158.01 2
158.01 158.13 0
158.13 158.72 1
158.72 158.79 3
158.79 162.68 2
162.68 163.04 0
163.04 163.14 1
163.14 163.57 3
163.57 170.64 2
170.64 170.88 0
170.88 171.52 1
171.52 171.98 0
171.98 180.90 2
180.90 180.94 0
180.94 181.88 1
181.88 182.01 3
182.01 183.14 2
183.14 183.27 0
183.27 184.97 1
184.97 186.22 0
186.22 186.30 2
186.30 186.68 3
186.68 187.28 2
187.28 187.30 3
187.30 191.32 1
191.32 191.70 3
191.70 192.65 2
192.65 192.72 0
192.72 195.90 1
195.90 195.91 0
195.91 197.33 2
197.33 197.46 3
197.46 198.71 1
198.71 199.21 0
199.21 201.78 2
201.78 201.80 0
201.80 201.81 1
201.81 202.24 3
202.24 204.41 2
204.41 204.49 3
204.49 205.49 1
205.49 205.62 3
205.62 206.02 2
206.02 206.52 0
206.52 209.04 1
209.04 209.82 0
209.82 210.12 1
210.12 210.58 3
210.58 212.87 2
212.87 212.98 0
212.98 213.66 1
213.66 213.91 3
213.91 215.74 2
215.74 216.15 3
216.15 216.16 1
216.16 216.25 3
216.25 217.23 2
217.23 217.28 0
217.28 218.16 1
218.16 218.25 3
218.25 219.73 2
219.73 219.75 3
219.75 220.53 1
220.53 220.87 3
220.87 221.30 2
221.30 221.54 0
221.54 223.79 1
223.79 223.80 0
223.80 224.31 2
224.31 224.84 0
224.84 233.08 1
233.08 233.15 3
233.15 234.73 2
234.73 235.07 0
235.07 240.40 1
240.40 241.17 0
241.17 246.59 1
246.59 247.50 0
247.50 249.64 1
249.64 250.61 0
250.61 258.75 1
258.75 259.08 0
259.08 261.40 2
261.40 261.93 3
261.93 265.54 1
265.54 267.07 0
267.07 268.17 1
268.17 268.92 0
268.92 270.40 2
270.40 270.77 0
270.77 277.41 1
277.41 278.72 0
278.72 279.00 2
279.00 279.18 3
279.18 284.46 1
284.46 285.34 0
285.34 286.35 2
286.35 286.45 0
286.45 287.34 1
287.34 287.68 3
287.68 289.61 2
289.61 289.74 0
289.74 290.89 1
290.89 291.02 3
291.02 291.30 2
291.30 291.55 0
291.55 291.72 2
291.72 292.01 3
292.01 293.03 1
293.03 293.33 3
293.33 293.47 2
293.47 293.71 3
293.71 299.12 1
299.12 299.67 3
299.67 300.99 2
300.99 301.42 0
301.42 311.93 1
311.93 312.40 0
312.40 312.60 1
312.60 312.94 3
312.94 315.28 1
315.28 316.17 0
316.17 317.15 2
317.15 317.17 3
317.17 320.46 1
320.46 321.04 0
321.04 325.93 1
325.93 326.59 0
326.59 326.79 1
326.79 327.28 3
327.28 328.08 2
328.08 328.76 0
328.76 332.77 1
332.77 333.67 0
333.67 337.34 1
337.34 338.02 0
338.02 345.78 1
345.78 346.41 0
346.41 350.62 1
350.62 351.68 0
351.68 352.57 2
352.57 352.64 3
352.64 356.01 1
356.01 356.42 3
356.42 357.65 2
357.65 357.66 0
357.66 358.24 1
358.24 359.11 0
359.11 359.56 1
359.56 359.78 3
359.78 361.92 2
361.92 363.06 0
363.06 368.83 1
368.83 369.33 0
369.33 372.03 1
372.03 372.20 3
372.20 372.26 2
372.26 372.51 3
372.51 372.77 1
372.77 372.93 3
372.93 372.95 2
372.95 373.09 3
373.09 373.86 1
373.86 374.83 0
374.83 375.08 1
375.08 375.26 3
375.26 376.52 2
376.52 376.58 0
376.58 377.95 1
377.95 378.61 3
378.61 382.07 2
382.07 382.95 0
382.95 384.44 1
384.44 384.79 0
384.79 385.36 2
385.36 385.54 0
385.54 386.08 1
386.08 386.25 3
386.25 386.26 2
386.26 386.44 3
386.44 386.93 1
386.93 387.38 0
387.38 387.90 2
387.90 388.58 0
388.58 390.20 1
390.20 391.15 0
391.15 391.99 2
391.99 392.51 0
392.51 393.03 1
393.03 393.46 3
393.46 394.00 2
394.00 395.23 0
395.23 400.42 2
400.42 400.63 0
400.63 401.02 1
401.02 401.20 3
401.20 402.91 2
402.91 402.98 0
402.98 410.80 1
410.80 411.53 0
411.53 414.41 1
414.41 414.53 3
414.53 415.81 2
415.81 416.25 0
416.25 418.44 1
418.44 418.62 0
418.62 420.06 2
420.06 420.12 0
420.12 420.19 1
420.19 420.51 3
420.51 423.82 2
423.82 423.99 0
423.99 424.98 1
424.98 425.04 0
425.04 427.43 2
427.43 427.58 3
427.58 428.48 1
428.48 428.91 0
428.91 430.18 2
430.18 430.24 0
430.24 430.66 1
430.66 430.99 0
430.99 432.13 2
432.13 432.66 0
432.66 434.34 2
434.34 435.25 3
435.25 437.30 1
437.30 437.95 0
437.95 440.39 2
440.39 440.87 0
440.87 441.62 1
441.62 442.16 0
442.16 443.38 2
443.38 443.51 0
443.51 443.55 1
443.55 444.15 3
444.15 444.81 2
444.81 445.06 0
445.06 445.38 1
445.38 446.04 3
446.04 446.74 2
446.74 447.42 0
447.42 447.44 2
447.44 448.08 3
448.08 448.67 2
448.67 451.27 0
451.27 451.98 1
451.98 453.51 0
453.51 453.79 1
453.79 454.02 3
454.02 455.25 2
455.25 455.83 0
455.83 457.16 1
457.16 457.23 0
457.23 458.27 2
458.27 458.48 0
458.48 458.54 1
458.54 458.75 3
458.75 459.67 2
459.67 459.70 0
459.70 460.26 1
460.26 460.41 0
460.41 465.04 2
465.04 465.12 0
465.12 466.49 1
466.49 466.59 3
466.59 467.54 2
467.54 468.07 3
468.07 469.06 1
469.06 469.49 0
469.49 471.92 2
471.92 472.03 0
472.03 473.05 1
473.05 473.14 3
473.14 477.45 2
477.45 477.48 0
477.48 481.54 1
481.54 482.35 0
482.35 483.43 2
483.43 483.90 3
483.90 486.13 1
486.13 487.06 0
487.06 487.13 1
487.13 487.51 3
487.51 487.69 2
487.69 487.80 0
487.80 492.55 1
492.55 493.07 0
493.07 496.46 1
496.46 496.87 3
496.87 498.49 2
498.49 498.59 3
498.59 504.22 1
504.22 504.67 3
504.67 505.20 2
505.20 505.38 0
505.38 510.31 1
510.31 511.00 0
511.00 512.23 2
512.23 512.33 3
512.33 516.88 1
516.88 517.77 0
517.77 522.93 1
522.93 523.41 3
523.41 523.51 1
523.51 524.07 0
524.07 526.27 1
526.27 526.35 3
526.35 528.05 2
528.05 528.48 3
528.48 535.11 1
535.11 535.27 3
535.27 535.96 2
535.96 536.29 0
536.29 538.83 1
538.83 539.59 0
539.59 539.62 2
539.62 539.99 3
539.99 543.47 1
543.47 543.70 0
543.70 544.93 2
544.93 546.12 1
546.12 546.54 3
546.54 548.81 2
548.81 549.03 0
549.03 550.60 1
550.60 550.88 0
550.88 551.96 2
551.96 552.17 0
552.17 552.39 1
552.39 552.49 3
552.49 555.04 2
555.04 555.07 3
555.07 556.61 1
556.61 557.58 0
557.58 559.77 1
559.77 560.61 0
560.61 561.88 2
561.88 562.22 3
562.22 564.03 1
564.03 564.35 0
564.35 569.35 1
569.35 570.40 0
570.40 571.34 2
571.34 571.93 0
571.93 571.95 1
571.95 572.30 3
572.30 573.32 2
573.32 573.45 0
573.45 573.67 1
573.67 573.91 3
573.91 575.24 2
575.24 575.70 0
575.70 577.51 1
577.51 579.69 0
579.69 579.77 1
579.77 580.03 3
580.03 580.16 2
580.16 580.50 0
580.50 581.67 1
581.67 583.01 0
583.01 584.39 1
584.39 584.97 0
584.97 586.57 1
586.57 587.12 0
587.12 590.45 1
590.45 590.57 3
590.57 591.03 2
591.03 592.21 0
592.21 592.76 2
592.76 595.28 0
595.28 597.52 2
597.52 598.82 0
598.82 599.84 2
599.84 601.42 0
601.42 602.29 2
