0.00 3.01 2
3.01 3.59 3
3.59 3.75 1
3.75 4.43 0
4.43 9.94 1
9.94 10.48 3
10.48 11.83 1
11.83 11.96 0
11.96 14.07 1
14.07 14.59 0
14.59 19.03 2
19.03 19.17 0
19.17 20.70 1
20.70 20.95 0
20.95 22.85 2
22.85 22.87 3
22.87 23.12 1
23.12 23.47 3
23.47 25.18 2
25.18 25.70 3
25.70 27.12 2
27.12 27.66 3
27.66 29.12 2
29.12 29.25 0
29.25 31.53 1
31.53 31.81 0
31.81 31.97 2
31.97 32.21 3
32.21 34.83 1
34.83 35.32 0
35.32 36.19 2
36.19 36.57 0
36.57 42.78 1
42.78 43.78 0
43.78 45.89 1
45.89 46.47 0
46.47 48.87 2
48.87 49.23 0
49.23 51.79 1
51.79 52.46 0
52.46 53.34 2
53.34 53.50 0
53.50 54.25 1
54.25 54.71 3
54.71 55.63 2
55.63 56.61 0
56.61 63.92 1
63.92 65.08 0
65.08 68.70 1
68.70 68.95 0
68.95 69.51 2
69.51 70.11 0
70.11 72.16 1
72.16 72.97 0
72.97 79.58 1
79.58 79.98 0
79.98 80.30 2
80.30 80.46 0
80.46 89.99 1
89.99 90.95 0
90.95 95.21 1
95.21 95.52 0
95.52 95.86 3
95.86 106.16 1
106.16 106.70 0
106.70 107.24 2
107.24 107.49 0
107.49 108.08 1
108.08 109.54 0
109.54 116.31 1
116.31 117.11 0
117.11 124.24 1
124.24 125.41 0
125.41 136.11 1
136.11 136.94 0
136.94 146.24 1
146.24 147.93 0
147.93 156.69 1
156.69 157.29 0
157.29 158.32 2
158.32 158.57 0
158.57 159.17 1
159.17 159.36 3
159.36 160.88 2
160.88 161.19 0
161.19 165.30 1
165.30 165.53 0
165.53 165.70 2
165.70 166.05 3
166.05 170.56 1
170.56 171.06 0
171.06 172.44 2
172.44 172.89 3
172.89 175.52 1
175.52 176.09 3
176.09 177.63 2
177.63 177.80 0
177.80 178.07 1
178.07 178.61 0
178.61 182.74 2
182.74 183.09 3
183.09 187.37 1
187.37 187.87 0
187.87 188.08 2
188.08 188.71 3
188.71 189.33 1
189.33 190.10 0
190.10 194.34 2
194.34 194.46 3
194.46 195.46 1
195.46 195.81 3
195.81 205.08 1
205.08 206.06 0
206.06 213.75 1
213.75 214.19 0
214.19 223.84 1
223.84 224.52 0
224.52 236.44 1
236.44 237.04 0
237.04 252.18 1
252.18 252.48 0
252.48 252.71 2
252.71 252.87 3
252.87 263.65 1
263.65 264.46 0
264.46 267.30 1
267.30 268.11 0
268.11 268.24 2
268.24 268.40 3
268.40 276.27 1
276.27 276.94 0
276.94 280.20 1
280.20 280.40 0
280.40 280.77 2
280.77 280.84 0
280.84 291.73 1
291.73 292.18 0
292.18 292.62 2
292.62 292.78 3
292.78 294.87 1
294.87 295.48 0
295.48 295.92 1
295.92 297.60 3
297.60 298.44 2
298.44 298.51 3
298.51 303.63 1
303.63 304.16 0
304.16 304.50 2
304.50 304.68 0
304.68 305.67 1
305.67 306.04 0
306.04 306.54 2
306.54 306.59 0
306.59 313.98 1
313.98 314.37 0
314.37 316.04 2
316.04 316.52 3
316.52 318.86 2
318.86 321.68 3
321.68 323.11 1
323.11 323.36 3
323.36 326.66 2
326.66 326.78 0
326.78 329.19 1
329.19 329.24 0
329.24 330.35 2
330.35 331.57 3
331.57 332.97 1
332.97 333.25 0
333.25 334.18 2
334.18 334.32 0
334.32 334.63 1
334.63 335.38 0
335.38 337.10 2
337.10 337.28 3
337.28 337.77 1
337.77 338.50 0
338.50 338.94 2
338.94 340.42 3
340.42 341.07 2
341.07 341.49 0
341.49 343.90 1
343.90 344.41 0
344.41 346.88 2
346.88 347.33 0
347.33 349.51 1
349.51 349.90 0
349.90 351.62 2
351.62 351.96 0
351.96 353.68 1
353.68 354.17 3
354.17 356.12 2
356.12 356.38 0
356.38 358.99 1
358.99 359.19 0
359.19 359.64 2
359.64 360.06 3
360.06 361.04 1
361.04 362.23 3
362.23 362.80 1
362.80 363.43 0
363.43 368.43 2
368.43 368.71 3
368.71 370.17 2
370.17 370.60 3
370.60 375.02 1
375.02 375.13 3
375.13 385.44 2
385.44 386.77 3
386.77 387.52 0
387.52 387.98 2
387.98 388.94 0
388.94 396.26 1
396.26 396.80 0
396.80 397.16 2
397.16 397.22 3
397.22 400.99 1
400.99 401.47 0
401.47 404.85 2
404.85 405.63 3
405.63 408.37 1
408.37 409.04 0
409.04 412.50 2
412.50 412.87 0
412.87 413.24 1
413.24 415.79 3
415.79 418.11 1
418.11 418.45 3
418.45 420.27 1
420.27 420.74 0
420.74 422.86 2
422.86 423.64 0
423.64 424.51 1
424.51 424.82 0
424.82 428.94 2
428.94 429.20 3
429.20 429.72 1
429.72 430.06 0
430.06 430.49 2
430.49 430.62 3
430.62 431.20 1
431.20 432.12 0
432.12 432.34 1
432.34 432.54 3
432.54 433.22 1
433.22 433.46 0
433.46 434.20 2
434.20 435.16 0
435.16 438.65 1
438.65 438.79 3
438.79 440.01 2
440.01 440.31 0
440.31 441.58 1
441.58 441.99 0
441.99 442.05 1
442.05 442.54 3
442.54 443.08 1
443.08 443.58 0
443.58 444.76 2
444.76 445.15 3
445.15 445.37 1
445.37 445.75 0
445.75 446.33 2
446.33 446.55 3
446.55 448.61 2
448.61 449.20 0
449.20 450.93 2
450.93 451.08 3
451.08 451.28 1
451.28 451.93 0
451.93 458.58 2
458.58 458.89 3
458.89 459.12 2
459.12 459.54 0
459.54 466.09 2
466.09 466.21 0
466.21 466.55 1
466.55 466.66 3
466.66 469.21 2
469.21 469.42 0
469.42 469.65 1
469.65 469.68 3
469.68 470.83 2
470.83 471.37 3
471.37 475.01 2
475.01 475.63 0
475.63 475.69 1
475.69 475.89 3
475.89 487.90 2
487.90 488.22 0
488.22 488.58 2
488.58 491.13 3
491.13 499.65 2
499.65 500.03 0
500.03 506.92 2
506.92 507.19 3
507.19 507.75 2
507.75 508.67 0
508.67 509.70 1
509.70 510.86 3
510.86 511.06 1
511.06 511.15 0
511.15 518.04 2
518.04 518.19 3
518.19 520.00 1
520.00 520.65 0
520.65 521.05 2
521.05 521.39 3
521.39 527.24 1
527.24 528.17 0
528.17 529.47 1
529.47 529.71 0
529.71 530.13 2
530.13 530.32 3
530.32 533.86 1
533.86 534.40 0
534.40 534.90 2
534.90 535.28 0
535.28 541.09 1
541.09 541.64 0
541.64 542.24 2
542.24 542.56 3
542.56 545.00 1
545.00 545.64 0
545.64 546.14 2
546.14 546.25 3
546.25 549.90 1
549.90 549.97 0
549.97 550.27 2
550.27 550.57 3
550.57 554.57 1
554.57 554.80 3
554.80 555.26 2
555.26 555.82 0
555.82 556.78 1
556.78 557.74 0
557.74 558.82 2
558.82 559.53 0
559.53 565.21 1
565.21 565.37 3
565.37 567.33 2
567.33 567.45 0
567.45 573.17 1
573.17 574.83 0
574.83 578.03 1
578.03 578.51 0
578.51 579.49 2
579.49 580.36 0
580.36 584.10 1
584.10 585.44 0
585.44 586.55 2
586.55 586.65 3
586.65 590.37 1
590.37 590.43 3
590.43 591.64 2
591.64 591.76 0
591.76 592.43 1
592.43 593.52 0
593.52 594.89 2
594.89 595.35 0
595.35 596.95 1
596.95 597.06 3
597.06 598.68 2
598.68 599.31 0
599.31 604.39 2
604.39 604.99 0
604.99 605.18 2
605.18 605.60 3
605.60 608.67 2
608.67 609.15 3
609.15 609.41 1
