0.00 3.07 2
3.07 3.34 0
3.34 7.23 1
7.23 8.42 3
8.42 10.70 2
10.70 10.75 3
10.75 12.61 1
12.61 12.72 3
12.72 14.86 2
14.86 15.20 3
15.20 18.04 1
18.04 19.27 0
19.27 22.68 2
22.68 22.77 0
22.77 23.42 1
23.42 23.56 0
23.56 24.19 2
24.19 24.44 0
24.44 24.99 1
24.99 25.78 0
25.78 30.73 2
30.73 30.87 0
30.87 31.29 1
31.29 31.41 0
31.41 39.36 2
39.36 39.61 0
39.61 40.84 1
40.84 41.63 0
41.63 42.88 2
42.88 43.63 0
43.63 43.77 2
43.77 44.00 3
44.00 46.60 2
46.60 47.82 0
47.82 51.66 2
51.66 51.87 0
51.87 52.30 1
52.30 53.49 0
53.49 56.11 1
56.11 56.49 3
56.49 59.37 2
59.37 60.50 0
60.50 63.05 2
63.05 63.40 3
63.40 64.29 1
64.29 64.47 3
64.47 66.08 2
66.08 66.09 0
66.09 69.47 1
69.47 70.31 0
70.31 72.50 2
72.50 72.78 0
72.78 73.10 1
73.10 73.43 0
73.43 74.39 2
74.39 74.41 3
74.41 76.91 1
76.91 77.65 0
77.65 80.86 2
80.86 80.88 3
80.88 82.81 1
82.81 83.21 0
83.21 83.70 2
83.70 83.80 0
83.80 85.74 1
85.74 86.66 0
86.66 87.88 2
87.88 88.01 3
88.01 89.00 1
89.00 90.21 0
90.21 93.70 1
93.70 94.06 0
94.06 98.02 2
98.02 98.95 3
98.95 104.22 1
104.22 104.47 0
104.47 106.88 1
106.88 107.62 0
107.62 108.20 2
108.20 108.56 3
108.56 109.31 1
109.31 109.78 3
109.78 111.84 2
111.84 112.06 0
112.06 114.20 1
114.20 114.84 0
114.84 121.56 1
121.56 121.96 0
121.96 123.47 1
123.47 123.68 0
123.68 126.61 1
126.61 127.04 0
127.04 127.08 2
127.08 127.25 3
127.25 129.56 1
129.56 129.80 0
129.80 132.87 1
132.87 132.98 0
132.98 138.35 1
138.35 138.78 3
138.78 138.85 1
138.85 139.28 0
139.28 143.23 1
143.23 143.49 0
143.49 147.03 1
147.03 147.47 3
147.47 149.40 2
149.40 149.52 3
149.52 154.80 1
154.80 155.18 0
155.18 157.47 1
157.47 157.78 0
157.78 161.62 1
161.62 161.81 0
161.81 162.37 1
162.37 162.77 3
162.77 165.59 1
165.59 166.00 0
166.00 166.65 2
166.65 166.70 0
166.70 170.49 1
170.49 170.93 0
170.93 173.05 1
173.05 173.33 0
173.33 174.05 1
174.05 174.24 3
174.24 176.73 1
176.73 177.50 0
177.50 179.15 2
179.15 179.52 0
179.52 179.64 2
179.64 180.53 3
180.53 181.49 2
181.49 181.86 0
181.86 182.24 1
182.24 182.45 0
182.45 183.22 2
183.22 183.61 3
183.61 189.03 1
189.03 190.34 0
190.34 190.37 2
190.37 190.82 3
190.82 195.15 1
195.15 195.50 0
195.50 196.00 2
196.00 196.21 0
196.21 196.48 1
196.48 197.31 3
197.31 198.59 2
198.59 198.65 3
198.65 201.63 1
201.63 202.04 0
202.04 205.59 1
205.59 206.12 0
206.12 209.66 1
209.66 209.89 0
209.89 213.21 1
213.21 213.43 0
213.43 213.81 2
213.81 213.97 3
213.97 214.89 1
214.89 215.22 0
215.22 218.90 1
218.90 219.32 0
219.32 219.51 1
219.51 221.00 3
221.00 221.41 1
221.41 221.75 0
221.75 223.10 2
223.10 223.83 0
223.83 224.84 1
224.84 225.08 0
225.08 225.61 2
225.61 225.96 0
225.96 227.94 1
227.94 228.43 0
228.43 233.82 1
233.82 234.36 0
234.36 234.95 2
234.95 235.46 3
235.46 235.50 1
235.50 236.39 0
236.39 238.35 2
238.35 238.79 0
238.79 239.53 1
239.53 240.00 3
240.00 240.76 2
240.76 240.86 0
240.86 245.73 1
245.73 246.24 0
246.24 250.51 1
250.51 250.78 0
250.78 250.87 2
250.87 251.14 3
251.14 252.50 1
252.50 253.90 0
253.90 254.95 2
254.95 255.00 3
255.00 255.90 1
255.90 258.31 3
258.31 260.22 2
260.22 260.53 3
260.53 260.98 1
260.98 261.59 3
261.59 263.01 2
263.01 263.03 3
263.03 266.52 1
266.52 267.37 0
267.37 270.96 1
270.96 271.12 0
271.12 272.96 1
272.96 273.51 3
273.51 273.57 2
273.57 273.72 3
273.72 280.67 1
280.67 281.31 0
281.31 282.84 1
282.84 283.56 3
283.56 284.79 2
284.79 284.99 0
284.99 285.39 1
285.39 285.68 0
285.68 286.83 2
286.83 287.24 3
287.24 289.39 1
289.39 290.15 0
290.15 290.55 1
290.55 290.86 3
290.86 294.00 2
294.00 294.81 3
294.81 295.73 1
295.73 296.51 3
296.51 298.36 2
298.36 298.41 0
298.41 306.80 1
