0.00 7.28 2
7.28 7.42 0
7.42 7.69 1
7.69 8.64 0
8.64 10.68 2
10.68 10.74 3
10.74 19.90 1
19.90 19.97 3
19.97 24.78 2
24.78 25.18 0
25.18 30.87 1
30.87 31.53 0
31.53 33.47 2
33.47 33.86 3
33.86 35.30 1
35.30 36.28 0
36.28 43.36 2
43.36 43.88 3
43.88 45.24 1
45.24 45.65 3
45.65 51.57 2
51.57 51.59 3
51.59 51.78 1
51.78 52.14 0
52.14 57.57 2
57.57 57.95 0
57.95 58.17 1
58.17 58.72 0
58.72 61.57 2
61.57 63.17 0
63.17 63.46 1
63.46 63.58 0
63.58 67.19 2
67.19 67.32 3
67.32 67.43 1
67.43 67.47 0
67.47 69.81 2
69.81 70.50 0
70.50 74.31 2
74.31 74.41 3
74.41 74.50 1
74.50 74.86 0
74.86 81.96 2
81.96 82.13 0
82.13 82.34 1
82.34 83.32 0
83.32 86.93 2
86.93 87.13 0
87.13 90.28 1
90.28 91.90 0
91.90 94.69 2
94.69 95.55 0
95.55 99.92 2
99.92 100.61 3
100.61 108.32 1
108.32 108.67 3
108.67 109.23 2
109.23 109.37 3
109.37 110.07 1
110.07 110.11 0
110.11 113.99 2
113.99 114.51 3
114.51 120.11 1
120.11 120.26 0
120.26 121.73 1
121.73 122.79 0
122.79 129.55 2
129.55 129.86 0
129.86 130.16 1
130.16 130.23 0
130.23 132.47 2
132.47 132.75 1
132.75 133.39 0
133.39 139.85 2
139.85 139.87 0
139.87 142.70 2
142.70 143.32 0
143.32 146.88 2
146.88 147.55 0
147.55 150.46 1
150.46 150.74 3
150.74 153.47 2
153.47 153.51 0
153.51 153.52 1
153.52 153.83 3
153.83 156.42 2
156.42 156.65 0
156.65 156.87 1
156.87 157.01 0
157.01 162.16 2
162.16 162.28 3
162.28 162.43 1
162.43 163.00 0
163.00 165.25 2
165.25 165.39 3
165.39 165.47 1
165.47 165.51 0
165.51 167.46 2
167.46 167.78 0
167.78 167.97 1
167.97 168.07 0
168.07 172.95 2
172.95 173.15 3
173.15 173.27 1
173.27 174.17 0
174.17 175.11 2
175.11 175.43 0
175.43 175.65 1
175.65 176.39 3
176.39 177.12 1
177.12 178.11 0
178.11 178.62 2
178.62 178.78 0
178.78 180.41 1
180.41 180.79 0
180.79 186.25 2
186.25 186.46 3
186.46 186.59 2
186.59 186.78 0
186.78 189.53 2
189.53 189.65 3
189.65 192.49 1
192.49 193.48 3
193.48 194.00 2
194.00 194.01 3
194.01 195.07 1
195.07 196.03 0
196.03 201.50 2
201.50 202.13 0
202.13 202.65 1
202.65 203.18 0
203.18 205.21 2
205.21 205.23 0
205.23 205.48 1
205.48 206.05 0
206.05 208.69 2
208.69 208.74 0
208.74 209.20 1
209.20 209.55 0
209.55 209.82 2
209.82 209.96 3
209.96 218.23 1
218.23 218.72 0
218.72 221.28 2
221.28 221.50 0
221.50 221.75 1
221.75 222.11 0
222.11 230.42 2
230.42 230.76 0
230.76 231.03 1
231.03 231.52 0
231.52 235.94 2
235.94 236.08 0
236.08 236.36 1
236.36 236.88 0
236.88 242.25 2
242.25 242.61 3
242.61 250.42 1
250.42 251.02 0
251.02 260.97 1
260.97 260.99 0
260.99 271.25 1
271.25 271.41 0
271.41 271.82 2
271.82 271.95 3
271.95 281.37 1
281.37 281.57 0
281.57 293.68 1
293.68 294.24 0
294.24 299.42 2
299.42 299.57 0
299.57 299.82 1
