0.00 3.22 1
3.22 4.78 2
4.78 4.98 0
4.98 5.48 1
5.48 5.73 0
5.73 7.47 2
7.47 7.55 3
7.55 9.53 1
9.53 10.44 0
10.44 13.00 2
13.00 13.05 0
13.05 19.67 1
19.67 19.73 3
19.73 19.97 2
19.97 20.09 0
20.09 27.06 1
27.06 27.42 3
27.42 29.31 2
29.31 29.43 3
29.43 29.93 1
29.93 30.09 0
30.09 31.83 2
31.83 31.89 0
31.89 37.10 1
37.10 37.84 3
37.84 38.31 2
38.31 40.35 0
40.35 43.03 2
43.03 43.05 3
43.05 46.57 1
46.57 46.63 0
46.63 47.62 2
47.62 47.98 3
47.98 53.35 1
53.35 54.08 0
54.08 59.01 1
59.01 59.32 3
59.32 63.49 1
63.49 64.34 0
64.34 69.62 1
69.62 70.81 0
70.81 75.63 1
75.63 75.65 3
75.65 76.11 2
76.11 76.13 3
76.13 83.70 1
83.70 83.72 3
83.72 84.09 2
84.09 84.35 0
84.35 89.11 1
89.11 89.15 0
89.15 89.59 2
89.59 90.20 3
90.20 93.64 1
93.64 94.00 0
94.00 95.91 2
95.91 95.93 0
95.93 97.10 1
97.10 97.36 3
97.36 98.90 1
98.90 100.30 0
100.30 106.49 1
106.49 106.81 3
106.81 106.94 0
106.94 109.12 1
109.12 109.43 3
109.43 113.59 2
113.59 114.14 0
114.14 114.53 1
114.53 114.79 3
114.79 115.64 1
115.64 115.96 3
115.96 121.06 2
121.06 121.35 0
121.35 121.79 1
121.79 123.01 3
123.01 127.24 2
127.24 127.42 3
127.42 129.36 1
129.36 129.70 0
129.70 132.17 2
132.17 132.29 0
132.29 132.78 1
132.78 133.87 3
133.87 138.67 2
138.67 139.45 3
139.45 140.03 1
140.03 140.55 3
140.55 145.17 2
145.17 145.63 0
145.63 145.93 1
145.93 146.04 3
146.04 147.53 2
147.53 148.14 0
148.14 153.39 2
153.39 153.64 0
153.64 154.03 1
154.03 154.11 0
154.11 159.98 2
159.98 160.34 0
160.34 160.85 1
160.85 160.87 3
160.87 163.00 2
163.00 163.14 0
163.14 166.35 2
166.35 167.10 0
167.10 168.97 1
168.97 169.01 0
169.01 173.44 2
173.44 173.60 0
173.60 174.00 1
174.00 174.11 0
174.11 178.64 2
178.64 179.73 0
179.73 182.22 2
182.22 182.54 0
182.54 182.63 2
182.63 182.95 3
182.95 186.47 2
186.47 186.98 0
186.98 187.99 2
187.99 188.82 3
188.82 189.57 2
189.57 190.13 1
190.13 190.32 3
190.32 201.43 2
201.43 201.81 1
201.81 202.03 0
202.03 208.09 2
208.09 208.65 0
208.65 211.00 2
211.00 211.14 3
211.14 212.27 1
212.27 212.76 0
212.76 212.90 1
212.90 213.35 3
213.35 214.28 1
214.28 214.56 3
214.56 216.67 2
216.67 216.75 3
216.75 218.35 1
218.35 218.51 3
218.51 225.95 2
225.95 226.34 0
226.34 226.58 1
226.58 226.60 0
226.60 236.28 2
236.28 236.34 3
236.34 240.51 1
240.51 240.71 3
240.71 243.04 2
243.04 243.34 3
243.34 244.01 0
244.01 247.91 2
247.91 248.30 3
248.30 249.41 2
249.41 249.53 3
249.53 250.12 1
250.12 250.26 0
250.26 250.71 2
250.71 251.01 0
251.01 251.52 1
251.52 251.62 0
251.62 254.87 2
254.87 254.96 3
254.96 257.49 1
257.49 259.17 3
259.17 259.29 1
259.29 259.55 3
259.55 263.29 2
263.29 263.64 3
263.64 264.20 1
264.20 264.95 0
264.95 272.76 2
272.76 272.89 0
272.89 274.02 1
274.02 274.27 0
274.27 275.17 2
275.17 275.30 0
275.30 284.21 2
284.21 284.50 0
284.50 284.69 1
284.69 285.09 0
285.09 288.09 2
288.09 288.81 0
288.81 292.66 2
292.66 293.21 0
293.21 294.27 2
294.27 294.42 3
294.42 294.85 1
294.85 297.40 3
297.40 297.97 1
297.97 299.05 0
299.05 300.71 1
300.71 300.82 0
300.82 302.43 2
302.43 303.10 3
303.10 304.09 1
304.09 304.37 3
304.37 305.78 2
305.78 305.81 3
305.81 306.10 1
306.10 306.14 0
306.14 307.41 2
307.41 308.30 0
308.30 312.60 2
312.60 312.67 3
312.67 312.90 1
312.90 313.05 3
313.05 321.74 2
321.74 321.78 0
321.78 324.84 2
324.84 324.99 3
324.99 325.37 1
325.37 325.46 0
325.46 327.12 2
327.12 327.99 0
327.99 331.95 2
331.95 332.36 0
332.36 337.32 2
337.32 337.58 0
337.58 342.03 2
342.03 342.34 0
342.34 342.52 1
342.52 342.95 3
342.95 343.24 1
343.24 343.65 0
343.65 347.49 2
347.49 348.05 0
348.05 356.27 2
356.27 356.35 3
356.35 356.56 1
356.56 357.11 0
357.11 362.91 2
362.91 363.83 0
363.83 367.97 2
367.97 368.21 0
368.21 370.27 1
370.27 370.56 0
370.56 373.20 2
373.20 373.59 0
373.59 374.00 1
374.00 374.01 0
374.01 378.44 2
378.44 379.46 0
379.46 383.18 2
383.18 384.69 0
384.69 384.82 2
384.82 385.22 3
385.22 386.04 1
386.04 386.33 0
386.33 393.03 2
393.03 393.15 0
393.15 393.37 1
393.37 393.41 3
393.41 396.91 2
396.91 397.53 0
397.53 401.82 2
401.82 401.91 0
401.91 402.15 2
402.15 402.40 3
402.40 403.38 2
403.38 404.26 0
404.26 406.63 1
406.63 406.67 0
406.67 407.39 2
407.39 407.52 0
407.52 409.38 1
409.38 410.78 3
410.78 414.13 2
414.13 414.97 0
414.97 421.37 2
421.37 422.24 0
422.24 425.87 2
425.87 426.07 3
426.07 427.45 1
427.45 427.51 0
427.51 432.62 2
432.62 433.03 0
433.03 436.92 2
436.92 437.07 0
437.07 438.20 1
438.20 438.69 3
438.69 443.53 2
443.53 444.40 0
444.40 446.42 1
446.42 446.85 3
446.85 447.31 1
447.31 447.78 0
447.78 453.27 2
453.27 453.77 0
453.77 453.87 2
453.87 454.13 3
454.13 459.84 2
459.84 459.85 0
459.85 460.66 1
460.66 461.07 0
461.07 461.26 2
461.26 461.32 3
461.32 464.04 1
464.04 464.25 3
464.25 468.47 1
468.47 468.53 3
468.53 469.95 2
469.95 470.28 3
470.28 471.66 2
471.66 471.86 3
471.86 474.61 1
474.61 475.32 3
475.32 475.72 2
475.72 476.06 3
476.06 477.91 1
477.91 478.19 3
478.19 478.31 2
478.31 478.42 3
478.42 483.77 1
483.77 483.99 3
483.99 484.16 2
484.16 484.46 0
484.46 487.81 1
487.81 487.82 3
487.82 488.90 2
488.90 489.41 3
489.41 490.03 2
490.03 490.25 0
490.25 493.53 1
493.53 493.72 3
493.72 495.40 2
495.40 495.50 3
495.50 495.84 1
495.84 496.15 3
496.15 496.71 2
496.71 496.87 0
496.87 497.08 1
497.08 498.02 3
498.02 500.96 1
500.96 502.20 0
502.20 503.13 1
503.13 504.16 0
504.16 506.97 1
506.97 507.15 3
507.15 509.64 1
509.64 509.78 0
509.78 509.98 2
509.98 510.07 3
510.07 512.17 1
512.17 513.73 0
513.73 514.64 1
514.64 514.86 0
514.86 516.78 2
516.78 517.16 0
517.16 520.49 1
520.49 520.88 0
520.88 524.95 1
524.95 525.91 3
525.91 527.73 2
527.73 528.25 0
528.25 528.26 2
528.26 528.65 3
528.65 529.69 1
529.69 530.21 0
530.21 532.42 2
532.42 532.81 0
532.81 533.62 1
533.62 534.26 3
534.26 535.72 1
535.72 535.84 0
535.84 536.00 1
536.00 536.16 3
536.16 538.78 1
538.78 538.86 3
538.86 539.99 2
539.99 540.40 3
540.40 541.12 1
541.12 542.48 3
542.48 544.46 2
544.46 544.73 0
544.73 545.03 1
545.03 545.76 3
545.76 548.70 1
548.70 551.41 3
551.41 551.77 1
551.77 552.53 0
552.53 555.06 2
555.06 555.39 3
555.39 556.66 2
556.66 557.33 0
557.33 558.60 1
558.60 558.86 3
558.86 560.09 1
560.09 560.30 0
560.30 561.15 2
561.15 561.34 0
561.34 571.65 1
571.65 572.07 3
572.07 574.84 2
574.84 575.37 3
575.37 577.47 1
577.47 577.73 0
577.73 579.11 2
579.11 579.35 0
579.35 583.41 1
583.41 583.62 3
583.62 583.78 2
583.78 584.12 0
584.12 586.22 1
586.22 586.52 0
586.52 587.80 1
587.80 588.50 3
588.50 594.97 2
594.97 595.01 0
595.01 596.74 1
596.74 597.08 3
597.08 597.96 1
597.96 598.47 3
598.47 598.99 1
598.99 599.22 3
599.22 600.80 2
