0.00 3.90 2
3.90 4.01 0
4.01 9.51 2
9.51 9.64 0
9.64 9.82 1
9.82 10.05 3
10.05 15.73 2
15.73 15.83 3
15.83 16.04 1
16.04 16.16 3
16.16 18.70 2
18.70 19.02 3
19.02 19.67 1
19.67 19.93 0
19.93 24.51 2
24.51 24.76 0
24.76 25.17 1
25.17 25.30 3
25.30 31.24 2
31.24 31.26 0
31.26 37.47 2
37.47 37.69 0
37.69 38.24 1
38.24 38.26 3
38.26 48.42 2
48.42 48.59 0
48.59 49.13 1
49.13 49.32 3
49.32 59.41 2
59.41 59.44 0
59.44 60.17 1
60.17 60.19 3
60.19 64.83 2
64.83 64.86 3
64.86 65.00 1
65.00 65.08 3
65.08 68.41 2
68.41 69.31 0
69.31 71.08 2
71.08 71.27 3
71.27 71.30 1
71.30 71.53 3
71.53 71.72 2
71.72 71.78 0
71.78 71.81 2
71.81 72.10 3
72.10 74.69 2
74.69 76.52 0
76.52 77.89 1
77.89 78.65 0
78.65 81.88 2
81.88 82.48 3
82.48 83.32 1
83.32 83.45 0
83.45 88.41 2
88.41 88.42 0
88.42 92.65 2
92.65 93.15 0
93.15 95.05 1
95.05 95.32 0
95.32 95.72 2
95.72 96.07 0
96.07 100.40 1
100.40 100.76 0
100.76 101.01 2
101.01 101.03 0
101.03 107.42 1
107.42 109.91 2
109.91 114.00 1
114.00 114.43 0
114.43 114.90 2
114.90 115.61 0
115.61 119.36 1
119.36 119.74 0
119.74 119.99 2
119.99 120.07 0
120.07 125.14 1
125.14 125.44 0
125.44 126.16 2
126.16 126.28 3
126.28 127.35 1
127.35 127.48 0
127.48 128.43 2
128.43 128.67 0
128.67 129.06 1
129.06 129.08 0
129.08 131.79 2
131.79 131.84 0
131.84 132.42 1
132.42 132.59 0
132.59 133.28 2
133.28 133.40 0
133.40 136.82 1
136.82 137.07 0
137.07 137.55 2
137.55 137.57 3
137.57 141.03 1
141.03 141.35 0
141.35 141.72 2
141.72 141.80 0
141.80 149.90 1
149.90 150.15 0
150.15 150.95 2
150.95 151.40 0
151.40 159.14 1
159.14 159.26 0
159.26 160.04 2
160.04 160.10 3
160.10 167.72 1
167.72 168.02 0
168.02 175.06 1
175.06 175.22 0
175.22 178.00 1
178.00 179.10 3
179.10 179.84 2
179.84 180.56 0
180.56 182.92 1
182.92 183.23 3
183.23 186.37 2
186.37 187.13 0
187.13 188.17 1
188.17 190.69 2
190.69 191.08 3
191.08 192.25 2
192.25 192.29 3
192.29 196.50 1
196.50 196.81 0
196.81 196.94 1
196.94 197.10 3
197.10 201.03 1
201.03 201.41 3
201.41 201.47 2
201.47 201.54 3
201.54 202.13 1
202.13 202.32 0
202.32 203.86 2
203.86 203.91 3
203.91 204.09 1
204.09 204.12 3
204.12 207.10 2
207.10 207.34 0
207.34 207.57 1
207.57 207.69 3
207.69 210.44 2
210.44 210.82 3
210.82 211.19 2
211.19 211.53 0
211.53 215.53 2
215.53 215.97 1
215.97 216.12 0
216.12 216.31 2
216.31 216.35 3
216.35 216.61 1
216.61 216.83 0
216.83 217.51 2
217.51 217.58 3
217.58 217.85 1
217.85 218.25 0
218.25 218.53 2
218.53 218.96 0
218.96 224.17 1
224.17 224.62 0
224.62 225.00 2
225.00 227.32 1
227.32 227.81 0
227.81 228.19 2
228.19 228.22 3
228.22 230.82 1
230.82 231.84 2
231.84 232.67 0
232.67 234.30 1
234.30 234.40 3
234.40 235.04 2
235.04 235.36 0
235.36 238.75 1
238.75 238.99 0
238.99 239.25 2
239.25 239.43 0
239.43 243.06 1
243.06 243.43 0
243.43 244.12 2
244.12 244.18 0
244.18 247.71 1
247.71 247.73 0
247.73 251.48 1
251.48 251.79 3
251.79 253.03 1
253.03 253.32 0
253.32 253.60 2
253.60 253.86 0
253.86 257.55 1
257.55 257.65 3
257.65 258.05 2
258.05 258.55 3
258.55 258.78 2
258.78 259.10 0
259.10 260.99 2
260.99 261.09 3
261.09 261.46 1
261.46 261.47 0
261.47 262.10 2
262.10 262.13 3
262.13 262.50 1
262.50 262.81 0
262.81 263.07 2
263.07 263.10 3
263.10 270.37 1
270.37 270.88 0
270.88 271.14 2
271.14 271.16 0
271.16 276.97 1
276.97 277.61 0
277.61 279.35 1
279.35 279.39 3
279.39 279.99 2
279.99 280.35 0
280.35 282.31 1
282.31 282.39 3
282.39 283.61 2
283.61 283.66 3
283.66 285.46 1
285.46 285.56 0
285.56 286.39 2
286.39 286.46 3
286.46 286.53 1
286.53 286.74 3
286.74 288.33 1
288.33 288.54 0
288.54 295.21 1
295.21 295.56 0
295.56 298.96 1
298.96 299.71 3
299.71 300.64 2
300.64 300.71 3
300.71 306.53 1
306.53 306.55 3
306.55 307.17 2
307.17 307.24 3
307.24 309.21 1
309.21 309.25 3
309.25 309.47 2
309.47 309.65 3
309.65 310.62 1
310.62 310.85 0
310.85 311.31 2
311.31 311.47 3
311.47 312.67 1
312.67 313.01 0
313.01 313.64 2
313.64 314.29 3
314.29 322.58 1
322.58 322.61 0
322.61 322.98 2
322.98 323.03 3
323.03 327.76 1
327.76 328.17 0
328.17 330.40 1
330.40 330.85 3
330.85 330.97 1
330.97 331.48 0
331.48 332.95 1
332.95 333.05 0
333.05 334.32 2
334.32 334.35 0
334.35 334.52 1
334.52 334.75 3
334.75 342.09 2
342.09 342.21 0
342.21 342.69 1
342.69 342.85 0
342.85 344.57 2
344.57 344.83 0
344.83 345.26 1
345.26 345.51 0
345.51 346.10 2
346.10 346.50 3
346.50 346.76 2
346.76 346.99 0
346.99 351.71 2
351.71 351.94 3
351.94 352.41 1
352.41 352.62 0
352.62 353.69 2
353.69 353.76 0
353.76 353.93 1
353.93 354.85 3
354.85 357.61 2
357.61 357.70 3
357.70 357.95 1
357.95 358.44 0
358.44 367.61 2
367.61 368.02 3
368.02 369.11 1
369.11 369.19 0
369.19 377.49 2
377.49 377.52 3
377.52 377.65 1
377.65 378.00 3
378.00 380.59 2
380.59 380.94 0
380.94 382.97 1
382.97 383.17 0
383.17 383.58 2
383.58 383.68 0
383.68 383.91 1
383.91 383.93 0
383.93 384.14 3
384.14 385.89 1
385.89 386.09 0
386.09 388.17 2
388.17 388.57 3
388.57 391.40 1
391.40 391.59 0
391.59 397.13 2
397.13 397.16 3
397.16 398.96 1
398.96 399.52 3
399.52 401.39 2
401.39 401.40 3
401.40 401.50 1
401.50 401.65 3
401.65 402.79 2
402.79 403.32 3
403.32 407.48 1
407.48 407.66 0
407.66 408.05 2
408.05 408.06 0
408.06 409.61 1
409.61 410.01 0
410.01 411.33 2
411.33 411.38 0
411.38 412.10 1
412.10 412.25 3
412.25 412.48 2
412.48 413.03 3
413.03 415.06 1
415.06 415.78 3
415.78 416.94 2
416.94 417.00 0
417.00 420.95 1
420.95 421.46 3
421.46 422.86 1
422.86 422.93 3
422.93 423.36 2
423.36 424.89 1
424.89 425.03 0
425.03 427.15 2
427.15 428.54 3
428.54 429.99 2
429.99 430.17 0
430.17 430.26 1
430.26 430.42 3
430.42 432.10 2
432.10 432.24 0
432.24 432.95 1
432.95 433.42 3
433.42 433.69 2
433.69 434.35 1
434.35 434.65 3
434.65 440.31 2
440.31 440.46 0
440.46 440.62 1
440.62 440.88 3
440.88 441.86 2
441.86 441.99 0
441.99 442.31 1
442.31 442.45 3
442.45 443.08 2
443.08 443.56 0
443.56 444.27 1
444.27 444.58 0
444.58 452.69 2
452.69 453.11 0
453.11 453.37 1
453.37 453.48 3
453.48 461.90 2
461.90 462.09 0
462.09 462.44 1
462.44 462.71 0
462.71 465.38 2
465.38 465.40 0
465.40 465.78 1
465.78 465.81 0
465.81 478.37 2
478.37 478.81 0
478.81 478.85 1
478.85 479.33 3
479.33 482.96 2
482.96 483.44 3
483.44 484.96 2
484.96 485.27 3
485.27 490.61 1
490.61 490.84 0
490.84 496.24 2
496.24 497.26 3
497.26 497.64 1
497.64 497.77 3
497.77 499.25 2
499.25 499.56 1
499.56 499.85 3
499.85 505.38 2
505.38 505.56 0
505.56 508.99 2
508.99 509.02 3
509.02 512.16 1
512.16 512.45 3
512.45 512.72 1
512.72 513.41 0
513.41 515.97 1
515.97 516.41 0
516.41 516.85 3
516.85 518.52 1
518.52 518.70 0
518.70 520.81 2
520.81 521.71 0
521.71 527.88 1
527.88 528.13 3
528.13 528.17 2
528.17 529.13 3
529.13 532.72 1
532.72 532.95 0
532.95 534.30 2
534.30 534.35 3
534.35 535.49 1
535.49 535.64 0
535.64 536.45 2
536.45 536.95 3
536.95 540.36 1
540.36 540.94 3
540.94 543.97 2
543.97 544.49 0
544.49 547.50 1
547.50 547.65 0
547.65 547.97 2
547.97 547.99 3
547.99 551.51 1
551.51 551.78 3
551.78 552.01 2
552.01 552.53 3
552.53 553.85 1
553.85 553.93 3
553.93 556.06 2
556.06 556.20 0
556.20 557.16 1
557.16 557.33 0
557.33 557.62 2
557.62 557.75 3
557.75 559.41 1
559.41 559.56 0
559.56 561.40 2
561.40 561.54 0
561.54 565.21 1
565.21 566.13 3
566.13 566.40 2
566.40 567.13 3
567.13 567.53 1
567.53 567.82 0
567.82 568.28 2
568.28 568.49 0
568.49 574.82 1
574.82 575.24 3
575.24 575.90 2
575.90 575.97 0
575.97 579.70 1
579.70 582.25 3
582.25 584.37 2
584.37 585.42 3
585.42 587.13 1
587.13 588.39 3
588.39 593.80 2
593.80 593.82 0
593.82 596.74 2
596.74 596.84 3
596.84 596.99 1
596.99 597.30 3
597.30 599.35 2
599.35 599.39 3
599.39 599.43 1
599.43 599.76 3
599.76 607.50 2
607.50 608.17 0
608.17 611.66 1
611.66 613.55 3
613.55 615.71 2
615.71 616.06 3
616.06 616.12 1
616.12 616.32 0
616.32 624.06 2
624.06 624.16 0
624.16 624.58 1
624.58 624.87 0
624.87 628.71 2
628.71 629.36 1
629.36 629.63 3
629.63 631.99 2
631.99 632.05 3
632.05 632.84 1
632.84 633.03 0
633.03 633.38 2
633.38 633.61 3
633.61 633.74 1
633.74 633.89 3
633.89 634.34 2
634.34 634.45 3
634.45 634.76 1
634.76 634.99 0
634.99 635.60 2
635.60 635.89 0
635.89 637.43 1
637.43 637.87 3
637.87 638.97 2
638.97 639.12 0
639.12 639.16 1
639.16 639.64 3
639.64 640.48 2
640.48 640.52 3
640.52 641.16 1
641.16 641.23 3
641.23 641.41 2
641.41 641.83 3
641.83 643.21 1
643.21 643.25 0
643.25 644.52 2
