0.00 11.64 2
11.64 11.79 3
11.79 12.40 1
12.40 12.94 3
12.94 22.02 2
22.02 23.49 3
23.49 36.05 1
36.05 36.26 0
36.26 38.10 1
38.10 38.28 3
38.28 38.53 2
38.53 39.33 3
39.33 43.07 1
43.07 43.62 3
43.62 45.76 1
45.76 47.85 3
47.85 49.84 2
49.84 50.26 3
50.26 55.05 2
55.05 55.76 3
55.76 56.26 1
56.26 56.35 3
56.35 56.56 2
56.56 56.88 3
56.88 60.51 1
60.51 60.97 3
60.97 62.44 2
62.44 62.60 3
62.60 63.24 1
63.24 64.04 0
64.04 64.08 2
64.08 64.96 3
64.96 71.81 1
71.81 73.37 3
73.37 76.69 1
76.69 77.94 3
77.94 81.86 2
81.86 82.85 3
82.85 83.46 0
83.46 93.65 2
93.65 95.10 3
95.10 100.92 2
100.92 101.09 0
101.09 111.17 2
111.17 112.05 0
112.05 120.29 2
120.29 120.50 3
120.50 122.22 1
122.22 122.77 3
122.77 132.47 2
132.47 133.19 0
133.19 147.93 2
147.93 148.35 3
148.35 149.45 1
149.45 150.67 3
150.67 151.59 1
151.59 151.67 0
151.67 152.51 2
152.51 152.68 3
152.68 153.61 1
153.61 154.15 3
154.15 154.32 2
154.32 155.67 3
155.67 156.38 1
156.38 156.67 3
156.67 157.05 2
157.05 157.35 3
157.35 158.61 1
158.61 158.65 3
158.65 162.93 2
162.93 163.73 3
163.73 164.11 1
164.11 165.79 2
165.79 166.21 3
166.21 167.30 1
167.30 168.40 2
168.40 170.74 3
170.74 171.21 2
171.21 171.51 3
171.51 174.40 1
174.40 174.49 0
174.49 175.58 2
175.58 176.09 0
176.09 177.17 1
177.17 177.85 3
177.85 178.23 1
178.23 178.77 3
178.77 179.24 2
179.24 180.67 3
180.67 181.34 1
181.34 181.63 3
181.63 181.88 2
181.88 182.14 3
182.14 183.48 1
183.48 183.98 3
183.98 184.91 2
184.91 186.21 3
186.21 187.51 1
187.51 187.98 3
187.98 189.07 1
189.07 189.99 0
189.99 191.34 1
191.34 191.88 3
191.88 192.51 2
192.51 195.61 1
195.61 196.80 3
196.80 203.44 1
203.44 205.04 0
205.04 211.13 1
211.13 211.24 3
211.24 211.88 2
211.88 212.09 0
212.09 215.16 1
215.16 216.04 3
216.04 217.60 2
217.60 217.77 3
217.77 225.96 1
225.96 226.55 3
226.55 229.15 1
229.15 229.83 0
229.83 231.84 1
231.84 234.53 3
234.53 234.99 2
234.99 238.73 3
238.73 245.25 1
245.25 245.29 3
245.29 247.39 2
247.39 247.60 3
247.60 249.11 1
249.11 251.09 3
251.09 254.78 1
254.78 255.41 0
255.41 264.40 1
264.40 266.25 3
266.25 266.42 2
266.42 267.56 3
267.56 272.09 1
272.09 273.10 3
273.10 278.19 1
278.19 279.07 3
279.07 281.09 1
281.09 281.46 3
281.46 282.68 2
282.68 283.82 0
283.82 284.36 1
284.36 284.83 3
284.83 285.46 2
285.46 286.34 3
286.34 294.78 1
294.78 295.08 0
295.08 295.46 2
295.46 296.04 3
296.04 299.61 1
299.61 300.58 3
300.58 300.62 2
300.62 300.88 3
300.88 305.77 1
305.77 306.09 3
306.09 306.20 2
306.20 307.61 3
307.61 307.72 2
307.72 308.07 3
308.07 310.61 1
310.61 311.18 3
311.18 311.23 2
311.23 311.38 3
311.38 317.00 1
317.00 318.10 3
318.10 319.03 2
319.03 319.88 0
319.88 319.90 1
319.90 320.46 3
320.46 320.68 2
320.68 320.78 3
320.78 323.84 1
323.84 323.99 0
323.99 324.52 2
324.52 324.74 0
324.74 325.89 1
325.89 325.92 0
325.92 329.75 2
329.75 330.26 3
330.26 330.83 2
330.83 331.68 3
331.68 332.49 2
332.49 333.39 3
333.39 340.46 1
340.46 341.36 0
341.36 348.63 1
348.63 349.45 0
349.45 354.22 1
354.22 355.07 3
355.07 356.70 1
356.70 357.30 3
357.30 358.30 1
358.30 358.40 3
358.40 358.90 2
358.90 359.30 3
359.30 363.89 1
363.89 364.92 3
364.92 366.10 1
366.10 366.70 0
366.70 372.61 1
372.61 373.04 3
373.04 373.85 2
373.85 373.97 3
373.97 382.47 1
382.47 383.07 0
383.07 389.62 1
389.62 389.72 3
389.72 390.84 2
390.84 390.94 3
390.94 392.40 1
392.40 392.95 3
392.95 399.54 1
399.54 399.57 0
399.57 406.93 1
406.93 407.61 3
407.61 408.86 2
408.86 409.11 3
409.11 421.55 1
421.55 421.80 0
421.80 423.83 2
423.83 423.89 3
423.89 427.81 1
427.81 428.04 3
428.04 430.51 2
430.51 430.59 3
430.59 434.27 1
434.27 435.27 3
435.27 436.68 1
436.68 438.21 3
438.21 444.88 2
444.88 445.56 3
445.56 445.93 1
445.93 446.38 3
446.38 446.93 2
446.93 447.49 3
447.49 452.95 1
452.95 453.68 3
453.68 455.58 1
455.58 456.86 0
456.86 463.58 1
463.58 464.43 3
464.43 465.71 2
465.71 466.06 3
466.06 467.91 2
467.91 468.59 0
468.59 469.07 1
469.07 469.22 3
469.22 470.44 2
470.44 470.63 3
470.63 471.70 1
471.70 472.12 3
472.12 478.21 2
478.21 479.49 3
479.49 482.01 1
482.01 482.72 3
482.72 483.30 2
483.30 484.25 3
484.25 484.33 1
484.33 484.73 0
484.73 484.75 1
484.75 486.52 3
486.52 487.41 1
487.41 585.46 0
585.46 585.86 1
585.86 586.96 3
586.96 587.66 2
587.66 589.17 1
589.17 592.17 3
592.17 593.06 2
593.06 595.08 3
595.08 600.85 1
600.85 601.50 0
601.50 605.01 1
605.01 605.41 3
605.41 607.21 2
607.21 607.61 3
607.61 612.93 1
612.93 614.03 3
614.03 617.24 2
617.24 617.74 3
617.74 624.26 1
624.26 625.46 3
625.46 626.86 1
626.86 627.06 0
627.06 638.59 1
638.59 639.29 3
639.29 649.52 1
649.52 650.72 3
650.72 651.22 2
