0.00 2.36 1
2.36 2.54 0
2.54 9.76 2
9.76 10.35 0
10.35 13.56 2
13.56 14.44 0
14.44 14.51 2
14.51 14.76 3
14.76 15.59 2
15.59 15.88 0
15.88 16.22 1
16.22 16.90 3
16.90 17.95 2
17.95 18.48 3
18.48 24.10 1
24.10 24.98 0
24.98 30.56 2
30.56 30.85 3
30.85 31.29 2
31.29 31.37 0
31.37 43.41 2
43.41 43.76 0
43.76 43.79 2
43.79 44.15 3
44.15 48.78 2
48.78 49.41 0
49.41 52.54 2
52.54 52.79 0
52.79 53.15 1
53.15 53.82 0
53.82 55.68 2
55.68 55.95 0
55.95 56.72 1
56.72 57.16 0
57.16 68.86 2
68.86 69.11 0
69.11 70.24 1
70.24 71.54 2
71.54 71.93 0
71.93 72.06 1
72.06 72.94 3
72.94 73.15 1
73.15 73.50 0
73.50 75.80 1
75.80 75.91 0
75.91 76.62 2
76.62 77.39 0
77.39 80.27 2
80.27 80.86 0
80.86 84.14 1
84.14 84.33 0
84.33 84.45 2
84.45 84.95 3
84.95 85.10 1
85.10 85.89 0
85.89 89.61 1
89.61 90.10 0
90.10 90.12 2
90.12 90.49 3
90.49 91.25 1
91.25 91.83 0
91.83 92.21 1
92.21 92.75 0
92.75 92.92 1
92.92 93.40 3
93.40 93.52 2
93.52 93.98 0
93.98 101.49 1
101.49 101.84 0
101.84 101.86 2
101.86 102.47 3
102.47 105.62 1
105.62 105.98 0
105.98 107.13 2
107.13 107.48 3
107.48 109.91 1
109.91 110.62 0
110.62 112.24 1
112.24 112.71 0
112.71 113.55 2
113.55 113.86 3
113.86 115.23 1
115.23 116.05 0
116.05 117.01 1
117.01 117.60 0
117.60 117.83 2
117.83 118.41 3
118.41 118.46 1
118.46 119.90 0
119.90 120.87 1
120.87 121.78 0
121.78 127.61 1
127.61 128.17 0
128.17 130.24 1
130.24 130.87 0
130.87 130.93 2
130.93 131.47 3
131.47 139.17 1
139.17 139.65 0
139.65 141.51 1
141.51 142.40 0
142.40 143.74 2
143.74 143.95 3
143.95 144.05 2
144.05 144.77 0
144.77 148.43 1
148.43 149.55 0
149.55 154.18 1
154.18 154.93 0
154.93 155.72 1
155.72 156.85 0
156.85 163.66 1
163.66 164.12 0
164.12 164.47 2
164.47 164.49 0
164.49 170.12 1
170.12 170.83 0
170.83 171.30 2
171.30 171.74 3
171.74 172.58 1
172.58 174.02 0
174.02 175.87 1
175.87 176.74 0
176.74 187.48 1
187.48 188.13 0
188.13 188.42 2
188.42 188.47 3
188.47 190.30 1
190.30 191.24 0
191.24 194.69 1
194.69 195.40 0
195.40 200.13 1
200.13 200.77 0
200.77 201.36 2
201.36 201.38 0
201.38 206.58 1
206.58 207.09 0
207.09 213.15 1
213.15 214.07 0
214.07 216.09 1
216.09 216.68 0
216.68 216.83 2
216.83 217.05 3
217.05 218.37 1
218.37 218.94 0
218.94 222.51 1
222.51 223.05 0
223.05 223.81 2
223.81 224.20 0
224.20 228.30 1
228.30 228.90 0
228.90 228.99 1
228.99 229.41 3
229.41 233.21 1
233.21 234.13 0
234.13 234.25 2
234.25 234.53 3
234.53 241.07 1
241.07 241.15 0
241.15 241.76 2
241.76 242.24 3
242.24 244.91 1
244.91 245.77 0
245.77 246.15 1
246.15 247.15 0
247.15 247.65 1
247.65 248.30 0
248.30 252.98 1
252.98 253.77 0
253.77 259.33 1
259.33 259.92 0
259.92 261.76 1
261.76 262.28 0
262.28 263.09 2
263.09 263.12 0
263.12 263.62 1
263.62 264.09 0
264.09 267.57 1
267.57 268.01 0
268.01 272.43 1
272.43 273.17 0
273.17 273.50 2
273.50 273.59 0
273.59 276.93 1
276.93 277.89 0
277.89 278.96 2
278.96 279.05 0
279.05 281.47 1
281.47 281.82 0
281.82 288.64 1
288.64 289.35 0
289.35 293.24 1
293.24 293.81 0
293.81 293.84 1
293.84 294.11 3
294.11 294.21 1
294.21 295.13 0
295.13 297.33 1
297.33 297.79 0
297.79 298.03 2
298.03 298.52 3
298.52 299.63 1
299.63 300.34 0
300.34 303.68 1
303.68 303.91 0
303.91 306.35 1
306.35 306.81 0
306.81 307.44 2
307.44 308.34 0
308.34 312.74 2
312.74 313.44 0
313.44 315.43 2
315.43 315.72 0
315.72 320.71 1
320.71 321.03 0
321.03 323.43 2
323.43 323.72 3
323.72 326.63 1
326.63 326.65 3
326.65 328.53 2
328.53 328.90 0
328.90 329.03 1
329.03 329.09 3
329.09 331.87 2
331.87 332.42 0
332.42 334.28 1
334.28 335.42 0
335.42 339.65 1
339.65 340.42 0
340.42 348.05 1
348.05 349.30 0
349.30 352.81 1
352.81 353.46 0
353.46 353.73 2
353.73 354.34 0
354.34 359.02 1
359.02 359.58 0
359.58 360.94 2
360.94 361.63 3
361.63 361.67 2
361.67 362.63 0
362.63 368.44 1
368.44 369.52 0
369.52 371.58 2
371.58 371.96 3
371.96 374.71 1
374.71 375.04 0
375.04 378.72 1
378.72 379.06 0
379.06 382.34 1
382.34 382.59 3
382.59 382.94 1
382.94 383.29 0
383.29 389.10 1
389.10 389.57 0
389.57 395.00 1
395.00 395.84 0
395.84 401.97 1
401.97 402.39 0
402.39 402.64 2
402.64 402.97 3
402.97 409.59 1
409.59 409.65 0
409.65 413.27 1
413.27 413.98 0
413.98 416.40 1
416.40 417.08 0
417.08 417.35 3
417.35 424.33 1
424.33 424.98 0
424.98 430.65 1
430.65 431.14 0
431.14 434.39 1
434.39 435.12 0
435.12 440.46 1
440.46 440.73 0
440.73 442.07 3
442.07 442.70 2
442.70 442.74 0
442.74 442.76 1
442.76 443.37 3
443.37 444.14 1
444.14 444.76 0
444.76 445.12 1
445.12 445.15 0
445.15 445.48 2
445.48 446.56 3
446.56 450.27 1
450.27 450.81 0
450.81 451.39 2
451.39 451.73 3
451.73 453.29 1
453.29 453.69 0
453.69 454.19 2
454.19 455.02 0
455.02 455.38 1
455.38 456.43 0
456.43 456.76 2
456.76 456.77 3
456.77 457.10 1
457.10 457.18 3
457.18 457.43 2
457.43 457.79 0
457.79 462.27 1
462.27 462.30 3
462.30 466.81 2
466.81 468.42 0
468.42 472.58 1
472.58 473.11 0
473.11 478.33 1
478.33 478.54 3
478.54 478.86 2
478.86 479.56 3
479.56 479.94 1
479.94 480.06 0
480.06 482.39 2
482.39 482.52 0
482.52 482.99 1
482.99 483.45 0
483.45 484.45 2
484.45 485.04 0
485.04 485.37 1
485.37 485.69 3
485.69 490.07 1
490.07 490.85 0
490.85 493.92 1
493.92 494.92 0
494.92 499.94 1
499.94 500.19 0
500.19 501.51 2
501.51 501.72 3
501.72 505.26 1
505.26 506.01 0
506.01 506.26 2
506.26 506.29 0
506.29 513.33 1
513.33 514.00 0
514.00 514.19 2
514.19 514.25 3
514.25 518.56 1
518.56 519.02 0
519.02 523.12 1
523.12 523.76 0
523.76 524.29 1
524.29 525.54 0
525.54 526.69 1
526.69 526.92 3
526.92 526.94 2
526.94 527.30 0
527.30 535.42 1
535.42 536.09 0
536.09 542.66 1
542.66 543.16 0
543.16 543.66 2
543.66 543.78 3
543.78 546.73 1
546.73 547.84 0
547.84 548.57 2
548.57 550.70 0
550.70 551.16 1
551.16 551.22 0
551.22 552.60 2
552.60 553.50 0
553.50 557.20 2
557.20 557.49 0
557.49 560.94 1
560.94 561.86 0
561.86 562.20 2
562.20 565.46 1
565.46 565.73 0
565.73 566.29 2
566.29 567.27 3
567.27 570.14 1
570.14 570.99 0
570.99 574.78 1
574.78 575.26 0
575.26 575.32 1
575.32 575.74 3
575.74 577.51 1
577.51 577.91 0
577.91 577.95 1
577.95 578.85 3
578.85 578.91 2
578.91 579.67 0
579.67 581.99 1
581.99 582.82 0
582.82 583.11 2
583.11 583.51 3
583.51 585.53 1
585.53 586.08 0
586.08 588.30 1
588.30 589.17 0
589.17 590.88 1
590.88 592.37 0
592.37 594.44 1
594.44 594.88 0
594.88 599.81 1
599.81 600.09 0
600.09 600.46 2
600.46 600.48 0
600.48 601.40 1
601.40 601.95 3
601.95 602.51 2
602.51 602.57 3
602.57 605.12 1
605.12 605.98 0
605.98 606.42 1
606.42 607.13 0
607.13 613.73 1
