0.00 4.16 2
4.16 4.78 0
4.78 8.32 1
8.32 8.96 0
8.96 9.12 2
9.12 9.15 3
9.15 12.94 1
12.94 14.24 3
14.24 15.00 2
15.00 15.02 0
15.02 15.56 1
15.56 15.86 0
15.86 16.07 2
16.07 16.53 3
16.53 17.66 1
17.66 18.13 0
18.13 20.82 2
20.82 21.77 3
21.77 22.50 1
22.50 22.66 3
22.66 28.04 2
28.04 28.88 3
28.88 28.93 1
28.93 29.35 3
29.35 34.30 2
34.30 34.85 3
34.85 38.08 1
38.08 38.21 3
38.21 49.39 2
49.39 50.14 0
50.14 56.53 2
56.53 56.95 0
56.95 57.03 1
57.03 58.51 3
58.51 59.01 1
59.01 59.14 3
59.14 67.29 2
67.29 67.66 0
67.66 73.88 2
73.88 74.01 3
74.01 75.65 1
75.65 82.08 2
82.08 82.33 0
82.33 83.88 1
83.88 84.01 3
84.01 89.56 2
89.56 89.68 0
89.68 102.41 2
102.41 103.63 0
103.63 107.12 2
107.12 107.79 3
107.79 108.42 2
108.42 108.72 0
108.72 115.86 2
115.86 116.57 3
116.57 120.39 1
120.39 120.61 0
120.61 127.33 2
127.33 128.20 0
128.20 128.25 2
128.25 128.86 3
128.86 131.32 1
131.32 131.49 0
131.49 134.14 2
134.14 134.60 3
134.60 135.35 1
135.35 136.07 0
136.07 136.11 2
136.11 136.49 3
136.49 137.33 2
137.33 137.70 3
137.70 138.55 1
138.55 138.67 3
138.67 139.17 2
139.17 139.26 3
139.26 141.49 1
141.49 141.66 0
141.66 143.25 2
143.25 143.30 0
143.30 144.81 1
144.81 144.92 3
144.92 145.19 2
145.19 145.69 3
145.69 148.92 1
148.92 149.35 0
149.35 149.68 2
149.68 150.02 3
150.02 152.33 1
152.33 152.54 0
152.54 153.63 2
153.63 154.39 0
154.39 155.52 1
155.52 155.73 3
155.73 156.03 2
156.03 157.24 3
157.24 161.57 1
161.57 161.74 0
161.74 162.08 2
162.08 162.16 3
162.16 165.61 1
165.61 165.82 0
165.82 166.07 2
166.07 166.49 3
166.49 166.78 1
166.78 170.31 3
170.31 173.21 2
173.21 173.38 0
173.38 174.72 1
174.72 175.02 0
175.02 175.35 2
175.35 175.73 3
175.73 177.16 1
177.16 177.62 3
177.62 177.96 2
177.96 178.08 3
178.08 178.59 1
178.59 178.67 3
178.67 179.39 2
179.39 179.43 3
179.43 179.98 1
179.98 180.27 0
180.27 180.48 2
180.48 181.07 3
181.07 182.50 2
182.50 182.58 0
182.58 184.56 1
184.56 185.02 0
185.02 185.48 2
185.48 185.65 0
185.65 188.76 1
188.76 189.30 0
189.30 198.04 2
198.04 198.13 0
198.13 198.76 1
198.76 198.80 3
198.80 203.63 2
203.63 203.76 3
203.76 204.39 1
204.39 204.47 0
204.47 206.40 2
206.40 206.82 0
206.82 206.91 1
206.91 208.00 3
208.00 210.82 2
210.82 211.03 0
211.03 216.61 1
216.61 216.74 3
216.74 219.05 2
219.05 219.77 3
219.77 221.53 1
221.53 221.66 3
221.66 229.30 2
229.30 230.73 3
230.73 232.54 1
232.54 233.00 0
233.00 233.67 2
233.67 233.97 0
233.97 240.48 1
240.48 241.49 0
241.49 246.99 2
246.99 247.08 3
247.08 247.50 1
247.50 247.62 3
247.62 252.83 2
252.83 253.55 0
253.55 259.93 1
259.93 260.06 3
260.06 260.18 2
260.18 260.56 3
260.56 262.50 1
262.50 263.21 3
263.21 265.68 2
265.68 265.86 3
265.86 265.98 1
265.98 266.31 3
266.31 269.36 2
269.36 269.50 3
269.50 272.37 2
272.37 273.00 0
273.00 273.04 2
273.04 273.46 3
273.46 274.22 2
274.22 274.25 3
274.25 278.17 1
278.17 278.62 0
278.62 280.90 2
280.90 280.98 0
280.98 293.46 1
293.46 293.93 2
293.93 294.00 3
294.00 298.97 1
298.97 299.64 0
299.64 305.81 1
305.81 306.74 0
306.74 308.04 1
308.04 308.37 3
308.37 311.49 1
311.49 311.74 0
311.74 315.98 2
315.98 316.19 3
316.19 316.61 1
316.61 317.29 0
317.29 326.87 2
326.87 327.33 3
327.33 335.73 1
335.73 336.74 0
336.74 339.98 1
339.98 340.56 2
340.56 340.98 0
340.98 341.95 1
341.95 342.08 3
342.08 344.72 2
344.72 345.98 1
345.98 346.19 0
346.19 346.74 2
346.74 346.95 0
346.95 352.96 1
352.96 353.38 0
353.38 354.09 2
354.09 354.14 3
354.14 366.99 1
366.99 367.58 3
367.58 379.39 2
379.39 379.56 0
379.56 380.06 1
380.06 380.27 3
380.27 389.85 2
389.85 390.31 3
390.31 390.48 1
390.48 390.73 3
390.73 396.32 2
396.32 396.74 1
396.74 398.21 3
398.21 398.93 2
398.93 399.01 0
399.01 399.43 1
399.43 399.77 3
399.77 403.76 2
403.76 404.01 0
404.01 404.56 1
404.56 405.10 0
405.10 410.82 2
410.82 411.07 0
411.07 418.80 1
418.80 418.97 0
418.97 419.30 2
419.30 419.51 3
419.51 435.23 1
435.23 435.94 0
435.94 435.98 1
435.98 436.57 3
436.57 441.49 1
441.49 441.53 3
441.53 442.16 2
442.16 442.33 3
442.33 444.85 1
444.85 445.35 3
445.35 446.78 2
446.78 446.99 3
446.99 447.20 1
447.20 447.71 3
447.71 460.35 2
460.35 460.82 3
460.82 462.62 1
462.62 462.71 0
462.71 463.21 2
463.21 467.75 1
467.75 468.09 0
468.09 468.76 2
468.76 473.59 1
473.59 473.72 3
473.72 480.98 2
480.98 481.11 0
481.11 482.71 3
482.71 484.81 2
484.81 485.00 0
485.00 485.47 1
485.47 485.83 0
485.83 488.95 2
488.95 489.09 3
489.09 489.27 1
489.27 489.71 3
489.71 491.73 2
491.73 492.12 0
492.12 492.63 1
492.63 492.79 0
492.79 493.81 2
493.81 494.06 0
494.06 496.27 1
496.27 497.07 2
497.07 497.55 3
497.55 497.98 1
497.98 498.11 3
498.11 500.89 2
500.89 501.22 3
501.22 502.97 1
502.97 503.26 3
503.26 510.62 2
510.62 511.33 0
511.33 519.26 2
519.26 519.49 0
519.49 522.76 2
522.76 523.37 3
523.37 523.87 1
523.87 524.12 3
524.12 532.52 2
532.52 533.48 0
533.48 537.02 2
537.02 537.52 3
537.52 539.59 2
539.59 540.76 0
540.76 541.77 1
541.77 542.05 0
542.05 550.10 2
550.10 551.44 0
551.44 559.39 2
559.39 560.11 0
560.11 568.52 2
568.52 568.98 0
568.98 572.62 1
572.62 573.02 0
573.02 573.67 2
573.67 575.42 3
575.42 576.77 1
576.77 576.86 3
576.86 582.38 2
582.38 582.76 0
582.76 586.22 1
586.22 586.62 0
586.62 587.22 2
587.22 587.37 0
587.37 589.45 1
589.45 589.52 0
589.52 590.43 2
590.43 590.62 0
590.62 591.06 1
591.06 591.10 3
591.10 592.23 2
592.23 592.25 0
592.25 597.84 1
597.84 598.05 3
598.05 599.80 2
599.80 599.82 3
599.82 600.07 1
600.07 600.17 3
600.17 607.58 2
607.58 607.72 0
607.72 607.85 2
607.85 608.43 3
608.43 611.94 2
611.94 612.73 0
612.73 614.98 2
614.98 615.02 3
615.02 615.61 1
615.61 615.73 3
615.73 617.39 2
617.39 617.48 0
617.48 617.77 1
617.77 618.23 0
618.23 619.86 2
619.86 620.47 0
620.47 627.37 1
627.37 627.93 0
627.93 628.28 1
628.28 628.83 3
628.83 631.00 1
631.00 631.21 0
631.21 632.77 2
632.77 633.31 3
633.31 635.71 1
635.71 635.75 0
635.75 636.17 2
636.17 636.21 0
636.21 638.21 1
638.21 638.46 0
638.46 638.92 2
638.92 639.27 0
639.27 640.88 1
640.88 640.95 3
640.95 641.30 2
641.30 641.76 0
641.76 647.64 1
647.64 648.12 0
648.12 651.52 2
651.52 651.89 0
651.89 655.42 1
655.42 655.82 0
655.82 656.30 2
656.30 656.57 3
656.57 662.03 1
662.03 662.41 0
662.41 662.43 2
662.43 662.95 3
662.95 670.71 1
670.71 671.69 0
671.69 672.21 2
672.21 672.33 3
672.33 680.63 1
680.63 680.78 0
680.78 681.18 2
681.18 681.22 3
681.22 691.16 1
691.16 691.60 0
691.60 692.50 2
