0.00 1.99 2
1.99 2.58 0
2.58 3.80 2
3.80 4.18 3
4.18 4.92 2
4.92 5.25 0
5.25 6.80 2
6.80 6.90 0
6.90 7.21 1
7.21 7.25 0
7.25 9.17 2
9.17 10.11 3
10.11 12.51 1
12.51 12.90 3
12.90 16.31 1
16.31 16.69 0
16.69 19.03 1
19.03 19.11 0
19.11 21.85 1
21.85 22.31 3
22.31 36.99 1
36.99 37.03 0
37.03 42.34 1
42.34 42.51 0
42.51 42.92 1
42.92 43.83 3
43.83 45.07 2
45.07 46.39 3
46.39 46.72 1
46.72 48.01 3
48.01 49.68 2
49.68 50.31 3
50.31 51.42 1
51.42 51.80 0
51.80 55.70 1
55.70 55.94 0
55.94 55.97 1
55.97 56.34 3
56.34 59.77 1
59.77 59.90 0
59.90 62.19 1
62.19 62.31 0
62.31 64.56 1
64.56 64.94 3
64.94 67.27 1
67.27 67.34 0
67.34 67.58 1
67.58 68.56 3
68.56 68.90 1
68.90 69.75 3
69.75 73.47 2
73.47 73.49 0
73.49 73.53 2
73.53 73.90 3
73.90 76.53 2
76.53 76.70 0
76.70 77.45 2
77.45 78.28 3
78.28 80.07 2
80.07 80.34 0
80.34 83.33 2
83.33 84.61 3
84.61 84.69 1
84.69 84.84 0
84.84 87.03 2
87.03 87.34 1
87.34 88.61 3
88.61 93.19 2
93.19 93.20 0
93.20 95.92 2
95.92 96.30 3
96.30 96.36 2
96.36 96.45 0
96.45 100.97 2
100.97 103.22 3
103.22 104.06 1
104.06 104.82 3
104.82 104.95 1
104.95 105.02 0
105.02 108.72 1
108.72 109.10 0
109.10 110.09 1
110.09 110.70 3
110.70 111.74 1
111.74 111.84 0
111.84 112.33 1
112.33 112.80 3
112.80 116.50 1
116.50 116.66 3
116.66 123.00 2
123.00 123.02 0
123.02 123.16 2
123.16 123.40 3
123.40 123.67 2
123.67 124.04 0
124.04 124.84 2
124.84 125.15 0
125.15 127.78 2
127.78 127.97 3
127.97 127.99 1
127.99 128.25 3
128.25 128.90 2
128.90 129.09 3
129.09 131.13 2
131.13 131.74 0
131.74 133.98 2
133.98 134.36 3
134.36 137.91 2
137.91 137.93 0
137.93 143.52 1
143.52 143.99 3
143.99 144.03 2
144.03 144.08 3
144.08 148.04 1
148.04 148.19 3
148.19 148.24 2
148.24 148.55 3
148.55 153.10 1
153.10 153.20 0
153.20 155.07 1
155.07 155.38 0
155.38 155.41 1
155.41 155.87 3
155.87 156.20 1
156.20 156.60 0
156.60 161.09 1
161.09 161.14 0
161.14 162.36 1
162.36 162.51 3
162.51 162.94 2
162.94 163.19 0
163.19 167.62 1
167.62 168.14 0
168.14 170.88 1
170.88 171.39 0
171.39 174.02 1
174.02 174.40 0
174.40 176.28 1
176.28 176.33 0
176.33 180.74 1
180.74 181.07 0
181.07 183.44 1
183.44 183.60 0
183.60 185.01 1
185.01 185.52 0
185.52 186.11 1
186.11 187.16 0
187.16 189.82 1
189.82 190.07 0
190.07 194.36 1
194.36 194.76 0
194.76 195.35 1
195.35 195.53 3
195.53 195.84 1
195.84 195.89 0
195.89 198.34 1
198.34 198.40 0
198.40 202.16 1
202.16 202.51 3
202.51 202.74 2
202.74 203.11 0
203.11 205.78 1
205.78 205.94 0
205.94 211.78 1
211.78 211.97 3
211.97 212.18 2
212.18 212.28 0
212.28 212.79 1
212.79 213.16 0
213.16 216.61 1
216.61 217.69 3
217.69 218.48 1
218.48 218.67 3
218.67 224.34 2
224.34 224.68 0
224.68 226.20 2
226.20 226.31 0
226.31 226.76 1
226.76 226.80 3
226.80 229.83 2
229.83 230.04 0
230.04 230.32 1
230.32 230.45 3
230.45 231.52 2
231.52 231.56 0
231.56 232.56 1
232.56 232.57 3
232.57 232.79 2
232.79 232.96 0
232.96 237.22 1
237.22 238.04 0
238.04 241.00 1
241.00 241.36 3
241.36 242.09 1
242.09 242.15 0
242.15 244.17 1
244.17 244.25 0
244.25 247.40 1
247.40 247.86 3
247.86 250.24 2
250.24 250.42 3
250.42 250.78 1
250.78 251.27 0
251.27 252.69 2
252.69 252.79 0
252.79 252.99 1
252.99 253.18 3
253.18 257.06 2
257.06 257.11 0
257.11 257.40 1
257.40 259.69 2
259.69 259.77 3
259.77 259.95 1
259.95 260.50 3
260.50 261.21 2
261.21 261.91 3
261.91 262.05 2
262.05 262.36 0
262.36 263.30 1
263.30 263.50 0
263.50 264.48 1
264.48 264.58 0
264.58 266.90 1
266.90 267.18 3
267.18 267.57 1
267.57 267.66 0
267.66 273.13 1
273.13 273.19 0
273.19 273.41 2
273.41 273.61 3
273.61 276.73 1
276.73 276.81 0
276.81 278.29 1
278.29 278.57 0
278.57 282.25 1
282.25 282.77 0
282.77 284.19 1
284.19 284.59 0
284.59 286.33 1
286.33 286.39 0
286.39 289.46 1
289.46 290.08 0
290.08 292.15 1
292.15 292.43 0
292.43 294.23 1
294.23 294.35 0
294.35 297.82 1
297.82 297.90 0
297.90 297.94 1
297.94 298.24 3
298.24 302.58 1
302.58 303.06 0
303.06 308.41 2
308.41 308.70 0
308.70 310.47 2
310.47 311.55 3
311.55 312.27 1
312.27 312.40 3
312.40 313.39 2
313.39 313.62 0
313.62 317.68 2
317.68 318.07 0
318.07 321.47 2
321.47 321.55 0
321.55 321.68 2
321.68 321.78 3
321.78 324.82 2
324.82 325.30 0
325.30 326.69 2
326.69 326.97 3
326.97 328.49 2
328.49 328.98 3
328.98 329.57 2
329.57 329.61 0
329.61 329.87 1
329.87 330.16 0
330.16 332.77 1
332.77 333.25 0
333.25 338.61 1
338.61 338.74 0
338.74 343.81 1
343.81 344.28 0
344.28 344.30 2
344.30 344.60 3
344.60 346.69 1
346.69 346.82 0
346.82 349.60 1
349.60 350.68 3
350.68 350.74 1
350.74 351.11 0
351.11 356.60 1
356.60 357.24 0
357.24 358.29 2
358.29 358.70 3
358.70 362.35 2
362.35 362.44 3
362.44 362.72 1
362.72 363.06 3
363.06 366.90 2
366.90 367.24 0
367.24 373.74 2
373.74 373.79 0
373.79 375.91 2
375.91 375.97 0
375.97 380.10 2
380.10 380.14 0
380.14 380.49 1
380.49 380.55 0
380.55 381.05 2
381.05 381.24 3
381.24 381.55 2
381.55 381.86 3
381.86 384.99 1
384.99 385.47 0
385.47 392.59 1
392.59 393.07 0
393.07 393.17 2
393.17 393.43 3
393.43 396.99 1
396.99 397.49 0
397.49 401.02 1
401.02 401.24 0
401.24 402.32 1
402.32 402.70 0
402.70 403.02 2
403.02 403.19 3
403.19 408.25 1
408.25 408.59 0
408.59 411.39 1
411.39 411.50 0
411.50 411.68 2
411.68 418.04 3
418.04 418.27 2
418.27 418.35 3
418.35 421.50 1
421.50 422.17 3
422.17 422.69 2
422.69 422.99 3
422.99 426.11 2
426.11 426.39 3
426.39 430.44 1
430.44 430.86 3
430.86 431.43 1
431.43 431.45 0
431.45 431.85 1
431.85 432.18 3
432.18 434.01 1
434.01 434.14 0
434.14 434.38 2
434.38 435.02 3
435.02 439.02 1
439.02 439.52 0
439.52 440.56 1
440.56 440.68 3
440.68 443.59 2
443.59 444.03 0
444.03 444.19 1
444.19 444.61 3
444.61 445.69 2
445.69 445.74 3
445.74 447.01 1
447.01 447.42 3
447.42 447.80 2
447.80 447.84 3
447.84 450.01 1
450.01 450.99 3
450.99 452.08 2
452.08 452.14 3
452.14 452.68 1
452.68 452.76 0
452.76 453.58 2
453.58 454.31 0
454.31 454.33 2
454.33 454.68 3
454.68 456.81 1
456.81 457.35 3
457.35 459.46 1
459.46 459.85 3
459.85 462.98 2
462.98 464.17 3
464.17 466.26 2
466.26 466.53 0
466.53 468.50 1
468.50 468.93 3
468.93 470.17 1
470.17 470.33 3
470.33 473.35 2
473.35 473.46 0
473.46 473.77 1
473.77 473.99 0
473.99 479.53 2
479.53 479.64 0
479.64 479.69 2
479.69 479.96 3
479.96 481.03 2
481.03 481.29 0
481.29 481.62 1
481.62 481.71 3
481.71 487.52 2
487.52 487.67 0
487.67 488.03 1
488.03 488.29 0
488.29 494.17 2
494.17 494.29 0
494.29 494.67 1
494.67 495.13 0
495.13 499.13 2
499.13 499.27 0
499.27 499.73 1
499.73 500.01 0
500.01 507.33 2
507.33 507.35 3
507.35 507.67 1
507.67 508.01 0
508.01 508.11 2
508.11 508.54 3
508.54 516.32 1
516.32 516.59 3
516.59 521.06 1
521.06 521.18 3
521.18 524.80 2
524.80 525.11 0
525.11 533.01 2
533.01 533.29 3
533.29 533.34 2
533.34 534.00 0
534.00 537.56 2
537.56 537.84 3
537.84 540.15 2
540.15 540.38 0
540.38 540.59 1
540.59 540.71 3
540.71 542.83 2
542.83 543.31 0
543.31 550.42 2
550.42 551.10 3
551.10 552.00 2
552.00 552.28 0
552.28 554.95 2
554.95 555.02 0
555.02 555.20 1
555.20 555.32 3
555.32 561.66 2
561.66 561.71 0
561.71 562.11 1
562.11 562.39 0
562.39 563.97 2
563.97 565.05 0
565.05 565.12 2
565.12 565.59 3
565.59 565.99 2
565.99 566.14 3
566.14 568.97 1
568.97 569.25 3
569.25 569.50 1
569.50 569.58 0
569.58 574.86 1
574.86 575.05 3
575.05 577.10 2
577.10 577.38 3
577.38 581.39 2
581.39 582.59 3
582.59 583.25 1
583.25 583.77 3
583.77 584.33 2
584.33 584.43 3
584.43 586.74 1
586.74 587.02 3
587.02 587.19 2
587.19 589.64 3
589.64 591.41 1
591.41 592.14 0
592.14 599.42 1
599.42 600.86 2
