0.00 4.72 2
4.72 5.64 0
5.64 6.53 1
6.53 6.60 3
6.60 8.55 2
8.55 9.27 0
9.27 12.80 2
12.80 13.07 3
13.07 16.70 1
16.70 16.76 3
16.76 17.11 2
17.11 17.98 0
17.98 18.75 2
18.75 19.13 0
19.13 19.40 1
19.40 19.90 0
19.90 22.47 2
22.47 23.15 0
23.15 29.21 2
29.21 29.65 0
29.65 30.68 2
30.68 30.78 0
30.78 31.04 1
31.04 31.55 0
31.55 31.71 2
31.71 32.25 0
32.25 32.82 1
32.82 33.87 0
33.87 37.18 2
37.18 38.28 0
38.28 38.57 1
38.57 38.71 0
38.71 40.94 2
40.94 41.44 3
41.44 43.09 1
43.09 44.65 0
44.65 46.49 2
46.49 47.21 0
47.21 48.55 2
48.55 50.65 0
50.65 51.14 1
51.14 52.21 0
52.21 52.47 1
52.47 52.83 0
52.83 52.92 2
52.92 53.37 3
53.37 54.08 1
54.08 54.61 0
54.61 54.90 1
54.90 56.25 0
56.25 57.31 1
57.31 58.23 3
58.23 59.31 1
59.31 59.43 3
59.43 60.66 2
60.66 61.09 0
61.09 61.42 1
61.42 62.00 0
62.00 63.53 2
63.53 63.81 3
63.81 65.43 1
65.43 66.35 0
66.35 66.37 1
66.37 67.17 3
67.17 68.75 1
68.75 69.97 3
69.97 70.62 2
70.62 70.87 3
70.87 74.90 1
74.90 75.04 0
75.04 75.62 2
75.62 76.77 0
76.77 77.47 2
77.47 78.45 0
78.45 79.81 1
79.81 79.95 0
79.95 81.17 2
81.17 81.97 0
81.97 83.06 1
83.06 83.73 0
83.73 85.39 1
85.39 86.20 0
86.20 87.52 2
87.52 88.18 0
88.18 88.46 1
88.46 89.16 0
89.16 89.50 2
89.50 90.00 0
90.00 90.31 2
90.31 92.59 0
92.59 93.55 2
93.55 93.92 0
93.92 94.11 1
94.11 95.08 0
95.08 95.46 1
95.46 95.80 0
95.80 96.31 2
96.31 96.36 3
96.36 96.73 1
96.73 97.00 0
97.00 97.31 2
97.31 98.11 0
98.11 98.62 2
98.62 99.23 0
99.23 99.46 1
99.46 99.80 0
99.80 101.81 2
101.81 102.73 0
102.73 103.18 1
103.18 103.25 0
103.25 105.55 2
105.55 106.27 0
106.27 107.67 2
107.67 108.84 0
108.84 109.53 1
109.53 109.67 0
109.67 110.37 2
110.37 111.37 0
111.37 111.56 1
111.56 111.72 3
111.72 113.43 2
113.43 113.48 3
113.48 114.06 1
114.06 114.17 0
114.17 114.41 2
114.41 114.79 0
114.79 115.77 1
115.77 116.10 0
116.10 116.96 2
116.96 117.24 0
117.24 119.43 1
119.43 119.97 0
119.97 121.35 2
121.35 121.93 0
121.93 122.65 2
122.65 122.75 3
122.75 122.87 1
122.87 123.62 0
123.62 124.05 2
124.05 125.81 0
125.81 125.85 2
125.85 126.06 3
126.06 126.45 0
126.45 126.80 2
126.80 126.97 0
126.97 127.31 1
127.31 127.92 0
127.92 128.15 2
128.15 128.36 0
128.36 128.62 1
128.62 129.03 0
129.03 131.12 2
131.12 131.45 3
131.45 131.63 2
131.63 133.06 0
133.06 134.49 1
134.49 134.88 0
134.88 137.11 2
137.11 137.48 0
137.48 137.91 1
137.91 139.52 0
139.52 140.24 2
140.24 140.45 3
140.45 140.54 1
140.54 141.51 0
141.51 141.89 1
141.89 142.90 0
142.90 144.78 1
144.78 145.69 0
145.69 145.77 2
145.77 146.48 3
146.48 146.92 1
146.92 147.28 3
147.28 148.25 1
148.25 149.38 0
149.38 152.44 2
152.44 152.94 0
152.94 153.87 1
153.87 154.46 0
154.46 154.74 1
154.74 155.06 3
155.06 155.61 1
155.61 156.19 0
156.19 156.89 2
156.89 157.96 0
157.96 159.62 1
159.62 159.66 3
159.66 160.24 2
160.24 161.10 0
161.10 163.70 1
163.70 163.73 3
163.73 164.11 2
164.11 164.33 0
164.33 165.13 1
165.13 165.39 3
165.39 167.19 1
167.19 167.41 0
167.41 167.93 1
167.93 168.29 0
168.29 168.39 2
168.39 168.55 3
168.55 170.06 1
170.06 170.16 0
170.16 170.75 2
170.75 170.94 3
170.94 172.98 1
172.98 173.72 0
173.72 174.49 2
174.49 174.60 3
174.60 175.44 1
175.44 175.96 0
175.96 176.17 1
176.17 176.50 0
176.50 178.87 1
178.87 179.20 0
179.20 179.43 2
179.43 179.52 3
179.52 180.40 1
180.40 180.98 0
180.98 182.66 1
182.66 183.40 0
183.40 184.76 1
184.76 186.20 0
186.20 188.16 1
188.16 188.37 0
188.37 191.03 1
191.03 191.07 0
191.07 191.44 2
191.44 191.53 3
191.53 193.37 1
193.37 193.95 0
193.95 194.22 1
194.22 194.59 0
194.59 197.34 1
197.34 198.96 0
198.96 200.24 1
200.24 200.52 0
200.52 201.21 2
201.21 203.42 0
203.42 204.59 2
204.59 205.50 0
205.50 206.16 1
206.16 207.08 0
207.08 208.28 1
208.28 209.00 0
209.00 209.50 2
209.50 212.68 0
212.68 213.40 2
213.40 213.56 0
213.56 213.97 1
213.97 214.60 3
214.60 214.74 1
214.74 217.31 0
217.31 217.52 2
217.52 217.65 3
217.65 219.62 1
219.62 219.67 0
219.67 220.34 2
220.34 221.18 0
221.18 221.75 1
221.75 221.98 3
221.98 222.19 1
222.19 222.92 0
222.92 224.84 2
224.84 226.17 0
226.17 226.41 1
226.41 226.97 0
226.97 227.15 2
227.15 227.36 0
227.36 228.36 1
228.36 228.48 3
228.48 229.51 2
229.51 230.34 0
230.34 231.33 1
231.33 232.61 0
232.61 234.34 1
234.34 235.00 0
235.00 238.57 1
238.57 239.39 0
239.39 239.51 2
239.51 239.75 3
239.75 241.46 1
241.46 242.03 0
242.03 244.39 1
244.39 244.78 0
244.78 245.14 2
245.14 245.21 0
245.21 245.67 1
245.67 246.78 0
246.78 247.12 2
247.12 247.58 0
247.58 247.86 1
247.86 248.50 0
248.50 250.40 2
250.40 250.67 0
250.67 251.31 1
251.31 251.62 3
251.62 251.63 1
251.63 252.13 0
252.13 254.11 1
254.11 254.40 0
254.40 254.63 2
254.63 254.93 0
254.93 257.19 1
257.19 257.23 3
257.23 257.57 2
257.57 258.03 3
258.03 259.10 1
259.10 259.56 0
259.56 261.06 1
261.06 261.47 3
261.47 262.17 2
262.17 262.72 0
262.72 263.73 1
263.73 266.62 0
266.62 266.92 2
266.92 267.58 0
267.58 269.59 1
269.59 270.26 0
270.26 270.74 2
270.74 270.85 3
270.85 272.42 1
272.42 273.63 0
273.63 274.31 1
274.31 274.65 0
274.65 274.82 1
274.82 275.23 3
275.23 276.23 1
276.23 278.00 0
278.00 278.01 1
278.01 278.31 3
278.31 278.49 1
278.49 278.90 0
278.90 279.12 2
279.12 279.29 3
279.29 279.43 2
279.43 279.91 0
279.91 281.22 1
281.22 282.35 0
282.35 283.58 2
283.58 283.70 3
283.70 285.51 1
285.51 285.72 0
285.72 286.30 2
286.30 286.47 3
286.47 287.22 1
287.22 288.55 0
288.55 289.16 1
289.16 289.67 0
289.67 292.26 1
292.26 292.63 0
292.63 293.80 1
293.80 294.57 0
294.57 296.31 1
296.31 296.34 0
296.34 297.18 2
297.18 297.54 3
297.54 298.60 1
298.60 298.70 0
298.70 299.32 2
299.32 299.42 3
299.42 300.64 1
300.64 301.31 3
301.31 302.15 2
302.15 302.45 0
302.45 302.69 1
