0.00 4.64 2
4.64 5.27 0
5.27 7.78 2
7.78 8.05 0
8.05 10.14 1
10.14 10.21 3
10.21 10.99 2
10.99 11.41 3
11.41 12.50 2
12.50 12.87 3
12.87 14.97 1
14.97 15.30 3
15.30 16.37 2
16.37 16.81 3
16.81 17.38 1
17.38 17.59 0
17.59 18.65 2
18.65 18.86 3
18.86 21.35 1
21.35 21.74 3
21.74 22.29 1
22.29 22.45 3
22.45 24.42 2
24.42 24.73 3
24.73 24.93 1
24.93 25.67 0
25.67 25.84 1
25.84 26.15 3
26.15 27.09 1
27.09 27.60 3
27.60 30.32 1
30.32 31.23 0
31.23 32.19 1
32.19 32.42 0
32.42 32.60 1
32.60 32.81 3
32.81 33.84 1
33.84 34.03 3
34.03 34.30 2
34.30 34.36 0
34.36 35.83 1
35.83 35.96 3
35.96 40.34 2
40.34 40.47 0
40.47 45.06 2
45.06 45.31 0
45.31 45.68 1
45.68 45.69 3
45.69 50.32 2
50.32 50.91 0
50.91 55.30 2
55.30 55.61 0
55.61 56.12 1
56.12 56.76 3
56.76 57.47 1
57.47 57.55 0
57.55 62.11 2
62.11 62.13 0
62.13 62.56 1
62.56 62.77 0
62.77 63.59 2
63.59 63.89 0
63.89 66.83 2
66.83 67.34 0
67.34 68.05 1
68.05 68.15 3
68.15 75.93 2
75.93 76.23 0
76.23 76.57 1
76.57 76.93 0
76.93 80.41 2
80.41 81.09 0
81.09 86.13 2
86.13 86.19 3
86.19 89.48 1
89.48 89.57 3
89.57 89.85 2
89.85 90.95 3
90.95 92.66 2
92.66 93.22 0
93.22 93.89 2
93.89 94.23 0
94.23 99.68 2
99.68 100.07 0
100.07 100.48 1
100.48 100.50 3
100.50 103.22 2
103.22 103.69 0
103.69 106.97 2
106.97 107.24 0
107.24 108.32 2
108.32 108.88 0
108.88 110.49 2
110.49 111.27 0
111.27 113.16 2
113.16 113.33 0
113.33 113.58 2
113.58 113.78 3
113.78 115.71 1
115.71 115.80 3
115.80 120.36 2
120.36 121.05 0
121.05 125.87 2
125.87 126.35 0
126.35 126.55 1
126.55 126.92 3
126.92 128.54 2
128.54 129.15 0
129.15 133.56 2
133.56 134.03 0
134.03 138.91 2
138.91 139.09 0
139.09 139.74 1
139.74 139.81 3
139.81 141.54 2
141.54 141.98 3
141.98 144.30 1
144.30 144.43 0
144.43 146.33 2
146.33 146.60 0
146.60 146.96 1
146.96 147.03 0
147.03 147.72 2
147.72 148.21 3
148.21 150.70 1
150.70 150.93 3
150.93 154.25 2
154.25 154.49 0
154.49 155.05 2
155.05 155.22 0
155.22 155.58 1
155.58 156.15 0
156.15 158.65 2
158.65 159.42 0
159.42 161.36 2
161.36 161.45 3
161.45 162.18 1
162.18 162.36 3
162.36 164.99 2
164.99 165.29 0
165.29 167.36 2
167.36 168.24 0
168.24 169.48 2
169.48 169.66 3
169.66 171.62 1
171.62 171.74 3
171.74 174.36 2
174.36 174.50 0
174.50 177.19 2
177.19 177.86 0
177.86 179.17 2
179.17 179.40 0
179.40 182.22 2
182.22 182.47 0
182.47 182.84 1
182.84 182.94 3
182.94 184.03 2
184.03 184.57 0
184.57 189.75 2
189.75 190.64 0
190.64 193.25 2
193.25 194.04 3
194.04 195.14 1
195.14 195.34 3
195.34 196.79 2
196.79 196.81 3
196.81 197.43 1
197.43 197.67 3
197.67 198.11 1
198.11 198.32 3
198.32 201.05 2
201.05 201.27 0
201.27 202.83 2
202.83 203.61 0
203.61 206.28 2
206.28 206.70 0
206.70 210.46 2
210.46 211.58 0
211.58 211.71 2
211.71 213.24 3
213.24 213.48 1
213.48 213.79 0
213.79 216.18 1
216.18 216.42 0
216.42 217.24 1
217.24 217.36 3
217.36 217.79 2
217.79 217.87 3
217.87 218.21 1
218.21 218.37 3
218.37 219.28 2
219.28 219.41 3
219.41 224.30 2
224.30 224.48 0
224.48 226.30 1
226.30 226.36 0
226.36 226.59 2
226.59 227.36 3
227.36 228.06 1
228.06 228.30 3
228.30 228.82 1
228.82 228.89 0
228.89 229.52 2
229.52 229.80 0
229.80 231.82 2
231.82 232.09 3
232.09 232.48 1
232.48 233.07 3
233.07 233.42 1
233.42 233.53 3
233.53 238.52 2
238.52 239.34 0
239.34 239.66 1
239.66 239.70 3
239.70 242.21 2
242.21 242.50 3
242.50 243.90 1
243.90 243.94 0
243.94 249.30 2
249.30 250.04 0
250.04 250.99 2
250.99 251.24 0
251.24 253.41 2
253.41 253.71 0
253.71 256.95 2
256.95 257.59 0
257.59 258.77 2
258.77 259.03 0
259.03 262.92 2
262.92 263.65 0
263.65 267.07 2
267.07 267.70 0
267.70 269.32 2
269.32 269.73 0
269.73 269.98 1
269.98 270.06 3
270.06 274.77 2
274.77 274.94 0
274.94 276.35 2
276.35 277.05 0
277.05 277.99 2
277.99 278.74 0
278.74 285.20 2
285.20 285.51 0
285.51 285.65 1
285.65 285.75 3
285.75 285.97 2
285.97 286.56 0
286.56 291.71 2
291.71 292.04 0
292.04 292.26 2
292.26 293.66 3
293.66 295.41 1
295.41 295.51 3
295.51 295.81 2
295.81 296.17 3
296.17 296.44 1
296.44 296.92 3
296.92 299.89 2
299.89 300.16 0
300.16 300.71 1
300.71 301.15 3
301.15 303.33 2
303.33 303.45 0
303.45 305.48 2
305.48 305.82 0
305.82 306.73 2
306.73 307.00 3
307.00 308.27 1
308.27 308.42 3
308.42 311.27 2
311.27 311.35 0
311.35 313.06 1
313.06 314.77 3
314.77 315.35 2
315.35 315.55 0
315.55 316.05 1
316.05 316.27 3
316.27 320.58 2
320.58 321.47 0
321.47 322.83 2
322.83 323.30 3
323.30 323.73 1
323.73 324.00 3
324.00 324.22 2
324.22 324.60 0
324.60 326.56 2
326.56 326.96 0
326.96 327.65 2
327.65 327.93 0
327.93 328.10 2
328.10 328.21 3
328.21 328.51 1
328.51 329.02 0
329.02 334.16 2
334.16 334.97 0
334.97 335.93 1
335.93 336.51 3
336.51 336.81 1
336.81 336.90 0
336.90 339.89 2
339.89 340.39 0
340.39 342.47 2
342.47 342.54 3
342.54 343.06 1
343.06 343.32 3
343.32 346.20 1
346.20 346.62 0
346.62 347.18 2
347.18 347.60 0
347.60 352.98 2
352.98 353.64 0
353.64 353.95 1
353.95 353.99 3
353.99 355.79 2
355.79 356.28 3
356.28 359.47 1
359.47 359.63 3
359.63 359.81 2
359.81 360.24 0
360.24 362.10 2
362.10 362.33 0
362.33 364.26 2
364.26 365.00 0
365.00 367.38 2
367.38 367.65 3
367.65 367.91 1
367.91 368.45 3
368.45 368.78 2
368.78 369.29 0
369.29 375.03 2
375.03 375.62 0
375.62 376.34 2
376.34 376.87 0
376.87 377.25 1
377.25 377.26 0
377.26 378.90 2
378.90 379.23 0
379.23 381.01 2
381.01 381.62 0
381.62 382.38 2
382.38 382.98 0
382.98 388.02 2
388.02 388.63 0
388.63 392.26 2
392.26 392.46 0
392.46 393.41 2
393.41 393.79 0
393.79 395.95 2
395.95 396.17 0
396.17 398.27 2
398.27 398.91 0
398.91 401.37 2
401.37 401.84 0
401.84 404.23 2
404.23 404.24 3
404.24 405.25 1
405.25 405.53 3
405.53 407.06 1
407.06 407.23 3
407.23 408.02 2
408.02 408.50 3
408.50 409.81 1
409.81 409.90 0
409.90 410.48 2
410.48 410.61 0
410.61 410.73 1
410.73 411.18 3
411.18 411.71 2
411.71 412.02 0
412.02 418.45 2
418.45 418.98 0
418.98 421.25 2
421.25 421.86 0
421.86 423.09 2
423.09 423.57 0
423.57 427.49 2
427.49 428.15 0
428.15 429.86 2
429.86 430.18 0
430.18 436.17 2
436.17 437.01 0
437.01 439.53 2
439.53 439.89 0
439.89 440.10 1
440.10 440.23 0
440.23 445.71 2
445.71 445.78 0
445.78 450.55 2
450.55 451.30 0
451.30 453.12 2
453.12 453.46 0
453.46 456.41 2
456.41 457.04 0
457.04 458.21 2
458.21 458.79 0
458.79 464.44 2
464.44 464.62 3
464.62 464.75 2
464.75 465.37 0
465.37 465.51 1
465.51 465.71 3
465.71 467.31 1
467.31 467.38 3
467.38 471.26 2
471.26 471.97 0
471.97 474.68 2
474.68 474.76 0
474.76 475.28 1
475.28 475.38 3
475.38 476.39 2
476.39 476.56 0
476.56 480.73 2
480.73 481.63 0
481.63 484.19 2
484.19 484.88 0
484.88 486.03 2
486.03 486.33 0
486.33 488.63 2
488.63 489.25 0
489.25 489.71 1
489.71 489.72 3
489.72 491.97 2
491.97 492.58 0
492.58 493.65 2
493.65 493.94 0
493.94 496.43 2
496.43 496.56 0
496.56 496.88 2
496.88 497.31 3
497.31 497.67 1
497.67 497.76 0
497.76 498.89 2
498.89 499.18 3
499.18 499.94 1
499.94 500.59 3
500.59 501.71 2
501.71 502.02 3
502.02 502.16 1
502.16 502.21 0
502.21 504.01 2
504.01 504.66 0
504.66 505.49 2
505.49 506.15 0
506.15 513.74 2
513.74 514.53 0
514.53 519.86 2
519.86 520.60 0
520.60 522.11 2
522.11 522.39 0
522.39 524.35 2
524.35 525.19 0
525.19 528.99 2
528.99 529.95 0
529.95 535.59 2
535.59 536.21 0
536.21 539.32 2
539.32 539.70 0
539.70 540.07 1
540.07 540.11 0
540.11 542.69 2
542.69 543.24 0
543.24 545.40 2
545.40 545.55 0
545.55 546.25 2
546.25 547.24 0
547.24 548.52 2
548.52 549.14 0
549.14 551.44 2
551.44 551.92 0
551.92 553.49 2
553.49 553.75 0
553.75 556.76 2
556.76 557.38 0
557.38 560.44 2
560.44 561.34 3
561.34 563.65 1
563.65 564.08 0
564.08 566.75 1
566.75 567.04 0
567.04 569.55 2
569.55 569.66 0
569.66 569.98 1
569.98 570.08 3
570.08 574.52 2
574.52 574.95 3
574.95 575.55 2
575.55 576.25 0
576.25 577.81 2
577.81 578.12 0
578.12 580.33 2
580.33 580.39 3
580.39 580.92 1
580.92 581.25 0
581.25 584.96 2
584.96 585.60 0
585.60 587.90 2
587.90 588.50 3
588.50 589.49 1
589.49 589.62 3
589.62 590.60 2
590.60 590.96 0
590.96 594.64 2
594.64 595.28 0
595.28 596.13 2
596.13 596.29 3
596.29 599.51 1
599.51 600.25 3
600.25 603.17 2
