0.00 0.77 2
0.77 1.30 3
1.30 4.33 2
4.33 4.41 3
4.41 4.75 1
4.75 4.82 0
4.82 7.03 2
7.03 7.26 3
7.26 7.49 1
7.49 7.53 0
7.53 10.04 2
10.04 10.09 0
10.09 13.57 2
13.57 13.58 0
13.58 14.05 1
14.05 15.73 3
15.73 17.11 2
17.11 17.23 0
17.23 20.09 2
20.09 20.34 0
20.34 23.88 2
23.88 24.03 3
24.03 24.48 1
24.48 24.66 0
24.66 25.02 2
25.02 25.39 3
25.39 27.54 1
27.54 27.74 3
27.74 28.20 2
28.20 28.34 3
28.34 28.57 1
28.57 28.86 3
28.86 29.10 2
29.10 29.24 0
29.24 31.13 1
31.13 31.17 0
31.17 31.58 2
31.58 31.64 0
31.64 31.91 1
31.91 32.38 3
32.38 32.44 2
32.44 32.67 3
32.67 33.45 1
33.45 33.55 3
33.55 38.38 2
38.38 38.73 3
38.73 44.61 1
44.61 44.63 0
44.63 44.66 2
44.66 44.91 3
44.91 46.08 1
46.08 46.18 0
46.18 46.37 2
46.37 46.57 3
46.57 48.22 1
48.22 48.37 3
48.37 48.69 2
48.69 48.78 3
48.78 51.57 1
51.57 51.64 3
51.64 51.69 2
51.69 52.08 3
52.08 53.25 1
53.25 53.50 3
53.50 53.57 2
53.57 53.64 3
53.64 56.17 1
56.17 56.29 0
56.29 56.38 2
56.38 56.66 3
56.66 58.57 1
58.57 59.53 3
59.53 59.64 1
59.64 59.69 0
59.69 63.86 1
63.86 64.02 3
64.02 65.41 2
65.41 65.61 3
65.61 70.18 1
70.18 70.20 0
70.20 72.45 1
72.45 72.61 3
72.61 72.64 2
72.64 73.06 3
73.06 76.47 1
76.47 76.95 0
76.95 77.63 2
77.63 77.84 3
77.84 79.36 1
79.36 79.37 0
79.37 80.33 2
80.33 81.84 3
81.84 85.16 1
85.16 85.21 3
85.21 86.24 2
86.24 87.30 3
87.30 88.04 1
88.04 89.40 3
89.40 91.54 2
91.54 91.55 0
91.55 94.47 2
94.47 94.75 3
94.75 95.20 2
95.20 95.25 0
95.25 96.88 2
96.88 97.95 3
97.95 98.04 1
98.04 98.71 3
98.71 103.37 2
103.37 103.64 3
103.64 103.73 1
103.73 103.77 3
103.77 104.84 2
104.84 108.35 3
108.35 109.99 2
109.99 110.13 3
110.13 113.99 1
113.99 114.28 0
114.28 116.23 1
116.23 116.33 3
116.33 116.39 2
116.39 117.31 3
117.31 118.88 1
118.88 119.44 3
119.44 119.73 2
119.73 119.89 3
119.89 123.16 1
123.16 123.53 3
123.53 124.21 1
124.21 124.30 0
124.30 125.09 1
125.09 125.15 3
125.15 125.55 2
125.55 125.65 3
125.65 129.58 1
129.58 129.60 2
129.60 130.00 3
130.00 130.53 1
130.53 130.67 0
130.67 131.16 2
131.16 131.24 3
131.24 137.16 1
137.16 137.18 3
137.18 137.43 2
137.43 137.68 3
137.68 139.02 1
139.02 139.45 0
139.45 143.14 1
143.14 143.17 0
143.17 144.43 1
144.43 144.81 3
144.81 146.15 1
146.15 146.25 0
146.25 148.20 1
148.20 148.31 3
148.31 148.33 2
148.33 148.60 3
148.60 150.53 1
150.53 150.60 0
150.60 150.81 2
150.81 151.05 3
151.05 153.33 1
153.33 153.53 0
153.53 158.43 1
158.43 158.60 0
158.60 158.92 2
158.92 159.00 3
159.00 159.62 1
159.62 160.10 0
160.10 160.43 2
160.43 160.62 3
160.62 161.31 1
161.31 161.45 0
161.45 161.47 1
161.47 161.89 3
161.89 163.71 1
163.71 164.60 3
164.60 165.62 2
165.62 165.89 0
165.89 166.27 1
166.27 166.36 0
166.36 166.41 2
166.41 166.68 3
166.68 169.81 1
169.81 170.04 3
170.04 170.18 2
170.18 170.23 0
170.23 172.53 1
172.53 172.81 3
172.81 173.00 2
173.00 173.03 3
173.03 173.74 1
173.74 174.17 0
174.17 174.50 2
174.50 174.81 3
174.81 175.23 1
175.23 175.31 0
175.31 177.90 2
177.90 178.09 3
178.09 183.20 1
183.20 183.67 3
183.67 183.68 2
183.68 183.71 3
183.71 186.39 1
186.39 186.62 3
186.62 186.72 2
186.72 186.81 3
186.81 189.55 1
189.55 189.56 3
189.56 189.60 2
189.60 189.68 3
189.68 191.45 1
191.45 191.54 2
191.54 192.28 3
192.28 192.68 1
192.68 192.74 3
192.74 192.77 2
192.77 193.99 3
193.99 195.49 1
195.49 195.79 3
195.79 196.39 2
196.39 196.56 3
196.56 197.23 1
197.23 197.43 0
197.43 199.00 2
199.00 199.08 3
199.08 200.08 1
200.08 200.20 3
200.20 200.21 2
200.21 200.49 3
200.49 203.78 1
203.78 204.06 3
204.06 204.43 2
204.43 204.68 3
204.68 204.87 1
204.87 204.92 3
204.92 204.93 2
204.93 205.03 3
205.03 205.31 1
205.31 205.48 3
205.48 205.50 2
205.50 205.60 3
205.60 205.73 1
205.73 205.80 3
205.80 205.86 2
205.86 205.99 3
205.99 206.10 1
206.10 208.25 3
208.25 208.38 1
208.38 208.52 0
208.52 208.54 1
208.54 208.83 3
208.83 208.98 2
208.98 209.01 3
209.01 210.06 1
210.06 210.20 3
210.20 210.61 2
210.61 211.01 3
211.01 212.67 1
212.67 212.87 0
212.87 213.51 2
213.51 213.80 3
213.80 214.41 1
214.41 214.56 3
214.56 214.86 2
214.86 215.06 3
215.06 216.26 1
216.26 216.31 0
216.31 217.01 2
217.01 217.31 3
217.31 217.62 1
217.62 218.08 0
218.08 218.67 2
218.67 218.83 3
218.83 219.34 1
219.34 219.49 0
219.49 219.74 2
219.74 220.01 3
220.01 221.87 1
221.87 221.95 3
221.95 222.71 2
222.71 223.21 3
223.21 223.60 1
223.60 224.28 0
224.28 225.60 2
225.60 226.54 0
226.54 228.72 1
228.72 228.75 0
228.75 229.42 2
229.42 229.60 3
229.60 233.65 1
233.65 233.67 0
233.67 236.15 1
236.15 237.77 3
237.77 237.99 2
237.99 238.42 3
238.42 240.20 1
240.20 240.33 0
240.33 241.67 2
241.67 242.04 3
242.04 242.23 1
242.23 242.62 3
242.62 243.65 2
243.65 243.84 0
243.84 244.83 1
244.83 244.96 0
244.96 245.35 2
245.35 245.50 3
245.50 245.72 1
245.72 246.52 0
246.52 248.62 2
248.62 248.86 0
248.86 249.30 1
249.30 249.39 0
249.39 249.62 2
249.62 250.01 3
250.01 254.27 1
254.27 254.47 3
254.47 254.90 2
254.90 255.28 3
255.28 255.96 1
255.96 255.97 0
255.97 256.03 1
256.03 256.58 3
256.58 257.21 1
257.21 257.43 3
257.43 257.99 2
257.99 258.19 0
258.19 261.37 1
261.37 261.41 0
261.41 261.52 1
261.52 261.65 3
261.65 264.13 1
264.13 265.63 0
265.63 266.92 1
266.92 267.35 0
267.35 267.54 2
267.54 267.88 3
267.88 270.82 1
270.82 271.16 0
271.16 271.41 2
271.41 272.50 3
272.50 274.20 1
274.20 274.59 0
274.59 274.98 2
274.98 275.33 3
275.33 278.96 1
278.96 279.07 3
279.07 279.23 1
279.23 279.54 0
279.54 282.98 1
282.98 283.12 3
283.12 283.54 2
283.54 283.97 0
283.97 284.20 1
284.20 284.64 0
284.64 284.99 2
284.99 286.25 0
286.25 286.99 2
286.99 287.17 3
287.17 288.55 1
288.55 289.02 3
289.02 289.23 2
289.23 289.32 3
289.32 290.57 1
290.57 290.86 3
290.86 290.91 2
290.91 291.03 3
291.03 293.06 1
293.06 293.76 3
293.76 294.50 1
294.50 294.61 0
294.61 294.81 1
294.81 295.79 3
295.79 296.00 2
296.00 296.09 3
296.09 297.99 1
297.99 298.30 0
298.30 298.38 1
298.38 299.07 3
299.07 301.33 1
301.33 301.39 0
301.39 307.13 1
307.13 307.28 3
307.28 307.93 2
307.93 308.04 3
308.04 308.32 1
308.32 308.82 3
308.82 310.08 2
310.08 310.20 3
310.20 310.46 1
310.46 310.50 0
310.50 311.01 2
311.01 311.17 0
311.17 311.49 1
311.49 311.80 0
311.80 312.36 2
312.36 312.54 0
312.54 313.16 1
313.16 313.32 3
313.32 314.39 2
314.39 315.12 0
315.12 315.31 1
315.31 315.41 3
315.41 315.53 2
315.53 315.71 0
315.71 316.55 1
316.55 317.88 3
317.88 318.28 2
318.28 318.52 0
318.52 321.29 1
321.29 321.45 0
321.45 322.12 2
322.12 322.15 0
322.15 323.87 1
323.87 324.46 3
324.46 325.01 2
325.01 325.18 3
325.18 325.34 1
325.34 325.35 3
325.35 325.78 2
325.78 326.15 3
326.15 327.56 1
327.56 327.61 3
327.61 328.02 2
328.02 328.08 3
328.08 329.14 1
329.14 330.19 3
330.19 330.72 2
330.72 331.29 3
331.29 331.42 1
331.42 332.14 3
332.14 332.39 2
332.39 332.48 0
332.48 332.51 1
332.51 334.70 3
334.70 335.34 1
335.34 335.65 0
335.65 335.76 2
335.76 336.20 3
336.20 338.61 1
338.61 338.62 0
338.62 338.66 2
338.66 339.00 3
339.00 342.30 1
342.30 342.44 0
342.44 342.89 2
342.89 343.08 0
343.08 347.81 1
347.81 347.88 0
347.88 350.48 1
350.48 351.73 3
351.73 352.40 2
352.40 353.46 3
353.46 355.41 1
355.41 355.75 3
355.75 355.97 2
355.97 356.11 3
356.11 356.17 1
356.17 356.99 3
356.99 360.00 2
360.00 360.11 3
360.11 365.76 1
365.76 365.93 0
365.93 366.33 2
366.33 366.44 0
366.44 369.69 1
369.69 369.86 0
369.86 370.19 2
370.19 370.28 3
370.28 376.24 1
376.24 376.61 3
376.61 376.65 2
376.65 377.03 3
377.03 379.33 1
379.33 379.44 3
379.44 379.70 2
379.70 379.81 3
379.81 384.06 1
384.06 384.25 0
384.25 385.95 2
385.95 386.27 3
386.27 386.43 2
386.43 386.73 0
386.73 387.59 2
387.59 387.99 3
387.99 390.03 1
390.03 392.43 0
392.43 395.62 1
395.62 397.15 0
397.15 401.59 1
401.59 401.77 3
401.77 402.14 1
402.14 402.15 0
402.15 403.05 1
403.05 403.30 3
403.30 403.59 2
403.59 403.64 3
403.64 406.36 1
406.36 406.59 3
406.59 406.63 2
406.63 407.27 3
407.27 408.52 1
408.52 409.38 3
409.38 410.51 2
410.51 410.61 0
410.61 411.01 1
411.01 411.14 3
411.14 411.53 2
411.53 411.86 3
411.86 412.20 1
412.20 413.89 3
413.89 414.31 2
414.31 414.39 3
414.39 415.11 1
415.11 415.31 2
415.31 415.36 3
415.36 415.39 1
415.39 416.08 3
416.08 416.25 1
416.25 416.62 0
416.62 418.10 2
418.10 418.56 3
418.56 422.13 1
422.13 422.27 0
422.27 423.17 1
423.17 423.64 3
423.64 424.17 1
424.17 424.21 0
424.21 426.22 1
426.22 426.53 3
426.53 426.70 2
426.70 426.74 3
426.74 429.62 1
429.62 429.93 3
429.93 429.94 2
429.94 430.10 3
430.10 433.32 1
433.32 433.40 3
433.40 433.88 2
433.88 434.13 3
434.13 435.47 1
435.47 435.63 3
435.63 435.71 2
435.71 436.06 3
436.06 438.32 1
438.32 438.94 3
438.94 439.03 2
439.03 439.63 3
439.63 440.78 1
440.78 440.90 3
440.90 441.80 2
441.80 442.09 0
442.09 442.76 1
442.76 443.30 3
443.30 444.13 2
444.13 444.60 3
444.60 444.62 1
444.62 445.60 3
445.60 447.72 2
447.72 448.11 3
448.11 451.47 1
451.47 451.52 3
451.52 451.58 2
451.58 451.63 0
451.63 452.01 1
452.01 452.97 3
452.97 455.20 1
455.20 455.59 3
455.59 457.61 2
457.61 457.82 3
457.82 458.46 1
458.46 459.03 3
459.03 459.43 2
459.43 459.67 3
459.67 459.71 1
459.71 459.93 3
459.93 460.39 2
460.39 460.49 3
460.49 463.27 1
463.27 463.77 3
463.77 464.03 2
464.03 464.50 0
464.50 464.67 1
464.67 464.88 3
464.88 464.93 2
464.93 465.07 3
465.07 466.40 1
466.40 466.56 0
466.56 467.08 2
467.08 467.21 0
467.21 469.00 1
469.00 469.24 0
469.24 471.88 2
471.88 472.03 0
472.03 477.89 1
477.89 478.15 3
478.15 478.64 2
478.64 478.73 3
478.73 480.82 1
480.82 481.11 0
481.11 481.74 2
481.74 482.39 0
482.39 483.09 1
483.09 484.73 0
484.73 485.57 1
485.57 486.35 3
486.35 487.27 2
487.27 487.49 3
487.49 489.34 1
489.34 489.42 3
489.42 490.50 2
490.50 490.62 3
490.62 490.90 1
490.90 491.24 3
491.24 491.93 2
491.93 492.37 3
492.37 493.22 1
493.22 493.25 0
493.25 493.73 2
493.73 494.02 3
494.02 494.46 1
494.46 495.23 0
495.23 495.44 1
495.44 496.20 3
496.20 496.28 2
496.28 497.18 3
497.18 502.57 1
502.57 503.37 0
503.37 503.96 2
503.96 504.05 0
504.05 507.52 1
507.52 507.94 3
507.94 508.52 2
508.52 510.14 3
510.14 512.49 1
512.49 512.64 0
512.64 517.13 1
517.13 517.28 0
517.28 522.13 1
522.13 522.14 0
522.14 523.72 1
523.72 524.15 3
524.15 524.43 1
524.43 525.19 0
525.19 531.38 1
531.38 531.72 3
531.72 531.89 1
531.89 531.96 0
531.96 537.15 1
537.15 537.53 3
537.53 537.77 1
537.77 537.78 0
537.78 541.97 1
541.97 542.44 3
542.44 542.63 2
542.63 542.88 3
542.88 546.97 1
546.97 547.33 3
547.33 550.72 1
550.72 550.83 3
550.83 550.97 2
550.97 551.10 3
551.10 557.07 1
557.07 557.94 3
557.94 558.54 2
558.54 558.64 0
558.64 562.11 1
562.11 562.29 0
562.29 562.40 2
562.40 562.63 3
562.63 564.96 1
564.96 564.97 0
564.97 566.10 1
566.10 566.37 3
566.37 566.57 2
566.57 566.99 3
566.99 567.93 1
567.93 568.28 3
568.28 569.62 2
569.62 570.30 3
570.30 571.24 1
571.24 571.32 0
571.32 571.53 2
571.53 571.67 3
571.67 573.32 1
573.32 574.15 3
574.15 575.85 1
575.85 576.22 3
576.22 576.36 2
576.36 576.38 0
576.38 578.41 1
578.41 578.57 0
578.57 579.14 2
579.14 579.42 3
579.42 583.10 1
583.10 583.44 0
583.44 585.46 1
585.46 585.69 0
585.69 589.26 1
589.26 589.76 0
589.76 591.87 1
591.87 592.09 3
592.09 592.24 2
592.24 592.39 0
592.39 594.20 1
594.20 594.46 3
594.46 594.48 2
594.48 594.87 3
594.87 598.43 1
598.43 598.52 0
598.52 603.68 1
