0.00 1.56 2
1.56 2.13 3
2.13 2.88 2
2.88 3.24 3
3.24 3.35 1
3.35 3.42 3
3.42 3.59 2
3.59 4.48 3
4.48 4.49 1
4.49 5.00 0
5.00 8.47 2
8.47 8.82 3
8.82 8.89 1
8.89 8.98 3
8.98 11.08 2
11.08 12.13 3
12.13 13.26 1
13.26 13.69 3
13.69 13.86 1
13.86 14.19 0
14.19 16.48 2
16.48 16.59 0
16.59 17.45 2
17.45 17.89 3
17.89 18.00 1
18.00 18.14 0
18.14 18.23 1
18.23 18.73 3
18.73 19.07 2
19.07 19.41 3
19.41 19.54 1
19.54 19.95 3
19.95 20.69 2
20.69 20.90 3
20.90 23.66 1
23.66 23.92 3
23.92 27.29 2
27.29 27.42 3
27.42 27.69 1
27.69 27.75 3
27.75 27.80 2
27.80 27.94 0
27.94 28.60 2
28.60 29.28 3
29.28 31.19 1
31.19 31.45 0
31.45 31.49 2
31.49 31.87 3
31.87 34.01 2
34.01 34.13 3
34.13 34.18 1
34.18 34.30 3
34.30 36.32 2
36.32 36.37 0
36.37 37.27 1
37.27 37.31 3
37.31 37.47 2
37.47 37.68 0
37.68 42.56 2
42.56 42.82 3
42.82 43.07 1
43.07 43.25 0
43.25 50.32 2
50.32 50.42 0
50.42 50.48 2
50.48 50.77 3
50.77 50.87 1
50.87 51.00 3
51.00 51.82 2
51.82 52.80 3
52.80 52.82 1
52.82 53.11 0
53.11 53.15 1
53.15 54.54 3
54.54 54.75 1
54.75 54.86 0
54.86 55.11 1
55.11 55.45 3
55.45 55.83 1
55.83 55.84 3
55.84 60.65 2
60.65 60.83 3
60.83 61.23 2
61.23 61.55 3
61.55 61.57 1
61.57 61.66 0
61.66 69.34 2
69.34 69.57 3
69.57 69.72 1
69.72 69.86 3
69.86 71.59 2
71.59 71.70 0
71.70 75.18 2
75.18 75.32 0
75.32 76.27 2
76.27 76.55 0
76.55 77.30 2
77.30 77.60 3
77.60 77.79 2
77.79 78.13 3
78.13 78.53 1
78.53 79.46 3
79.46 79.63 2
79.63 79.80 0
79.80 80.10 1
80.10 80.53 3
80.53 81.47 1
81.47 81.63 0
81.63 83.56 2
83.56 83.92 3
83.92 84.83 2
84.83 85.16 0
85.16 85.84 1
85.84 86.10 0
86.10 86.37 1
86.37 86.39 0
86.39 89.60 2
89.60 90.16 3
90.16 90.50 2
90.50 90.88 0
90.88 94.91 2
94.91 95.29 3
95.29 95.47 1
95.47 96.01 3
96.01 96.89 2
96.89 97.18 3
97.18 98.72 2
98.72 99.11 3
99.11 99.19 1
99.19 99.55 0
99.55 99.74 2
99.74 100.42 3
100.42 101.29 1
101.29 101.85 0
101.85 105.36 1
105.36 105.45 3
105.45 107.24 2
107.24 107.30 0
107.30 107.35 1
107.35 107.68 3
107.68 109.57 2
109.57 109.78 0
109.78 110.26 2
110.26 110.42 0
110.42 115.86 2
115.86 116.41 3
116.41 118.46 1
118.46 118.87 3
118.87 125.62 2
125.62 125.85 3
125.85 126.58 2
126.58 126.69 0
126.69 127.06 1
127.06 127.14 0
127.14 133.32 2
133.32 133.58 0
133.58 133.89 2
133.89 134.04 0
134.04 135.38 2
135.38 135.57 3
135.57 135.67 1
135.67 135.72 3
135.72 138.99 2
138.99 139.50 3
139.50 141.79 2
141.79 142.12 3
142.12 144.14 1
144.14 144.90 3
144.90 146.54 2
146.54 148.28 3
148.28 151.35 2
151.35 152.13 3
152.13 152.38 1
152.38 152.71 3
152.71 154.38 1
154.38 154.54 0
154.54 155.30 1
155.30 155.42 3
155.42 155.71 2
155.71 156.75 3
156.75 156.81 1
156.81 157.38 3
157.38 161.54 2
161.54 161.80 3
161.80 161.85 1
161.85 162.03 0
162.03 162.91 2
162.91 163.22 3
163.22 166.55 1
166.55 166.92 0
166.92 168.24 2
168.24 168.39 3
168.39 170.93 2
170.93 171.19 3
171.19 171.86 2
171.86 171.92 0
171.92 175.54 2
175.54 175.75 3
175.75 176.10 2
176.10 176.62 0
176.62 180.72 2
180.72 180.73 3
180.73 181.03 1
181.03 181.23 0
181.23 183.55 2
183.55 184.35 3
184.35 186.56 1
186.56 186.93 0
186.93 192.69 2
192.69 193.21 3
193.21 193.39 2
193.39 194.21 3
194.21 194.60 2
194.60 194.71 0
194.71 195.05 2
195.05 195.19 3
195.19 195.34 1
195.34 195.63 0
195.63 199.18 2
199.18 199.22 0
199.22 206.46 2
206.46 206.50 0
206.50 206.57 2
206.57 206.84 3
206.84 207.81 2
207.81 207.89 0
207.89 212.19 2
212.19 212.35 3
212.35 212.56 1
212.56 213.55 3
213.55 213.65 2
213.65 213.96 0
213.96 214.48 2
214.48 214.93 3
214.93 215.52 2
215.52 215.64 3
215.64 217.69 2
217.69 217.75 0
217.75 222.39 2
222.39 222.77 3
222.77 222.83 1
222.83 222.98 3
222.98 230.02 2
230.02 230.75 3
230.75 230.94 1
230.94 231.23 3
231.23 235.52 2
235.52 235.62 3
235.62 235.68 1
235.68 235.82 3
235.82 241.94 2
241.94 242.03 3
242.03 243.44 1
243.44 243.76 0
243.76 245.90 2
245.90 246.44 0
246.44 252.29 2
252.29 252.36 3
252.36 252.86 1
252.86 253.14 3
253.14 253.86 2
253.86 253.91 0
253.91 254.60 1
254.60 254.92 3
254.92 262.08 2
262.08 262.63 3
262.63 262.90 1
262.90 263.11 0
263.11 263.50 1
263.50 264.12 3
264.12 265.25 2
265.25 265.53 3
265.53 267.01 2
267.01 267.18 3
267.18 268.67 1
268.67 269.29 3
269.29 271.56 2
271.56 271.66 0
271.66 272.56 1
272.56 272.66 3
272.66 281.53 2
281.53 281.64 0
281.64 282.33 2
282.33 282.63 3
282.63 285.35 1
285.35 285.48 3
285.48 290.20 2
290.20 291.16 3
291.16 294.20 1
294.20 294.36 0
294.36 295.97 1
295.97 296.20 3
296.20 300.76 2
300.76 301.66 3
301.66 301.97 1
301.97 302.84 3
302.84 308.70 2
308.70 308.87 0
308.87 308.92 1
308.92 309.25 3
309.25 315.50 2
315.50 315.81 3
315.81 315.99 2
315.99 316.14 0
316.14 317.20 2
317.20 318.42 3
318.42 320.03 1
320.03 320.25 0
320.25 320.81 2
320.81 321.51 3
321.51 321.67 2
321.67 322.06 0
322.06 324.46 2
324.46 324.78 3
324.78 324.88 1
324.88 325.06 0
325.06 326.46 2
326.46 326.61 3
326.61 327.13 1
327.13 327.51 0
327.51 334.68 2
334.68 335.53 3
335.53 335.65 2
335.65 335.75 0
335.75 336.70 2
336.70 337.03 3
337.03 339.44 1
339.44 339.60 0
339.60 343.29 2
343.29 343.71 3
343.71 347.36 2
347.36 347.46 0
347.46 347.66 2
347.66 347.86 0
347.86 349.22 2
349.22 349.31 3
349.31 350.10 2
350.10 350.15 0
350.15 350.25 1
350.25 350.69 3
350.69 350.74 1
350.74 350.79 0
350.79 352.00 2
352.00 352.27 3
352.27 352.34 1
352.34 352.43 0
352.43 354.86 2
354.86 354.95 0
354.95 356.29 2
356.29 356.64 3
356.64 357.83 2
357.83 358.42 3
358.42 359.03 1
359.03 359.28 3
359.28 360.81 2
360.81 361.27 3
361.27 365.32 1
365.32 365.57 3
365.57 366.01 2
366.01 366.42 3
366.42 368.18 2
368.18 368.98 3
368.98 369.59 2
369.59 369.75 3
369.75 370.34 1
370.34 370.51 3
370.51 371.07 2
371.07 371.08 0
371.08 371.86 1
371.86 371.94 3
371.94 373.59 2
373.59 374.03 3
374.03 374.71 1
374.71 375.18 0
375.18 377.21 2
377.21 377.64 3
377.64 379.59 2
379.59 379.71 0
379.71 379.93 2
379.93 380.01 3
380.01 380.10 1
380.10 380.28 3
380.28 381.02 2
381.02 381.54 3
381.54 384.19 1
384.19 384.53 0
384.53 384.58 1
384.58 384.96 3
384.96 385.24 2
385.24 385.98 3
385.98 387.26 1
387.26 387.51 0
387.51 387.86 2
387.86 387.96 3
387.96 388.32 1
388.32 388.60 0
388.60 392.21 2
392.21 392.23 3
392.23 392.46 1
392.46 392.56 0
392.56 392.82 1
392.82 393.06 3
393.06 394.58 1
394.58 394.65 0
394.65 397.56 1
397.56 398.13 0
398.13 399.11 2
399.11 400.82 3
400.82 402.00 1
402.00 402.66 0
402.66 402.73 2
402.73 402.98 3
402.98 406.36 2
406.36 406.53 3
406.53 409.72 1
409.72 409.99 0
409.99 411.28 2
411.28 411.43 3
411.43 414.77 1
414.77 415.23 0
415.23 415.54 1
415.54 415.73 3
415.73 417.26 1
417.26 417.60 0
417.60 418.54 2
418.54 419.39 3
419.39 421.76 1
421.76 422.14 0
422.14 422.67 2
422.67 422.88 3
422.88 424.26 2
424.26 424.52 3
424.52 425.03 1
425.03 425.85 0
425.85 426.01 2
426.01 426.48 3
426.48 426.84 1
426.84 427.28 0
427.28 428.66 2
428.66 428.67 0
428.67 431.58 1
431.58 431.94 0
431.94 432.64 2
432.64 432.76 0
432.76 432.81 2
432.81 433.44 3
433.44 433.66 1
433.66 434.26 0
434.26 439.62 2
439.62 439.74 3
439.74 440.51 1
440.51 441.10 3
441.10 442.01 2
442.01 442.28 3
442.28 443.34 2
443.34 443.35 0
443.35 444.06 1
444.06 444.93 3
444.93 445.77 2
445.77 446.13 3
446.13 447.38 1
447.38 447.50 0
447.50 450.82 1
450.82 451.25 0
451.25 451.35 2
451.35 451.81 3
451.81 452.24 2
452.24 452.75 3
452.75 456.67 2
456.67 457.26 3
457.26 457.84 1
457.84 457.88 3
457.88 460.90 2
460.90 461.61 3
461.61 462.53 2
462.53 462.68 0
462.68 463.08 2
463.08 463.53 3
463.53 467.50 2
467.50 467.98 0
467.98 468.01 2
468.01 468.44 3
468.44 468.81 2
468.81 468.90 0
468.90 475.60 2
475.60 475.79 3
475.79 475.90 1
475.90 476.37 3
476.37 476.54 2
476.54 476.92 3
476.92 477.24 1
477.24 477.26 0
477.26 481.91 2
481.91 481.99 3
481.99 482.03 1
482.03 482.26 3
482.26 484.82 2
484.82 485.07 3
485.07 485.96 2
485.96 486.00 0
486.00 486.39 1
486.39 486.68 0
486.68 491.01 2
491.01 491.63 3
491.63 491.73 2
491.73 491.99 0
491.99 492.21 1
492.21 492.50 3
492.50 492.51 2
492.51 492.76 0
492.76 492.83 1
492.83 493.11 3
493.11 494.26 2
494.26 494.75 3
494.75 495.17 1
495.17 495.51 0
495.51 495.64 2
495.64 495.92 3
495.92 496.07 1
496.07 496.50 0
496.50 496.87 1
496.87 496.98 3
496.98 498.48 2
498.48 498.51 0
498.51 499.01 1
499.01 499.17 0
499.17 501.41 2
501.41 501.93 3
501.93 503.42 1
503.42 503.71 0
503.71 508.12 1
508.12 508.58 0
508.58 508.86 1
508.86 509.36 0
509.36 509.76 1
509.76 509.90 3
509.90 510.94 2
510.94 511.03 3
511.03 512.49 1
512.49 512.77 0
512.77 514.00 2
514.00 514.35 3
514.35 514.60 1
514.60 515.43 3
515.43 516.80 1
516.80 516.91 0
516.91 517.90 2
517.90 518.05 3
518.05 518.57 2
518.57 518.78 3
518.78 519.89 1
519.89 520.40 0
520.40 520.84 2
520.84 521.02 3
521.02 522.77 2
522.77 522.86 0
522.86 524.65 1
524.65 524.99 0
524.99 525.22 1
525.22 525.44 3
525.44 526.41 1
526.41 526.62 0
526.62 527.55 1
527.55 527.68 0
527.68 528.52 2
528.52 528.59 3
528.59 532.65 1
532.65 532.82 0
532.82 535.12 1
535.12 535.21 0
535.21 537.03 1
537.03 537.15 3
537.15 537.45 2
537.45 537.97 0
537.97 541.55 1
541.55 541.65 3
541.65 542.45 2
542.45 542.60 3
542.60 547.02 1
547.02 547.69 0
547.69 547.84 2
547.84 547.89 0
547.89 548.06 1
548.06 548.40 3
548.40 550.34 2
550.34 550.96 3
550.96 551.68 1
551.68 551.86 0
551.86 552.75 2
552.75 552.98 3
552.98 555.05 1
555.05 555.74 0
555.74 556.19 2
556.19 556.62 3
556.62 558.53 1
558.53 559.46 3
559.46 559.76 2
559.76 560.65 3
560.65 561.61 1
561.61 561.67 3
561.67 563.85 2
563.85 564.71 3
564.71 568.26 1
568.26 568.96 0
568.96 569.29 1
569.29 570.15 3
570.15 570.34 2
570.34 570.55 0
570.55 572.11 2
572.11 572.85 3
572.85 574.85 1
574.85 575.03 0
575.03 575.60 1
575.60 575.67 0
575.67 576.70 1
576.70 576.90 0
576.90 578.74 1
578.74 579.25 0
579.25 579.29 2
579.29 580.25 3
580.25 581.42 1
581.42 581.69 3
581.69 582.63 1
582.63 582.77 3
582.77 583.42 1
583.42 583.55 0
583.55 585.42 2
585.42 585.51 3
585.51 587.08 1
587.08 587.61 0
587.61 587.75 1
587.75 588.48 3
588.48 588.63 2
588.63 588.64 0
588.64 593.09 1
593.09 593.19 0
593.19 593.67 2
593.67 594.32 3
594.32 594.56 2
594.56 594.69 0
594.69 594.75 2
594.75 594.98 3
594.98 595.15 2
595.15 595.69 3
595.69 597.72 1
597.72 598.07 0
598.07 598.30 1
598.30 599.10 3
599.10 599.35 1
599.35 599.88 3
599.88 601.79 1
601.79 602.69 0
602.69 603.12 2
603.12 603.57 3
603.57 606.00 1
