0.00 0.62 2
0.62 0.79 0
0.79 1.13 1
1.13 1.60 3
1.60 2.76 2
2.76 2.91 0
2.91 3.67 1
3.67 3.79 0
3.79 7.29 2
7.29 8.38 3
8.38 9.53 1
9.53 9.87 0
9.87 12.15 2
12.15 12.19 3
12.19 12.60 1
12.60 13.60 3
13.60 13.82 2
13.82 14.40 3
14.40 15.73 1
15.73 16.14 0
16.14 18.11 2
18.11 18.12 3
18.12 18.51 1
18.51 19.13 0
19.13 20.68 2
20.68 20.88 0
20.88 20.90 1
20.90 21.26 3
21.26 21.85 2
21.85 22.23 0
22.23 22.92 1
22.92 23.14 3
23.14 27.70 2
27.70 28.11 0
28.11 28.67 1
28.67 29.26 0
29.26 30.41 2
30.41 30.49 3
30.49 31.05 1
31.05 31.13 3
31.13 31.44 2
31.44 31.97 3
31.97 32.21 1
32.21 33.26 0
33.26 33.87 2
33.87 33.96 3
33.96 34.55 1
34.55 35.09 0
35.09 35.63 2
35.63 36.60 3
36.60 36.99 1
36.99 38.13 0
38.13 39.72 2
39.72 39.88 3
39.88 41.88 1
41.88 41.94 3
41.94 43.16 2
43.16 43.38 3
43.38 43.60 1
43.60 44.09 3
44.09 46.18 2
46.18 46.26 0
46.26 47.84 1
47.84 48.27 0
48.27 48.35 2
48.35 48.54 3
48.54 49.91 1
49.91 50.29 0
50.29 50.55 2
50.55 50.70 3
50.70 50.71 1
50.71 51.18 3
51.18 52.12 2
52.12 52.17 3
52.17 53.28 1
53.28 53.37 3
53.37 54.61 2
54.61 54.97 0
54.97 57.65 1
57.65 58.99 0
58.99 59.24 1
59.24 59.40 3
59.40 59.85 2
59.85 59.92 0
59.92 68.14 1
68.14 68.59 3
68.59 68.80 2
68.80 68.94 3
68.94 72.35 1
72.35 72.38 0
72.38 72.49 2
72.49 73.06 3
73.06 74.56 1
74.56 75.01 0
75.01 75.62 2
75.62 75.94 3
75.94 78.29 1
78.29 78.93 3
78.93 79.18 2
79.18 79.75 0
79.75 80.77 1
80.77 81.58 0
81.58 82.50 2
82.50 82.55 0
82.55 83.91 1
83.91 84.28 0
84.28 84.65 2
84.65 84.74 3
84.74 84.93 1
84.93 85.13 3
85.13 86.06 2
86.06 86.61 0
86.61 87.57 1
87.57 87.68 3
87.68 87.93 2
87.93 87.94 0
87.94 89.11 1
89.11 89.67 3
89.67 91.34 2
91.34 91.50 0
91.50 96.82 1
96.82 97.33 0
97.33 102.07 1
102.07 102.30 0
102.30 102.71 2
102.71 103.03 0
103.03 104.19 1
104.19 104.28 0
104.28 104.30 2
104.30 104.56 3
104.56 106.83 1
106.83 106.88 3
106.88 106.95 2
106.95 107.49 3
107.49 108.09 1
108.09 109.35 3
109.35 109.47 2
109.47 110.13 3
110.13 110.34 1
110.34 110.92 0
110.92 112.99 2
112.99 113.02 3
113.02 114.04 1
114.04 114.45 3
114.45 114.99 2
114.99 115.51 3
115.51 116.78 1
116.78 116.94 0
116.94 116.95 2
116.95 117.15 3
117.15 120.56 1
120.56 120.95 0
120.95 121.33 2
121.33 121.43 0
121.43 127.33 1
127.33 127.92 0
127.92 128.11 2
128.11 128.55 0
128.55 129.35 1
129.35 129.77 3
129.77 130.59 1
130.59 130.73 0
130.73 130.93 2
130.93 131.59 3
131.59 132.24 1
132.24 132.49 0
132.49 133.07 2
133.07 133.18 3
133.18 135.58 1
135.58 135.96 3
135.96 135.99 2
135.99 136.22 3
136.22 139.70 1
139.70 139.97 0
139.97 140.55 2
140.55 141.27 3
141.27 142.46 1
142.46 142.90 0
142.90 144.43 1
144.43 144.90 3
144.90 144.99 2
144.99 145.22 0
145.22 146.67 1
146.67 146.90 0
146.90 148.55 2
148.55 148.97 0
148.97 151.74 1
151.74 151.91 0
151.91 152.37 2
152.37 152.39 0
152.39 155.60 1
155.60 155.77 0
155.77 156.85 2
156.85 157.68 3
157.68 164.30 1
164.30 164.68 3
164.68 164.91 2
164.91 165.10 0
165.10 165.46 1
165.46 165.82 0
165.82 165.85 2
165.85 166.47 3
166.47 167.51 1
167.51 167.72 0
167.72 168.43 2
168.43 168.66 0
168.66 169.47 1
169.47 169.74 0
169.74 170.29 2
170.29 170.32 3
170.32 174.24 1
174.24 174.57 3
174.57 175.66 2
175.66 175.87 3
175.87 178.14 1
178.14 178.87 0
178.87 179.90 2
179.90 179.91 0
179.91 180.21 1
180.21 180.86 0
180.86 184.28 2
184.28 184.48 0
184.48 184.85 1
184.85 184.95 3
184.95 187.02 2
187.02 187.27 3
187.27 187.59 1
187.59 187.80 0
187.80 191.48 2
191.48 191.86 0
191.86 192.18 1
192.18 192.20 3
192.20 193.20 2
193.20 193.33 0
193.33 193.61 1
193.61 194.06 0
194.06 194.71 2
194.71 194.75 3
194.75 195.61 1
195.61 195.63 3
195.63 195.87 2
195.87 196.30 0
196.30 196.35 1
196.35 196.49 3
196.49 196.69 2
196.69 197.28 0
197.28 199.21 1
199.21 200.13 3
200.13 200.85 1
200.85 201.09 0
201.09 203.34 1
203.34 203.39 0
203.39 205.34 1
205.34 205.77 0
205.77 209.33 1
209.33 209.59 0
209.59 209.61 2
209.61 211.03 3
211.03 216.25 1
216.25 216.39 3
216.39 216.68 2
216.68 216.77 3
216.77 221.98 1
221.98 222.27 0
222.27 222.33 1
222.33 222.77 3
222.77 223.91 1
223.91 224.74 0
224.74 227.54 1
227.54 227.72 3
227.72 228.26 2
228.26 228.67 0
228.67 234.29 1
234.29 234.36 3
234.36 235.12 2
235.12 235.51 0
235.51 241.63 1
241.63 242.48 3
242.48 243.10 2
243.10 243.79 0
243.79 249.94 1
249.94 250.43 0
250.43 250.96 2
250.96 251.04 3
251.04 255.28 1
255.28 255.32 3
255.32 255.82 2
255.82 255.92 0
255.92 264.94 1
264.94 265.36 0
265.36 265.37 2
265.37 265.69 3
265.69 266.61 1
266.61 266.89 0
266.89 267.35 2
267.35 267.87 0
267.87 272.97 1
272.97 273.35 0
273.35 273.64 2
273.64 273.72 0
273.72 276.38 1
276.38 276.51 0
276.51 279.23 1
279.23 279.76 3
279.76 281.44 2
281.44 282.34 0
282.34 286.65 1
286.65 286.84 3
286.84 287.31 2
287.31 287.77 0
287.77 294.55 1
294.55 294.62 0
294.62 295.11 2
295.11 295.18 3
295.18 298.74 1
298.74 298.77 3
298.77 299.89 2
299.89 300.15 0
300.15 302.42 1
302.42 302.44 3
302.44 302.60 2
302.60 302.83 3
302.83 308.30 1
308.30 308.67 3
308.67 309.23 2
309.23 309.30 3
309.30 313.53 1
313.53 313.67 3
313.67 314.13 2
314.13 314.72 3
314.72 315.06 1
315.06 315.41 0
315.41 316.06 2
316.06 316.22 3
316.22 319.26 1
319.26 319.58 0
319.58 320.08 2
320.08 320.15 0
320.15 323.37 1
323.37 323.55 0
323.55 323.98 2
323.98 324.03 0
324.03 329.10 1
329.10 329.39 0
329.39 329.90 2
329.90 330.44 0
330.44 335.43 1
335.43 335.78 0
335.78 337.11 2
337.11 337.31 3
337.31 338.02 1
338.02 338.29 0
338.29 338.80 2
338.80 339.35 0
339.35 339.52 1
339.52 340.36 3
340.36 340.48 2
340.48 341.00 3
341.00 341.24 1
341.24 341.61 0
341.61 341.89 2
341.89 341.96 3
341.96 347.86 1
347.86 348.15 0
348.15 348.58 1
348.58 349.10 3
349.10 352.04 1
352.04 352.38 3
352.38 353.24 2
353.24 353.29 0
353.29 354.32 1
354.32 355.08 3
355.08 355.78 2
355.78 355.87 0
355.87 358.65 1
358.65 358.91 0
358.91 359.37 2
359.37 359.69 0
359.69 361.61 1
361.61 361.82 0
361.82 362.24 2
362.24 362.51 3
362.51 365.04 1
365.04 365.14 3
365.14 366.32 2
366.32 366.82 3
366.82 366.88 1
366.88 366.97 3
366.97 367.76 2
367.76 368.22 3
368.22 368.89 2
368.89 368.93 0
368.93 373.05 1
373.05 373.53 0
373.53 373.59 2
373.59 373.87 3
373.87 374.76 1
374.76 375.36 0
375.36 375.46 1
375.46 376.87 3
376.87 377.72 2
377.72 377.80 0
377.80 381.15 1
381.15 381.47 0
381.47 382.21 1
382.21 382.51 3
382.51 383.15 2
383.15 383.77 0
383.77 386.29 1
386.29 386.51 3
386.51 386.70 1
386.70 387.02 0
387.02 387.72 1
387.72 388.47 0
388.47 388.56 1
388.56 389.07 3
389.07 389.80 1
389.80 390.25 0
390.25 394.94 1
394.94 395.75 0
395.75 395.88 2
395.88 396.19 3
396.19 397.02 1
397.02 397.26 0
397.26 398.74 2
398.74 398.76 0
398.76 400.83 1
400.83 401.27 0
401.27 401.64 2
401.64 401.89 0
401.89 402.36 1
402.36 402.67 0
402.67 403.82 2
403.82 404.02 3
404.02 405.07 1
405.07 405.70 0
405.70 406.13 2
406.13 406.35 3
406.35 408.51 1
408.51 409.37 0
409.37 409.98 2
409.98 410.01 0
410.01 410.29 1
410.29 410.35 3
410.35 411.64 2
411.64 411.79 3
411.79 418.01 1
418.01 418.26 0
418.26 418.70 2
418.70 418.77 3
418.77 419.94 1
419.94 420.44 3
420.44 421.60 2
421.60 422.59 3
422.59 422.80 1
422.80 422.90 0
422.90 428.13 2
428.13 428.22 3
428.22 430.63 1
430.63 431.47 0
431.47 432.14 2
432.14 432.57 0
432.57 434.00 1
434.00 434.09 3
434.09 434.81 2
434.81 437.81 1
437.81 437.88 3
437.88 439.39 2
439.39 439.47 3
439.47 439.54 1
439.54 440.34 3
440.34 442.08 2
442.08 442.47 0
442.47 442.90 1
442.90 443.34 0
443.34 443.61 2
443.61 444.07 0
444.07 445.89 1
445.89 446.07 0
446.07 446.48 2
446.48 446.76 0
446.76 446.89 1
446.89 446.98 3
446.98 448.26 2
448.26 448.46 0
448.46 448.86 1
448.86 449.42 0
449.42 450.01 1
450.01 450.44 3
450.44 450.64 2
450.64 450.94 3
450.94 451.69 1
451.69 452.01 0
452.01 452.98 2
452.98 453.25 0
453.25 453.34 1
453.34 453.54 3
453.54 454.07 2
454.07 454.80 0
454.80 457.11 2
457.11 457.50 0
457.50 460.54 1
460.54 461.22 0
461.22 462.62 2
462.62 463.36 3
463.36 466.92 1
466.92 467.12 0
467.12 469.45 2
469.45 469.77 0
469.77 470.99 1
470.99 471.50 0
471.50 473.74 2
473.74 473.81 3
473.81 477.34 1
477.34 478.61 0
478.61 479.57 2
479.57 480.17 3
480.17 484.07 1
484.07 484.85 0
484.85 485.97 2
485.97 486.48 3
486.48 486.69 1
486.69 486.90 3
486.90 487.62 2
487.62 488.12 3
488.12 488.26 1
488.26 489.42 0
489.42 490.89 2
490.89 491.64 0
491.64 495.26 1
495.26 495.38 3
495.38 498.65 2
498.65 498.87 3
498.87 501.19 1
501.19 501.57 0
501.57 502.08 2
502.08 502.43 0
502.43 503.01 1
503.01 503.14 0
503.14 506.74 2
506.74 506.77 0
506.77 507.98 1
507.98 508.05 3
508.05 508.08 2
508.08 508.20 3
508.20 512.05 1
512.05 512.15 3
512.15 512.72 2
512.72 513.13 3
513.13 514.14 1
514.14 514.49 3
514.49 514.97 2
514.97 515.17 3
515.17 519.70 1
519.70 520.76 3
520.76 521.15 2
521.15 521.33 0
521.33 523.96 1
523.96 524.48 0
524.48 524.97 2
524.97 525.13 0
525.13 529.90 1
529.90 530.18 0
530.18 534.07 1
534.07 534.44 0
534.44 534.52 2
534.52 534.97 3
534.97 538.68 1
538.68 538.98 0
538.98 539.25 2
539.25 539.49 3
539.49 542.58 1
542.58 542.68 0
542.68 547.05 1
547.05 547.54 0
547.54 547.61 1
547.61 548.58 3
548.58 549.94 1
549.94 550.21 0
550.21 550.62 1
550.62 551.35 3
551.35 551.41 2
551.41 551.66 3
551.66 552.38 1
552.38 552.61 0
552.61 552.84 2
552.84 552.89 3
552.89 554.18 1
554.18 555.30 0
555.30 561.59 1
561.59 562.41 0
562.41 563.02 2
563.02 563.40 0
563.40 566.68 1
566.68 567.89 3
567.89 568.09 1
568.09 569.14 0
569.14 574.22 1
574.22 574.83 3
574.83 575.76 2
575.76 576.50 3
576.50 577.51 1
577.51 577.89 0
577.89 578.15 2
578.15 578.29 0
578.29 578.53 1
578.53 578.61 3
578.61 580.14 2
580.14 580.82 3
580.82 581.01 1
581.01 581.66 0
581.66 585.32 1
585.32 585.45 3
585.45 585.71 2
585.71 585.86 3
585.86 586.73 1
586.73 587.19 3
587.19 587.64 2
587.64 588.37 3
588.37 589.31 1
589.31 589.43 0
589.43 589.84 2
589.84 590.34 3
590.34 591.89 1
591.89 592.72 3
592.72 593.89 1
593.89 594.35 3
594.35 595.29 1
595.29 595.75 0
595.75 595.96 2
595.96 597.10 3
597.10 598.48 2
598.48 598.72 0
598.72 599.96 2
599.96 600.27 0
600.27 600.62 1
600.62 601.15 0
601.15 601.47 2
601.47 602.08 3
602.08 604.51 1
