0.00 2.60 2
2.60 2.61 3
2.61 2.95 1
2.95 3.03 3
3.03 4.21 2
4.21 4.37 0
4.37 4.54 2
4.54 4.89 3
4.89 5.30 2
5.30 5.56 3
5.56 5.86 2
5.86 6.38 0
6.38 8.27 2
8.27 8.40 3
8.40 8.83 1
8.83 8.85 0
8.85 10.39 2
10.39 10.59 3
10.59 11.63 1
11.63 11.76 3
11.76 15.06 2
15.06 15.73 0
15.73 17.99 2
17.99 18.79 0
18.79 20.07 2
20.07 20.25 0
20.25 22.11 2
22.11 22.44 3
22.44 24.83 1
24.83 24.98 0
24.98 25.28 2
25.28 25.68 3
25.68 26.40 1
26.40 26.63 0
26.63 26.77 2
26.77 27.03 3
27.03 28.57 1
28.57 28.64 0
28.64 30.44 2
30.44 30.72 3
30.72 34.01 1
34.01 34.75 0
34.75 37.75 1
37.75 38.00 3
38.00 39.04 2
39.04 39.33 3
39.33 39.95 1
39.95 40.96 3
40.96 42.12 2
42.12 42.57 3
42.57 43.15 1
43.15 43.62 3
43.62 44.08 1
44.08 44.51 3
44.51 45.11 1
45.11 45.61 0
45.61 47.58 2
47.58 47.99 0
47.99 50.21 2
50.21 50.43 0
50.43 51.68 2
51.68 52.17 0
52.17 53.32 2
53.32 53.98 0
53.98 57.47 2
57.47 57.85 3
57.85 58.33 2
58.33 59.46 0
59.46 62.39 2
62.39 62.91 0
62.91 68.42 1
68.42 68.75 0
68.75 69.77 2
69.77 69.86 3
69.86 73.25 1
73.25 73.96 3
73.96 75.33 1
75.33 76.30 3
76.30 76.50 2
76.50 76.80 3
76.80 77.67 1
77.67 78.44 3
78.44 79.01 1
79.01 80.23 3
80.23 81.69 2
81.69 82.19 3
82.19 84.11 1
84.11 84.30 0
84.30 84.33 1
84.33 84.77 3
84.77 85.11 1
85.11 85.41 3
85.41 87.53 1
87.53 88.01 3
88.01 89.80 1
89.80 89.98 3
89.98 93.17 2
93.17 93.89 3
93.89 94.29 2
94.29 94.76 3
94.76 95.25 1
95.25 95.92 3
95.92 96.86 1
96.86 97.29 0
97.29 97.85 1
97.85 98.70 3
98.70 99.04 1
99.04 99.48 3
99.48 100.15 2
100.15 100.61 3
100.61 101.71 1
101.71 101.72 0
101.72 102.04 2
102.04 102.88 3
102.88 105.44 2
105.44 105.58 0
105.58 105.65 2
105.65 105.80 3
105.80 105.97 1
105.97 105.98 3
105.98 109.45 2
109.45 109.94 3
109.94 110.92 1
110.92 111.11 3
111.11 113.61 2
113.61 114.00 0
114.00 116.36 2
116.36 117.15 3
117.15 117.97 1
117.97 118.23 0
118.23 120.11 1
120.11 120.65 3
120.65 121.19 1
121.19 121.55 3
121.55 123.44 1
123.44 124.11 0
124.11 124.63 2
124.63 124.75 0
124.75 125.45 1
125.45 125.48 0
125.48 127.48 2
127.48 127.73 3
127.73 127.92 1
127.92 128.23 0
128.23 129.67 1
129.67 129.69 3
129.69 130.16 2
130.16 130.73 3
130.73 130.94 1
130.94 131.48 0
131.48 132.25 1
132.25 132.59 0
132.59 132.99 2
132.99 133.33 3
133.33 134.25 1
134.25 134.58 0
134.58 134.69 2
134.69 134.99 3
134.99 137.48 1
137.48 137.82 0
137.82 141.19 2
141.19 141.35 0
141.35 141.40 1
141.40 141.75 3
141.75 142.38 2
142.38 142.43 3
142.43 142.75 1
142.75 142.80 3
142.80 143.96 2
143.96 144.32 0
144.32 144.50 2
144.50 144.94 0
144.94 150.10 2
150.10 150.19 3
150.19 152.29 1
152.29 152.41 0
152.41 152.94 2
152.94 153.00 3
153.00 153.30 1
153.30 154.18 0
154.18 154.29 2
154.29 154.53 3
154.53 158.05 1
158.05 159.01 0
159.01 160.18 1
160.18 160.56 0
160.56 162.55 1
162.55 163.22 0
163.22 164.74 1
164.74 165.67 3
165.67 165.76 1
165.76 166.15 0
166.15 167.45 1
167.45 168.20 3
168.20 168.21 1
168.21 168.37 0
168.37 170.76 1
170.76 171.05 0
171.05 174.40 1
174.40 174.98 3
174.98 175.15 2
175.15 175.71 0
175.71 176.13 1
176.13 176.17 3
176.17 180.46 2
180.46 180.49 0
180.49 180.63 1
180.63 181.30 3
181.30 186.22 2
186.22 186.43 3
186.43 186.71 1
186.71 186.82 0
186.82 188.27 2
188.27 188.71 1
188.71 189.20 3
189.20 190.02 2
190.02 190.90 3
190.90 192.98 2
192.98 193.06 0
193.06 194.83 2
194.83 195.27 0
195.27 196.51 1
196.51 197.34 0
197.34 200.17 1
200.17 200.42 0
200.42 200.95 2
200.95 201.60 0
201.60 202.89 1
202.89 203.73 0
203.73 207.13 1
207.13 207.43 0
207.43 207.91 2
207.91 208.41 0
208.41 211.12 1
211.12 211.61 3
211.61 213.52 1
213.52 214.31 3
214.31 215.83 2
215.83 216.45 3
216.45 219.30 2
219.30 219.67 0
219.67 220.09 1
220.09 220.18 0
220.18 221.09 2
221.09 222.12 3
222.12 225.34 1
225.34 225.85 0
225.85 227.45 1
227.45 227.60 0
227.60 228.85 2
228.85 229.15 3
229.15 231.58 2
231.58 232.11 0
232.11 234.15 2
234.15 234.76 3
234.76 237.06 1
237.06 237.69 3
237.69 238.29 1
238.29 238.99 3
238.99 240.93 1
240.93 240.95 0
240.95 241.76 2
241.76 242.00 3
242.00 242.95 2
242.95 243.45 0
243.45 246.53 2
246.53 246.61 3
246.61 247.16 2
247.16 247.55 0
247.55 247.91 2
247.91 248.01 3
248.01 248.94 2
248.94 249.22 0
249.22 255.59 2
255.59 255.96 3
255.96 256.06 1
256.06 256.11 0
256.11 259.50 2
259.50 259.73 0
259.73 259.86 2
259.86 260.32 3
260.32 261.02 1
261.02 261.16 3
261.16 262.58 2
262.58 262.98 0
262.98 263.65 2
263.65 264.12 3
264.12 264.28 2
264.28 264.45 0
264.45 267.19 2
267.19 267.22 0
267.22 267.84 1
267.84 268.25 3
268.25 269.00 1
269.00 269.84 0
269.84 275.09 1
275.09 275.44 3
275.44 276.70 1
276.70 276.85 0
276.85 277.14 1
277.14 277.79 3
277.79 278.42 1
278.42 278.92 0
278.92 282.03 1
282.03 282.37 0
282.37 282.50 2
282.50 282.82 3
282.82 283.02 2
283.02 283.14 0
283.14 285.54 1
285.54 286.45 3
286.45 286.57 2
286.57 286.92 3
286.92 290.40 1
290.40 290.92 0
290.92 295.50 1
295.50 297.61 3
297.61 299.21 2
299.21 299.55 0
299.55 301.65 2
301.65 302.35 3
302.35 303.63 2
303.63 304.10 3
304.10 304.96 1
304.96 305.17 3
305.17 305.42 1
305.42 306.41 3
306.41 307.78 1
307.78 307.80 0
307.80 309.62 2
309.62 309.92 3
309.92 310.15 1
310.15 310.59 0
310.59 310.96 2
310.96 311.15 3
311.15 313.42 1
313.42 313.71 0
313.71 316.87 2
316.87 317.11 3
317.11 317.86 1
317.86 318.10 3
318.10 322.04 2
322.04 322.16 3
322.16 322.32 1
322.32 322.36 3
322.36 324.37 2
324.37 324.75 3
324.75 324.81 1
324.81 325.14 0
325.14 329.10 1
329.10 329.42 3
329.42 329.94 2
329.94 330.36 3
330.36 333.79 1
333.79 334.22 0
334.22 334.30 2
334.30 334.81 3
334.81 335.18 1
335.18 335.68 3
335.68 336.51 1
336.51 336.67 3
336.67 336.92 2
336.92 337.07 0
337.07 342.64 2
342.64 342.78 3
342.78 343.07 1
343.07 343.32 3
343.32 344.63 2
344.63 344.93 3
344.93 350.57 2
350.57 350.85 0
350.85 351.19 1
351.19 351.32 0
351.32 351.79 2
351.79 352.62 3
352.62 353.74 1
353.74 353.86 3
353.86 355.11 2
355.11 355.85 3
355.85 358.24 2
358.24 358.44 3
358.44 362.44 1
362.44 362.68 0
362.68 368.54 1
368.54 368.87 3
368.87 370.08 1
370.08 370.23 3
370.23 370.54 2
370.54 370.56 0
370.56 370.77 1
370.77 371.11 0
371.11 371.67 1
371.67 372.52 0
372.52 374.54 1
374.54 374.82 0
374.82 375.73 1
375.73 376.14 0
376.14 376.67 1
376.67 377.04 3
377.04 378.37 1
378.37 378.82 3
378.82 379.42 1
379.42 379.85 3
379.85 381.35 1
381.35 381.44 0
381.44 383.99 1
383.99 384.11 3
384.11 384.33 2
384.33 384.72 0
384.72 389.10 1
389.10 389.19 0
389.19 389.69 2
389.69 389.82 0
389.82 393.58 1
393.58 394.05 3
394.05 394.27 1
394.27 394.57 0
394.57 398.17 1
398.17 398.62 0
398.62 398.94 1
398.94 399.32 3
399.32 400.31 1
400.31 401.03 0
401.03 405.60 1
405.60 405.73 0
405.73 407.97 1
407.97 408.15 3
408.15 408.38 2
408.38 408.60 0
408.60 409.94 1
409.94 410.37 0
410.37 410.41 2
410.41 410.89 3
410.89 410.93 1
410.93 411.20 0
411.20 411.91 1
411.91 413.32 3
413.32 415.75 1
415.75 415.82 0
415.82 419.33 1
419.33 419.47 0
419.47 419.60 1
419.60 420.26 3
420.26 420.81 1
420.81 421.00 0
421.00 422.01 1
422.01 422.61 3
422.61 422.98 1
422.98 423.38 0
423.38 423.68 1
423.68 423.93 0
423.93 425.42 1
425.42 425.93 3
425.93 427.80 1
427.80 427.94 3
427.94 428.25 2
428.25 428.72 0
428.72 430.80 1
430.80 431.28 3
431.28 434.41 1
434.41 434.52 0
434.52 435.08 2
435.08 435.49 0
435.49 438.54 1
438.54 439.13 3
439.13 440.58 1
440.58 440.64 0
440.64 443.38 1
443.38 443.40 0
443.40 445.65 1
445.65 445.75 3
445.75 446.55 2
446.55 447.27 3
447.27 449.32 1
449.32 449.83 0
449.83 451.44 1
451.44 451.94 3
451.94 455.04 1
455.04 455.65 0
455.65 456.02 2
456.02 456.12 3
456.12 456.89 1
456.89 457.38 0
457.38 457.41 2
457.41 457.85 3
457.85 458.64 1
458.64 459.63 3
459.63 462.79 1
462.79 463.09 3
463.09 463.79 2
463.79 464.02 0
464.02 465.53 2
465.53 465.88 3
465.88 466.31 1
466.31 466.96 3
466.96 468.62 2
468.62 468.86 3
468.86 469.94 1
469.94 470.26 0
470.26 471.50 1
471.50 471.89 3
471.89 474.61 2
474.61 474.89 3
474.89 477.21 2
477.21 478.51 0
478.51 479.37 2
479.37 479.72 3
479.72 479.99 2
479.99 480.27 0
480.27 480.61 2
480.61 481.78 3
481.78 483.64 1
483.64 483.77 3
483.77 484.30 2
484.30 484.44 0
484.44 484.87 1
484.87 485.09 0
485.09 485.53 1
485.53 485.78 0
485.78 489.61 1
489.61 490.25 3
490.25 490.55 1
490.55 490.86 3
490.86 491.03 2
491.03 491.97 3
491.97 493.23 1
493.23 493.67 3
493.67 493.79 1
493.79 493.98 0
493.98 494.55 2
494.55 494.82 3
494.82 495.58 2
495.58 496.73 3
496.73 497.32 1
497.32 497.70 0
497.70 499.21 1
499.21 499.56 0
499.56 499.78 1
499.78 500.23 3
500.23 500.40 2
500.40 500.94 0
500.94 501.04 2
501.04 501.09 3
501.09 501.67 1
501.67 501.81 3
501.81 502.28 2
502.28 502.31 3
502.31 503.62 1
503.62 503.79 0
503.79 504.28 2
504.28 504.73 3
504.73 505.49 1
505.49 506.03 3
506.03 506.61 1
506.61 506.87 0
506.87 507.28 2
507.28 507.32 3
507.32 512.36 1
512.36 512.57 3
512.57 512.89 2
512.89 513.72 3
513.72 515.24 1
515.24 515.53 3
515.53 515.71 2
515.71 515.82 3
515.82 517.28 1
517.28 517.41 3
517.41 518.40 2
518.40 529.89 0
529.89 531.66 1
531.66 531.97 3
531.97 533.11 1
533.11 533.27 0
533.27 533.29 2
533.29 533.75 3
533.75 534.99 1
534.99 535.82 3
535.82 538.79 1
538.79 539.16 0
539.16 545.35 1
545.35 545.53 0
545.53 550.06 1
550.06 550.18 0
550.18 552.62 1
552.62 552.84 0
552.84 556.07 1
556.07 556.23 0
556.23 561.58 1
561.58 561.74 0
561.74 565.19 1
565.19 565.35 0
565.35 566.37 2
566.37 567.45 3
567.45 568.40 2
568.40 568.65 0
568.65 569.93 1
569.93 570.11 0
570.11 573.56 1
573.56 573.66 0
573.66 578.71 1
578.71 578.89 3
578.89 579.87 1
579.87 580.21 0
580.21 580.62 2
580.62 580.73 3
580.73 583.12 1
583.12 584.08 3
584.08 586.49 1
586.49 586.82 0
586.82 587.06 2
587.06 587.25 3
587.25 587.60 1
587.60 587.97 0
587.97 588.03 2
588.03 588.21 3
588.21 589.98 1
589.98 591.13 0
591.13 591.81 1
591.81 594.41 0
594.41 594.70 1
594.70 595.21 0
595.21 598.27 1
598.27 600.02 3
600.02 601.20 2
601.20 601.42 3
601.42 603.40 1
