0.00 5.49 1
5.49 5.64 0
5.64 12.71 1
12.71 12.96 0
12.96 12.97 2
12.97 13.72 3
13.72 17.66 1
17.66 17.68 2
17.68 18.27 3
18.27 23.28 1
23.28 23.83 3
23.83 25.28 2
25.28 25.64 0
25.64 31.70 1
31.70 31.85 3
31.85 36.29 2
36.29 36.38 0
36.38 36.69 1
36.69 37.16 3
37.16 38.00 2
38.00 38.08 0
38.08 43.60 1
43.60 44.55 3
44.55 44.63 2
44.63 45.24 3
45.24 46.21 2
46.21 46.33 3
46.33 46.63 1
46.63 47.05 3
47.05 53.75 1
53.75 53.77 0
53.77 53.87 1
53.87 54.33 3
54.33 54.84 1
54.84 56.04 3
56.04 57.05 2
57.05 57.30 1
57.30 58.40 3
58.40 60.80 2
60.80 61.62 3
61.62 62.57 2
62.57 62.90 3
62.90 70.60 1
70.60 70.84 0
70.84 71.70 3
71.70 77.57 1
77.57 78.06 3
78.06 78.07 2
78.07 78.48 3
78.48 88.48 1
88.48 88.65 0
88.65 89.26 2
89.26 89.51 3
89.51 99.87 1
99.87 99.95 0
99.95 100.06 1
100.06 100.84 3
100.84 111.43 1
111.43 111.61 0
111.61 112.03 1
112.03 112.31 3
112.31 114.58 1
114.58 114.64 0
114.64 117.39 1
117.39 117.55 0
117.55 117.87 2
117.87 118.21 3
118.21 119.02 1
119.02 119.69 3
119.69 121.94 2
121.94 121.98 0
121.98 122.19 2
122.19 122.86 3
122.86 124.35 2
124.35 124.48 3
124.48 125.25 1
125.25 126.45 3
126.45 127.30 2
127.30 127.65 3
127.65 127.81 1
127.81 128.00 3
128.00 129.71 2
129.71 129.80 3
129.80 129.98 1
129.98 130.97 3
130.97 131.00 1
131.00 131.04 0
131.04 136.67 1
136.67 136.83 3
136.83 136.86 2
136.86 137.67 3
137.67 137.83 2
137.83 138.01 0
138.01 138.35 2
138.35 138.59 3
138.59 139.84 1
139.84 140.13 3
140.13 141.76 2
141.76 142.73 3
142.73 143.08 1
143.08 143.22 0
143.22 149.10 2
149.10 149.28 3
149.28 149.32 1
149.32 150.58 3
150.58 151.53 2
151.53 151.65 0
151.65 151.77 2
151.77 152.70 3
152.70 154.21 2
154.21 154.36 0
154.36 154.91 1
154.91 156.77 3
156.77 157.41 1
157.41 158.06 3
158.06 160.02 2
160.02 160.13 0
160.13 163.09 2
163.09 163.27 0
163.27 163.95 1
163.95 165.19 3
165.19 165.90 2
165.90 166.38 3
166.38 167.82 1
167.82 167.92 0
167.92 168.79 2
168.79 168.95 0
168.95 173.58 2
173.58 173.68 0
173.68 176.23 2
176.23 176.38 3
176.38 178.84 1
178.84 178.87 0
178.87 178.88 1
178.88 179.97 3
179.97 180.49 1
180.49 181.32 3
181.32 181.77 1
181.77 182.11 0
182.11 186.41 2
186.41 186.66 0
186.66 186.80 1
186.80 188.52 3
188.52 188.79 1
188.79 188.92 0
188.92 190.04 1
190.04 190.05 0
190.05 192.17 2
192.17 192.30 0
192.30 193.45 2
193.45 193.56 3
193.56 195.17 1
195.17 196.04 0
196.04 196.08 1
196.08 196.61 3
196.61 197.00 2
197.00 197.62 3
197.62 198.16 1
198.16 198.35 3
198.35 199.80 2
199.80 199.89 0
199.89 202.69 2
202.69 202.85 0
202.85 208.01 2
208.01 208.23 0
208.23 211.91 2
211.91 212.01 0
212.01 214.62 2
214.62 214.77 3
214.77 215.08 1
215.08 215.89 3
215.89 216.66 2
216.66 216.98 0
216.98 221.00 1
221.00 221.41 0
221.41 221.42 1
221.42 222.45 3
222.45 222.58 1
222.58 222.71 3
222.71 222.81 1
222.81 222.83 0
222.83 222.96 1
222.96 224.12 3
224.12 224.52 1
224.52 224.71 0
224.71 225.60 2
225.60 225.81 0
225.81 226.52 2
226.52 226.73 3
226.73 227.52 1
227.52 227.58 0
227.58 227.70 1
227.70 228.26 3
228.26 228.51 2
228.51 229.39 3
229.39 231.02 1
231.02 231.07 0
231.07 233.69 2
233.69 233.70 0
233.70 237.73 1
237.73 238.39 3
238.39 238.64 1
238.64 239.05 0
239.05 239.35 2
239.35 240.17 3
240.17 244.12 1
244.12 244.60 3
244.60 245.29 1
245.29 245.36 0
245.36 246.20 2
246.20 246.33 0
246.33 250.70 1
250.70 250.81 0
250.81 250.83 1
250.83 251.77 3
251.77 251.83 0
251.83 252.66 1
252.66 253.41 3
253.41 254.26 1
254.26 254.31 0
254.31 257.38 1
257.38 258.33 0
258.33 263.16 1
263.16 263.54 0
263.54 264.76 2
264.76 265.03 0
265.03 265.16 1
265.16 267.00 3
267.00 267.43 1
267.43 267.73 3
267.73 268.06 1
268.06 268.10 0
268.10 268.37 1
268.37 268.73 3
268.73 269.83 1
269.83 269.90 0
269.90 272.79 1
272.79 273.21 3
273.21 273.85 1
273.85 273.92 0
273.92 274.08 1
274.08 274.42 3
274.42 277.85 1
277.85 278.05 0
278.05 278.38 1
278.38 278.70 3
278.70 281.33 1
281.33 281.44 0
281.44 285.36 1
285.36 285.40 0
285.40 289.62 1
289.62 290.00 0
290.00 290.44 3
290.44 292.83 1
292.83 294.03 3
294.03 296.80 2
296.80 296.92 0
296.92 297.90 1
297.90 298.06 0
298.06 298.07 2
298.07 298.71 3
298.71 298.74 1
298.74 299.14 3
299.14 301.30 2
301.30 301.71 0
301.71 303.55 1
303.55 303.59 0
303.59 308.09 1
308.09 308.44 0
308.44 310.12 1
310.12 310.65 0
310.65 311.42 1
311.42 312.67 3
312.67 315.17 1
315.17 315.55 0
315.55 319.68 1
319.68 320.00 0
320.00 323.41 1
323.41 323.75 0
323.75 323.83 1
323.83 324.23 3
324.23 324.28 1
324.28 324.36 0
324.36 329.86 1
329.86 330.31 0
330.31 330.65 1
330.65 331.36 3
331.36 331.74 1
331.74 332.43 0
332.43 332.94 1
332.94 333.96 3
333.96 336.56 2
336.56 337.27 0
337.27 337.50 1
337.50 337.92 3
337.92 339.73 2
339.73 340.07 0
340.07 342.05 1
342.05 342.10 0
342.10 342.39 1
342.39 342.63 3
342.63 343.59 1
343.59 344.54 3
344.54 349.36 2
349.36 349.76 0
349.76 351.98 1
351.98 352.28 0
352.28 353.27 1
353.27 354.01 3
354.01 357.15 2
357.15 357.38 0
357.38 358.07 1
358.07 359.01 3
359.01 360.93 1
360.93 361.40 0
361.40 364.12 1
364.12 364.46 0
364.46 366.05 1
366.05 366.17 0
366.17 367.75 1
367.75 368.19 3
368.19 371.15 2
371.15 371.50 0
371.50 374.43 2
374.43 374.73 0
374.73 376.72 2
376.72 377.15 0
377.15 378.97 2
378.97 379.92 3
379.92 380.40 1
380.40 381.04 3
381.04 383.15 2
383.15 383.56 0
383.56 385.20 2
385.20 385.53 0
385.53 385.95 1
385.95 386.10 3
386.10 386.82 2
386.82 386.89 3
386.89 387.55 1
387.55 388.10 3
388.10 390.27 2
390.27 390.49 0
390.49 390.52 2
390.52 390.89 3
390.89 393.45 2
393.45 393.95 0
393.95 394.46 1
394.46 395.47 3
395.47 396.24 2
396.24 396.48 0
396.48 398.63 2
398.63 399.05 0
399.05 399.93 2
399.93 400.36 0
400.36 400.88 1
400.88 401.13 0
401.13 402.18 2
402.18 402.49 0
402.49 403.68 2
403.68 403.87 0
403.87 404.31 1
404.31 409.91 2
409.91 410.18 0
410.18 410.55 1
410.55 410.58 3
410.58 415.15 2
415.15 415.75 0
415.75 415.90 1
415.90 416.05 3
416.05 419.94 2
419.94 420.27 0
420.27 420.58 3
420.58 421.31 2
421.31 421.67 0
421.67 423.50 2
423.50 424.34 3
424.34 424.88 1
424.88 425.41 3
425.41 426.07 2
426.07 426.19 0
426.19 428.07 1
428.07 428.20 3
428.20 428.28 2
428.28 429.24 3
429.24 429.70 2
429.70 430.02 0
430.02 430.20 2
430.20 430.89 3
430.89 433.43 2
433.43 433.61 0
433.61 433.95 1
433.95 434.04 3
434.04 435.06 2
435.06 435.13 0
435.13 435.28 1
435.28 435.59 3
435.59 437.31 2
437.31 437.65 0
437.65 438.28 2
438.28 438.56 0
438.56 439.89 2
439.89 440.26 0
440.26 444.03 2
444.03 444.05 3
444.05 445.22 1
445.22 445.42 0
445.42 447.31 2
447.31 448.13 3
448.13 448.39 1
448.39 448.63 0
448.63 449.27 2
449.27 449.70 3
449.70 449.79 1
449.79 450.35 3
450.35 452.24 2
452.24 452.65 0
452.65 453.35 2
453.35 453.47 3
453.47 453.56 1
453.56 454.04 3
454.04 454.20 2
454.20 454.33 3
454.33 455.35 1
455.35 455.78 3
455.78 456.55 1
456.55 457.29 3
457.29 457.44 1
457.44 457.78 0
457.78 459.18 1
459.18 459.51 3
459.51 459.57 2
459.57 459.68 3
459.68 459.71 1
459.71 460.06 3
460.06 461.40 2
461.40 461.53 0
461.53 462.13 2
462.13 462.63 3
462.63 462.74 1
462.74 463.04 3
463.04 463.23 1
463.23 463.45 3
463.45 463.60 1
463.60 463.73 0
463.73 463.80 1
463.80 464.29 3
464.29 464.40 2
464.40 464.54 0
464.54 466.72 1
466.72 469.10 3
469.10 470.64 2
470.64 470.98 0
470.98 471.59 2
471.59 472.23 3
472.23 473.39 1
473.39 474.09 3
474.09 476.48 2
476.48 476.67 0
476.67 477.41 1
477.41 477.71 0
477.71 478.09 2
478.09 478.56 0
478.56 479.30 1
479.30 479.49 0
479.49 480.67 2
480.67 480.78 3
480.78 482.94 1
482.94 483.19 0
483.19 483.48 2
483.48 483.81 0
483.81 484.95 1
484.95 485.28 0
485.28 486.35 2
486.35 486.65 0
486.65 487.20 1
487.20 487.29 0
487.29 487.89 1
487.89 488.14 0
488.14 491.95 2
491.95 492.14 0
492.14 492.48 1
492.48 493.40 3
493.40 494.42 2
494.42 494.45 0
494.45 496.10 1
496.10 496.41 3
496.41 497.16 1
497.16 497.22 0
497.22 499.06 2
499.06 500.01 0
500.01 500.02 2
500.02 500.95 3
500.95 504.34 2
504.34 504.79 0
504.79 509.48 2
509.48 509.78 3
509.78 510.54 1
510.54 510.81 0
510.81 512.79 2
512.79 513.56 3
513.56 513.69 1
513.69 513.91 0
513.91 515.73 1
515.73 516.02 0
516.02 516.90 2
516.90 517.08 0
517.08 518.07 2
518.07 518.49 0
518.49 518.70 2
518.70 518.98 3
518.98 519.86 1
519.86 520.13 0
520.13 522.56 2
522.56 522.89 3
522.89 523.80 1
523.80 524.64 3
524.64 529.26 2
529.26 529.81 0
529.81 532.67 2
532.67 533.33 0
533.33 535.98 2
535.98 536.11 3
536.11 539.29 1
539.29 539.82 0
539.82 540.42 2
540.42 541.11 3
541.11 541.24 1
541.24 541.35 3
541.35 541.76 2
541.76 542.41 3
542.41 542.60 2
542.60 542.89 3
542.89 544.52 1
544.52 545.46 3
545.46 546.42 2
546.42 546.76 0
546.76 548.48 1
548.48 548.80 0
548.80 549.06 1
549.06 549.47 3
549.47 549.94 1
549.94 549.95 0
549.95 550.88 2
550.88 551.82 3
551.82 554.98 1
554.98 555.26 0
555.26 558.73 1
558.73 559.39 0
559.39 564.05 1
564.05 564.42 3
564.42 564.99 1
564.99 565.40 0
565.40 565.45 1
565.45 565.99 3
565.99 568.23 1
568.23 568.69 0
568.69 572.14 1
572.14 572.42 0
572.42 572.81 1
572.81 572.95 0
572.95 573.33 2
573.33 573.45 3
573.45 573.82 1
573.82 574.16 3
574.16 578.47 2
578.47 578.57 0
578.57 579.06 1
579.06 579.08 0
579.08 581.77 2
581.77 582.44 0
582.44 582.48 2
582.48 583.02 3
583.02 586.11 1
586.11 586.45 0
586.45 588.19 1
588.19 588.54 3
588.54 589.27 1
589.27 589.28 0
589.28 589.84 2
589.84 590.77 3
590.77 593.92 1
593.92 594.10 3
594.10 595.16 1
595.16 595.90 3
595.90 597.76 2
597.76 598.08 0
598.08 598.46 1
598.46 598.62 0
598.62 598.77 2
598.77 599.79 3
599.79 600.75 2
600.75 601.07 0
601.07 601.32 1
601.32 601.54 3
601.54 602.87 2
