0.00 2.33 1
2.33 2.51 0
2.51 3.47 2
3.47 4.17 3
4.17 8.09 1
8.09 8.16 0
8.16 8.72 2
8.72 8.80 3
8.80 14.04 1
14.04 14.07 0
14.07 14.78 2
14.78 14.83 0
14.83 15.22 1
15.22 15.51 3
15.51 16.32 2
16.32 16.66 3
16.66 17.91 1
17.91 18.94 3
18.94 21.04 2
21.04 21.17 3
21.17 22.76 1
22.76 22.82 3
22.82 23.19 2
23.19 23.37 3
23.37 24.81 1
24.81 24.82 3
24.82 25.50 2
25.50 25.64 3
25.64 27.81 1
27.81 28.01 0
28.01 31.65 1
31.65 32.13 0
32.13 35.15 1
35.15 35.20 0
35.20 35.88 3
35.88 39.36 1
39.36 39.52 0
39.52 40.99 1
40.99 41.51 3
41.51 41.67 1
41.67 41.68 0
41.68 43.54 1
43.54 44.06 3
44.06 44.14 2
44.14 44.83 3
44.83 45.29 1
45.29 45.30 0
45.30 46.80 2
46.80 46.89 3
46.89 48.85 1
48.85 48.90 0
48.90 50.35 2
50.35 50.44 3
50.44 50.74 1
50.74 51.17 0
51.17 51.56 1
51.56 52.08 3
52.08 54.61 1
54.61 54.92 0
54.92 55.72 2
55.72 55.74 3
55.74 57.00 1
57.00 57.32 0
57.32 57.37 1
57.37 57.94 3
57.94 58.51 1
58.51 58.53 0
58.53 59.78 2
59.78 59.91 3
59.91 60.51 1
60.51 60.61 3
60.61 61.09 2
61.09 61.22 0
61.22 63.67 1
63.67 64.51 3
64.51 67.26 2
67.26 67.34 0
67.34 68.10 1
68.10 68.42 0
68.42 73.38 2
73.38 73.39 0
73.39 76.29 2
76.29 76.33 0
76.33 79.77 2
79.77 79.90 0
79.90 80.42 1
80.42 80.49 3
80.49 83.43 2
83.43 83.85 0
83.85 88.32 2
88.32 88.39 0
88.39 90.37 2
90.37 90.79 3
90.79 91.65 2
91.65 92.01 0
92.01 97.12 2
97.12 97.23 3
97.23 97.32 1
97.32 99.04 3
99.04 100.01 2
100.01 100.80 3
100.80 101.02 1
101.02 101.50 3
101.50 105.66 2
105.66 105.67 0
105.67 108.27 2
108.27 108.44 3
108.44 110.84 1
110.84 110.96 3
110.96 111.87 2
111.87 112.00 3
112.00 112.87 1
112.87 113.22 3
113.22 113.82 1
113.82 114.35 0
114.35 114.48 2
114.48 115.01 3
115.01 115.18 1
115.18 115.29 3
115.29 117.33 2
117.33 117.56 3
117.56 118.90 1
118.90 119.66 3
119.66 119.70 2
119.70 120.09 0
120.09 121.90 1
121.90 122.26 3
122.26 122.87 2
122.87 123.35 3
123.35 123.75 1
123.75 123.90 3
123.90 127.99 2
127.99 128.69 3
128.69 130.62 1
130.62 130.68 0
130.68 132.23 2
132.23 132.85 3
132.85 136.46 1
136.46 136.68 3
136.68 138.90 2
138.90 138.91 3
138.91 140.35 1
140.35 140.59 0
140.59 140.78 2
140.78 141.16 3
141.16 144.72 1
144.72 145.18 3
145.18 145.78 2
145.78 146.20 3
146.20 149.99 1
149.99 150.06 0
150.06 156.45 2
156.45 156.74 3
156.74 156.76 1
156.76 157.43 3
157.43 158.37 2
158.37 158.52 3
158.52 158.62 1
158.62 158.87 3
158.87 159.11 2
159.11 159.30 0
159.30 161.46 1
161.46 161.81 3
161.81 161.85 1
161.85 161.89 0
161.89 164.59 1
164.59 164.68 0
164.68 167.99 1
167.99 168.34 3
168.34 169.08 2
169.08 169.16 3
169.16 169.83 1
169.83 169.87 3
169.87 176.14 2
176.14 176.20 3
176.20 176.22 1
176.22 176.51 3
176.51 178.47 2
178.47 178.56 3
178.56 179.45 1
179.45 179.58 3
179.58 179.93 2
179.93 180.39 3
180.39 181.60 1
181.60 181.74 3
181.74 181.93 2
181.93 182.12 3
182.12 183.04 1
183.04 183.15 3
183.15 185.93 2
185.93 186.02 3
186.02 186.80 1
186.80 186.90 0
186.90 187.31 2
187.31 188.06 3
188.06 188.12 1
188.12 188.93 3
188.93 190.24 2
190.24 190.46 3
190.46 192.09 1
192.09 192.17 3
192.17 196.10 2
196.10 196.15 0
196.15 210.33 2
210.33 210.44 0
210.44 213.56 2
213.56 213.67 3
213.67 214.14 1
214.14 214.20 0
214.20 216.03 2
216.03 216.17 0
216.17 217.01 1
217.01 217.13 0
217.13 219.01 2
219.01 219.83 3
219.83 221.82 1
221.82 221.94 0
221.94 225.12 2
225.12 226.04 3
226.04 226.09 1
226.09 226.61 0
226.61 231.05 2
231.05 231.06 0
231.06 235.66 2
235.66 236.04 3
236.04 236.33 1
236.33 236.57 3
236.57 240.62 2
240.62 240.73 3
240.73 241.13 1
241.13 241.20 3
241.20 242.47 2
242.47 242.69 3
242.69 243.91 1
243.91 243.94 0
243.94 251.12 2
251.12 251.38 3
251.38 251.76 1
251.76 252.78 0
252.78 256.00 2
256.00 256.28 3
256.28 260.09 1
260.09 260.10 0
260.10 260.13 1
260.13 260.94 3
260.94 261.87 1
261.87 261.95 3
261.95 264.66 2
264.66 264.74 3
264.74 265.43 1
265.43 265.66 3
265.66 266.04 2
266.04 266.20 0
266.20 268.59 1
268.59 268.65 3
268.65 270.19 2
270.19 270.33 3
270.33 271.00 1
271.00 271.31 0
271.31 271.80 2
271.80 272.40 3
272.40 273.18 1
273.18 273.60 0
273.60 274.61 2
274.61 274.69 3
274.69 275.08 1
275.08 275.66 3
275.66 277.20 2
277.20 278.39 3
278.39 278.68 1
278.68 279.66 3
279.66 279.94 2
279.94 279.96 3
279.96 280.47 1
280.47 281.00 3
281.00 281.80 2
281.80 282.44 3
282.44 284.99 1
284.99 285.61 0
285.61 295.96 2
295.96 296.78 3
296.78 297.72 2
297.72 298.01 0
298.01 298.86 1
298.86 298.95 3
298.95 299.36 2
299.36 299.84 0
299.84 303.76 1
303.76 304.28 3
304.28 305.39 2
305.39 306.33 3
306.33 306.77 2
306.77 307.58 0
307.58 308.11 1
308.11 308.28 3
308.28 308.82 2
308.82 308.95 3
308.95 309.91 1
309.91 310.56 0
310.56 314.80 2
314.80 314.94 0
314.94 317.32 1
317.32 317.33 3
317.33 318.20 2
318.20 318.28 3
318.28 319.17 1
319.17 319.18 3
319.18 319.60 2
319.60 319.70 3
319.70 322.00 1
322.00 330.24 2
330.24 330.49 0
330.49 330.83 1
330.83 331.48 3
331.48 335.30 2
335.30 335.40 0
335.40 337.94 2
337.94 338.05 3
338.05 338.79 1
338.79 338.86 0
338.86 341.37 2
341.37 341.46 3
341.46 344.07 1
344.07 344.96 0
344.96 345.21 1
345.21 345.85 3
345.85 349.58 1
349.58 349.66 3
349.66 350.55 2
350.55 350.60 0
350.60 353.42 1
353.42 353.90 0
353.90 355.85 2
355.85 356.55 3
356.55 359.62 1
359.62 359.71 3
359.71 362.38 2
362.38 362.49 0
362.49 362.55 1
362.55 362.94 3
362.94 363.55 2
363.55 363.65 3
363.65 365.10 1
365.10 365.15 3
365.15 365.81 2
365.81 365.88 0
365.88 366.37 1
366.37 366.54 0
366.54 366.86 2
366.86 366.97 3
366.97 367.44 1
367.44 367.55 0
367.55 368.26 2
368.26 368.48 3
368.48 368.94 1
368.94 369.24 0
369.24 369.76 2
369.76 370.38 3
370.38 371.50 1
371.50 371.86 0
371.86 372.79 2
372.79 373.30 3
373.30 375.22 1
375.22 375.39 3
375.39 378.26 2
378.26 378.69 3
378.69 386.58 2
386.58 387.31 0
387.31 390.32 1
390.32 390.38 0
390.38 391.08 2
391.08 391.18 3
391.18 396.04 1
396.04 396.93 0
396.93 403.23 1
403.23 403.33 3
403.33 403.39 2
403.39 404.92 3
404.92 405.53 1
405.53 405.89 0
405.89 406.42 3
406.42 406.95 1
406.95 407.34 3
407.34 410.01 2
410.01 410.13 0
410.13 414.96 2
414.96 415.05 3
415.05 415.58 1
415.58 415.70 3
415.70 416.45 2
416.45 416.55 3
416.55 421.96 1
421.96 422.02 3
422.02 422.75 2
422.75 422.91 3
422.91 428.15 1
428.15 428.63 0
428.63 430.71 1
430.71 431.02 0
431.02 433.59 1
433.59 434.21 3
434.21 434.45 1
434.45 435.40 0
435.40 442.15 1
442.15 442.27 3
442.27 442.36 2
442.36 445.25 3
445.25 446.46 1
446.46 446.87 3
446.87 446.91 1
446.91 446.95 0
446.95 450.03 1
450.03 450.42 0
450.42 453.67 2
453.67 453.99 3
453.99 454.36 1
454.36 454.58 0
454.58 455.07 2
455.07 455.15 3
455.15 458.55 1
458.55 458.96 0
458.96 461.17 2
461.17 462.19 0
462.19 462.61 1
462.61 462.84 3
462.84 467.21 2
467.21 467.29 0
467.29 470.61 1
470.61 471.33 3
471.33 475.57 2
475.57 475.78 0
475.78 477.92 1
477.92 478.07 3
478.07 478.40 2
478.40 479.20 3
479.20 483.44 1
483.44 483.90 0
483.90 484.49 2
484.49 484.58 3
484.58 488.80 1
488.80 488.86 3
488.86 491.58 2
491.58 491.68 0
491.68 493.31 1
493.31 493.32 0
493.32 493.65 2
493.65 495.21 3
495.21 497.89 1
497.89 498.16 0
498.16 498.41 2
498.41 498.43 3
498.43 500.98 1
500.98 501.70 0
501.70 507.19 1
507.19 507.74 0
507.74 508.33 2
508.33 509.91 3
509.91 510.32 1
510.32 510.45 3
510.45 510.98 2
510.98 511.08 3
511.08 514.38 1
514.38 514.45 0
514.45 515.65 2
515.65 515.77 3
515.77 518.70 1
518.70 519.51 3
519.51 522.61 2
522.61 523.13 3
523.13 526.24 1
526.24 526.61 3
526.61 526.90 1
526.90 527.33 0
527.33 534.71 1
534.71 534.93 0
534.93 538.91 1
538.91 539.06 0
539.06 539.75 2
539.75 539.89 3
539.89 541.09 1
541.09 541.17 0
541.17 541.71 2
541.71 541.89 3
541.89 548.70 1
548.70 548.76 0
548.76 549.24 2
549.24 549.38 3
549.38 551.82 1
551.82 552.38 0
552.38 552.76 2
552.76 553.19 3
553.19 555.23 1
555.23 555.43 0
555.43 556.23 2
556.23 556.24 3
556.24 556.39 1
556.39 556.79 3
556.79 557.75 2
557.75 558.34 3
558.34 559.09 1
559.09 559.68 3
559.68 560.27 2
560.27 560.45 3
560.45 560.56 1
560.56 561.71 3
561.71 562.86 1
562.86 563.32 0
563.32 567.09 1
567.09 567.51 3
567.51 569.24 2
569.24 569.61 3
569.61 569.80 1
569.80 569.90 3
569.90 570.25 2
570.25 570.34 3
570.34 571.28 1
571.28 571.66 3
571.66 571.90 2
571.90 572.00 3
572.00 575.18 1
575.18 575.56 3
575.56 577.96 2
577.96 578.20 0
578.20 580.98 1
580.98 581.36 0
581.36 584.35 2
584.35 584.82 3
584.82 588.02 1
588.02 588.11 0
588.11 588.39 2
588.39 588.88 3
588.88 590.38 1
590.38 590.59 0
590.59 591.07 2
591.07 591.30 0
591.30 597.51 1
597.51 597.64 3
597.64 598.03 2
598.03 598.19 3
598.19 598.52 1
598.52 598.78 3
598.78 599.40 2
599.40 599.42 3
599.42 600.61 1
