0.00 0.30 2
0.30 0.51 3
0.51 0.60 1
0.60 0.70 3
0.70 1.04 1
1.04 1.18 0
1.18 2.04 1
2.04 2.22 3
2.22 2.49 1
2.49 3.12 0
3.12 5.34 2
5.34 5.44 0
5.44 7.15 2
7.15 7.41 0
7.41 8.61 2
8.61 8.83 0
8.83 10.21 2
10.21 11.03 0
11.03 11.48 1
11.48 12.92 0
12.92 13.15 1
13.15 13.47 0
13.47 14.87 1
14.87 15.10 3
15.10 16.34 1
16.34 17.01 0
17.01 17.50 2
17.50 18.04 0
18.04 18.39 2
18.39 19.29 0
19.29 21.04 2
21.04 21.27 0
21.27 23.08 2
23.08 24.40 0
24.40 27.10 1
27.10 27.22 0
27.22 28.91 2
28.91 29.39 3
29.39 29.91 2
29.91 30.36 0
30.36 31.04 1
31.04 31.72 0
31.72 33.84 1
33.84 34.31 0
34.31 35.84 1
35.84 36.47 0
36.47 36.92 2
36.92 37.35 0
37.35 39.89 1
39.89 39.99 0
39.99 45.14 1
45.14 45.72 0
45.72 47.23 2
47.23 47.63 0
47.63 48.35 2
48.35 48.97 3
48.97 49.53 2
49.53 49.81 0
49.81 50.25 1
50.25 50.40 0
50.40 50.41 1
50.41 51.60 3
51.60 51.82 1
51.82 52.17 0
52.17 52.72 2
52.72 53.61 0
53.61 54.43 1
54.43 55.00 0
55.00 55.66 2
55.66 55.75 3
55.75 56.22 1
56.22 57.10 0
57.10 57.35 1
57.35 57.55 0
57.55 59.31 1
59.31 59.83 0
59.83 60.74 2
60.74 60.86 0
60.86 63.25 1
63.25 63.98 0
63.98 64.56 2
64.56 66.54 0
66.54 66.95 2
66.95 67.37 0
67.37 70.33 2
70.33 70.68 0
70.68 71.20 1
71.20 71.48 0
71.48 73.15 2
73.15 74.51 0
74.51 77.76 2
77.76 78.04 0
78.04 78.40 2
78.40 78.70 0
78.70 79.00 2
79.00 79.40 3
79.40 79.42 2
79.42 79.58 0
79.58 84.47 2
84.47 84.77 0
84.77 86.19 1
86.19 86.34 0
86.34 87.42 1
87.42 87.61 0
87.61 88.73 2
88.73 89.28 3
89.28 90.71 1
90.71 91.70 0
91.70 92.98 2
92.98 93.60 0
93.60 97.03 1
97.03 97.48 0
97.48 98.05 2
98.05 98.63 0
98.63 98.95 2
98.95 99.15 0
99.15 100.99 2
100.99 102.37 0
102.37 103.63 1
103.63 103.84 0
103.84 104.94 1
104.94 105.37 0
105.37 105.63 2
105.63 106.44 0
106.44 107.79 1
107.79 108.20 3
108.20 110.63 2
110.63 110.79 0
110.79 113.72 1
113.72 114.09 0
114.09 120.10 2
120.10 120.32 0
120.32 120.42 2
120.42 120.57 3
120.57 124.09 1
124.09 124.41 0
124.41 125.53 1
125.53 125.87 0
125.87 128.31 1
128.31 129.06 0
129.06 129.43 1
129.43 129.61 0
129.61 136.36 1
136.36 136.79 0
136.79 138.29 1
138.29 138.65 0
138.65 138.99 2
138.99 140.47 0
140.47 142.20 2
142.20 142.65 0
142.65 142.81 2
142.81 143.04 3
143.04 143.31 1
143.31 143.78 0
143.78 143.85 2
143.85 144.06 3
144.06 145.51 2
145.51 146.04 0
146.04 149.74 2
149.74 150.16 0
150.16 152.62 2
152.62 152.93 0
152.93 154.12 2
154.12 154.48 0
154.48 155.04 2
155.04 155.19 0
155.19 156.41 2
156.41 156.73 0
156.73 157.29 1
157.29 157.36 0
157.36 160.91 2
160.91 161.47 0
161.47 163.88 2
163.88 164.72 0
164.72 168.16 2
168.16 168.44 0
168.44 171.88 2
171.88 172.11 0
172.11 178.05 2
178.05 178.26 3
178.26 178.40 1
178.40 178.75 3
178.75 179.07 1
179.07 179.26 3
179.26 180.44 1
180.44 182.73 0
182.73 187.43 2
187.43 187.91 0
187.91 189.04 2
189.04 189.49 3
189.49 189.77 1
189.77 190.25 3
190.25 191.44 2
191.44 192.18 3
192.18 192.32 2
192.32 192.39 3
192.39 192.69 1
192.69 193.19 0
193.19 197.44 1
197.44 197.81 0
197.81 199.85 1
199.85 199.86 0
199.86 200.24 2
200.24 200.32 0
200.32 202.70 2
202.70 202.86 0
202.86 206.04 2
206.04 206.51 0
206.51 206.56 1
206.56 207.10 3
207.10 207.43 2
207.43 208.02 3
208.02 209.29 1
209.29 209.56 0
209.56 210.56 2
210.56 211.09 0
211.09 211.31 1
211.31 211.64 3
211.64 212.24 2
212.24 212.48 0
212.48 214.80 2
214.80 215.24 0
215.24 215.62 1
215.62 215.81 3
215.81 217.78 2
217.78 218.11 0
218.11 219.81 1
219.81 219.93 0
219.93 220.02 2
220.02 220.29 3
220.29 221.40 1
221.40 221.57 0
221.57 222.13 2
222.13 222.42 0
222.42 222.77 2
222.77 222.99 3
222.99 223.38 1
223.38 224.43 0
224.43 224.51 1
224.51 225.19 3
225.19 225.43 1
225.43 225.48 0
225.48 225.64 2
225.64 226.30 3
226.30 228.37 2
228.37 229.15 0
229.15 234.11 2
234.11 234.49 0
234.49 235.66 2
235.66 236.51 0
236.51 238.11 2
238.11 238.40 0
238.40 240.28 2
240.28 241.09 0
241.09 242.66 2
242.66 242.87 0
242.87 243.29 2
243.29 244.23 0
244.23 246.12 2
246.12 246.37 0
246.37 250.24 2
250.24 251.80 0
251.80 252.65 2
252.65 252.79 0
252.79 254.65 2
254.65 255.04 0
255.04 255.57 2
255.57 255.65 0
255.65 256.32 2
256.32 256.77 0
256.77 257.31 2
257.31 257.43 0
257.43 258.15 2
258.15 259.07 0
259.07 260.83 2
260.83 263.31 0
263.31 263.75 1
263.75 264.63 0
264.63 267.71 1
267.71 268.57 0
268.57 269.47 1
269.47 269.73 0
269.73 270.01 2
270.01 270.23 0
270.23 270.54 2
270.54 270.76 0
270.76 273.18 1
273.18 273.40 3
273.40 273.54 1
273.54 273.87 0
273.87 274.39 2
274.39 274.57 0
274.57 276.70 2
276.70 277.41 0
277.41 277.57 1
277.57 277.90 3
277.90 278.18 1
278.18 278.33 0
278.33 280.89 1
280.89 281.11 0
281.11 284.18 1
284.18 284.24 3
284.24 284.59 2
284.59 284.73 3
284.73 285.67 1
285.67 285.94 0
285.94 290.44 1
290.44 290.63 3
290.63 291.31 2
291.31 291.46 3
291.46 294.01 1
294.01 294.50 0
294.50 294.78 2
294.78 296.98 0
296.98 302.62 1
302.62 302.75 0
302.75 304.45 1
304.45 306.19 0
306.19 308.40 2
308.40 308.78 3
308.78 311.83 1
311.83 311.97 0
311.97 312.63 2
312.63 312.78 3
312.78 313.83 1
313.83 314.19 0
314.19 315.92 1
315.92 316.12 0
316.12 316.99 2
316.99 317.17 3
317.17 319.31 1
319.31 320.41 0
320.41 320.72 1
320.72 320.87 0
320.87 323.35 1
323.35 323.51 0
323.51 324.26 2
324.26 324.42 3
324.42 325.54 1
325.54 326.54 0
326.54 326.82 2
326.82 327.48 0
327.48 327.72 1
327.72 327.94 3
327.94 328.15 1
328.15 328.32 0
328.32 328.38 2
328.38 328.99 3
328.99 332.21 2
332.21 333.77 0
333.77 335.83 1
335.83 336.41 0
336.41 337.03 1
337.03 338.05 0
338.05 338.12 1
338.12 339.04 3
339.04 339.31 2
339.31 339.91 3
339.91 343.62 1
343.62 344.47 0
344.47 344.79 2
344.79 345.33 0
345.33 346.71 2
346.71 347.01 0
347.01 347.40 1
347.40 347.71 0
347.71 347.96 1
347.96 348.06 3
348.06 349.23 2
349.23 349.80 0
349.80 350.96 1
350.96 351.61 3
351.61 352.03 2
352.03 352.69 0
352.69 352.89 2
352.89 353.68 3
353.68 354.09 1
354.09 354.77 0
354.77 355.04 2
355.04 355.40 0
355.40 355.68 2
355.68 356.49 0
356.49 356.56 1
356.56 357.00 3
357.00 357.03 1
357.03 358.23 0
358.23 359.35 2
359.35 359.92 0
359.92 363.04 1
363.04 363.69 0
363.69 364.77 2
364.77 365.15 0
365.15 368.16 2
368.16 368.36 0
368.36 368.40 2
368.40 369.05 3
369.05 369.61 2
369.61 370.34 0
370.34 371.41 2
371.41 371.63 0
371.63 372.64 2
372.64 372.99 0
372.99 373.10 1
373.10 373.64 3
373.64 374.32 1
374.32 375.46 0
375.46 375.68 2
375.68 376.18 3
376.18 376.20 2
376.20 376.60 0
376.60 379.72 2
379.72 380.90 0
380.90 382.87 1
382.87 383.29 0
383.29 384.04 2
384.04 384.39 0
384.39 385.65 1
385.65 386.04 0
386.04 386.51 2
386.51 387.19 0
387.19 387.46 2
387.46 387.74 3
387.74 387.91 1
387.91 388.11 0
388.11 390.50 2
390.50 390.64 0
390.64 393.78 2
393.78 394.07 3
394.07 394.36 2
394.36 395.33 0
395.33 395.35 1
395.35 395.97 3
395.97 396.79 2
396.79 396.82 3
396.82 397.00 1
397.00 397.37 3
397.37 398.25 1
398.25 398.46 0
398.46 399.21 2
399.21 399.52 0
399.52 400.83 1
400.83 401.17 0
401.17 405.42 2
405.42 406.23 0
406.23 406.86 1
406.86 407.08 0
407.08 407.29 1
407.29 407.62 0
407.62 409.27 1
409.27 410.00 0
410.00 411.08 2
411.08 411.45 0
411.45 411.51 2
411.51 411.74 3
411.74 412.15 1
412.15 412.38 0
412.38 412.71 1
412.71 412.85 0
412.85 413.44 1
413.44 413.90 0
413.90 414.04 2
414.04 414.24 3
414.24 417.29 1
417.29 417.77 0
417.77 419.57 2
419.57 420.05 0
420.05 420.13 1
420.13 420.30 0
420.30 421.23 1
421.23 421.41 0
421.41 421.80 2
421.80 422.54 0
422.54 425.28 1
425.28 425.67 0
425.67 425.86 2
425.86 426.15 3
426.15 426.91 1
426.91 427.06 0
427.06 428.39 1
428.39 428.89 0
428.89 429.94 1
429.94 430.14 0
430.14 430.57 2
430.57 430.77 0
430.77 432.60 1
432.60 433.02 0
433.02 434.92 1
434.92 435.31 0
435.31 436.39 1
436.39 436.70 0
436.70 437.33 1
437.33 437.52 0
437.52 438.02 1
438.02 438.06 3
438.06 438.15 2
438.15 438.33 3
438.33 439.09 1
439.09 440.30 0
440.30 440.76 2
440.76 441.15 0
441.15 442.63 1
442.63 442.91 0
442.91 444.86 1
444.86 445.11 0
445.11 446.45 2
446.45 447.41 0
447.41 448.07 2
448.07 448.81 0
448.81 449.82 2
449.82 450.25 0
450.25 454.04 1
454.04 454.16 0
454.16 456.09 1
456.09 456.58 0
456.58 457.00 2
457.00 457.48 0
457.48 459.01 1
459.01 459.19 0
459.19 459.64 2
459.64 459.85 3
459.85 462.14 1
462.14 462.37 0
462.37 462.66 1
462.66 462.69 0
462.69 462.92 2
462.92 463.04 3
463.04 464.46 1
464.46 465.14 0
465.14 467.91 1
467.91 468.03 0
468.03 469.57 1
469.57 470.06 0
470.06 471.58 1
471.58 471.88 0
471.88 476.18 1
476.18 476.66 0
476.66 480.61 1
480.61 481.18 0
481.18 481.46 1
481.46 481.53 0
481.53 481.75 2
481.75 481.88 3
481.88 485.71 1
485.71 485.89 0
485.89 486.67 2
486.67 486.72 0
486.72 487.55 1
487.55 488.21 0
488.21 491.11 2
491.11 491.31 3
491.31 491.44 2
491.44 491.56 3
491.56 491.70 1
491.70 491.95 0
491.95 492.13 1
492.13 492.54 0
492.54 495.89 1
495.89 496.36 0
496.36 496.53 2
496.53 496.66 3
496.66 498.10 1
498.10 498.21 0
498.21 498.53 1
498.53 498.62 0
498.62 498.67 2
498.67 498.98 3
498.98 499.80 1
499.80 500.21 0
500.21 502.02 1
502.02 502.23 0
502.23 504.16 1
504.16 504.27 0
504.27 506.18 1
506.18 506.44 0
506.44 506.82 2
506.82 507.14 3
507.14 511.62 1
511.62 512.36 0
512.36 512.99 2
512.99 513.49 0
513.49 513.97 1
513.97 515.29 0
515.29 517.14 1
517.14 517.58 0
517.58 521.11 1
521.11 521.29 0
521.29 522.65 1
522.65 522.84 0
522.84 524.54 1
524.54 526.61 0
526.61 527.40 2
527.40 527.54 0
527.54 527.95 2
527.95 528.16 0
528.16 530.74 2
530.74 530.88 0
530.88 531.94 1
531.94 532.90 0
532.90 533.12 2
533.12 533.20 3
533.20 533.54 1
533.54 534.65 0
534.65 536.31 1
536.31 536.50 3
536.50 537.96 2
537.96 538.13 0
538.13 538.17 1
538.17 538.67 3
538.67 539.03 1
539.03 539.18 3
539.18 539.99 1
539.99 540.82 0
540.82 541.12 2
541.12 541.71 0
541.71 544.00 1
544.00 545.09 0
545.09 545.23 1
545.23 545.41 3
545.41 546.70 1
546.70 546.77 0
546.77 548.51 2
548.51 548.64 3
548.64 550.99 1
550.99 551.76 0
551.76 552.20 2
552.20 553.47 0
553.47 555.19 2
555.19 556.02 0
556.02 557.94 1
557.94 558.05 0
558.05 560.54 1
560.54 561.41 0
561.41 561.81 2
561.81 562.06 3
562.06 563.20 1
563.20 563.57 0
563.57 564.37 2
564.37 564.61 0
564.61 564.85 1
564.85 565.30 0
565.30 565.72 2
565.72 566.18 0
566.18 567.41 1
567.41 568.12 0
568.12 568.81 2
568.81 569.00 0
569.00 569.73 2
569.73 569.87 0
569.87 571.40 2
571.40 571.86 0
571.86 571.94 2
571.94 572.09 3
572.09 572.62 1
572.62 573.03 3
573.03 575.54 1
575.54 575.73 0
575.73 577.09 1
577.09 577.96 0
577.96 580.22 1
580.22 581.09 0
581.09 581.19 1
581.19 581.53 3
581.53 582.32 2
582.32 582.47 3
582.47 583.84 1
583.84 585.69 0
585.69 589.62 1
589.62 589.71 0
589.71 592.16 1
592.16 593.08 0
593.08 594.03 2
594.03 594.48 0
594.48 594.95 1
594.95 595.75 0
595.75 597.07 1
597.07 597.62 0
597.62 598.18 2
598.18 598.59 0
598.59 598.85 1
598.85 599.04 0
599.04 599.23 2
599.23 599.81 3
599.81 599.82 2
