0.00 3.46 1
3.46 3.78 0
3.78 4.06 2
4.06 4.38 3
4.38 8.46 1
8.46 9.21 0
9.21 10.60 1
10.60 11.08 3
11.08 12.30 2
12.30 12.77 3
12.77 15.42 1
15.42 15.61 0
15.61 16.11 1
16.11 16.49 3
16.49 20.56 1
20.56 20.70 0
20.70 23.87 1
23.87 23.93 0
23.93 24.62 3
24.62 25.32 1
25.32 26.27 0
26.27 29.91 1
29.91 30.21 0
30.21 30.71 2
30.71 30.81 0
30.81 31.71 1
31.71 32.57 0
32.57 33.08 2
33.08 33.56 0
33.56 38.16 1
38.16 38.54 3
38.54 39.02 2
39.02 39.49 3
39.49 40.50 2
40.50 41.47 0
41.47 48.07 1
48.07 48.31 0
48.31 48.97 2
48.97 48.98 0
48.98 50.93 1
50.93 51.17 0
51.17 51.73 2
51.73 52.38 0
52.38 58.96 1
58.96 59.51 0
59.51 64.62 1
64.62 66.24 0
66.24 66.51 2
66.51 66.75 3
66.75 68.72 2
68.72 68.84 3
68.84 69.19 1
69.19 69.65 0
69.65 70.38 2
70.38 70.95 3
70.95 72.81 1
72.81 72.96 0
72.96 73.52 2
73.52 74.46 0
74.46 78.09 1
78.09 78.49 0
78.49 79.66 2
79.66 79.84 0
79.84 84.27 1
84.27 84.66 0
84.66 85.01 2
85.01 86.90 3
86.90 90.89 1
90.89 91.41 0
91.41 93.94 1
93.94 94.01 0
94.01 97.06 1
97.06 97.33 3
97.33 97.63 2
97.63 98.05 0
98.05 100.28 1
100.28 100.62 0
100.62 102.44 2
102.44 102.89 3
102.89 102.98 1
102.98 104.49 3
104.49 107.12 2
107.12 107.46 0
107.46 112.64 1
112.64 112.72 0
112.72 113.74 2
113.74 114.82 3
114.82 115.85 1
115.85 115.86 3
115.86 118.26 2
118.26 118.56 0
118.56 119.21 1
119.21 119.40 0
119.40 119.74 2
119.74 120.00 3
120.00 123.52 1
123.52 124.41 0
124.41 125.41 1
125.41 125.74 0
125.74 125.84 2
125.84 126.36 3
126.36 129.60 1
129.60 129.99 0
129.99 130.72 2
130.72 131.30 0
131.30 131.51 2
131.51 131.82 3
131.82 135.13 2
135.13 135.27 0
135.27 135.84 1
135.84 136.10 0
136.10 138.77 2
138.77 139.48 0
139.48 141.62 2
141.62 141.71 0
141.71 144.34 1
144.34 144.55 0
144.55 145.61 2
145.61 146.46 0
146.46 149.60 1
149.60 150.52 0
150.52 154.37 1
154.37 154.63 3
154.63 154.78 2
154.78 155.31 0
155.31 161.60 1
161.60 161.92 0
161.92 162.53 2
162.53 162.56 3
162.56 165.69 1
165.69 165.97 0
165.97 166.48 2
166.48 167.11 0
167.11 167.36 1
167.36 167.65 3
167.65 171.66 2
171.66 171.88 3
171.88 172.07 1
172.07 173.29 0
173.29 177.94 2
177.94 178.91 0
178.91 183.72 2
183.72 184.06 0
184.06 186.68 2
186.68 187.34 0
187.34 189.71 2
189.71 189.97 0
189.97 190.12 1
190.12 190.36 3
190.36 193.41 2
193.41 194.21 0
194.21 198.59 2
198.59 199.72 3
199.72 200.87 2
200.87 201.47 0
201.47 201.90 1
201.90 202.47 0
202.47 212.02 2
212.02 212.55 0
212.55 214.94 2
214.94 215.75 3
215.75 216.19 2
216.19 216.81 0
216.81 220.10 2
220.10 220.81 0
220.81 227.32 2
227.32 228.26 0
228.26 235.77 2
235.77 238.13 0
238.13 242.99 2
242.99 245.67 0
245.67 248.47 2
248.47 249.64 1
249.64 250.66 0
250.66 258.52 2
258.52 258.58 0
258.58 263.90 2
263.90 264.11 0
264.11 264.27 1
264.27 265.04 3
265.04 268.39 2
268.39 269.09 3
269.09 270.28 1
270.28 270.54 3
270.54 272.58 2
272.58 273.64 3
273.64 275.30 1
275.30 275.76 3
275.76 279.47 2
279.47 279.95 0
279.95 280.17 1
280.17 280.34 3
280.34 287.45 2
287.45 287.68 0
287.68 288.00 2
288.00 288.05 0
288.05 288.96 1
288.96 289.48 0
289.48 290.98 2
290.98 291.24 0
291.24 291.96 1
291.96 292.26 0
292.26 292.77 2
292.77 293.17 0
293.17 294.69 1
294.69 294.73 0
294.73 303.25 2
303.25 303.83 3
303.83 304.89 1
304.89 305.04 3
305.04 307.52 1
307.52 308.79 3
308.79 309.35 2
309.35 309.75 3
309.75 310.44 1
310.44 312.82 3
312.82 314.05 2
314.05 314.51 0
314.51 322.33 2
322.33 322.54 0
322.54 323.22 1
323.22 324.23 3
324.23 325.70 2
325.70 325.76 0
325.76 329.76 1
329.76 331.53 0
331.53 331.90 1
331.90 333.53 0
333.53 336.60 2
336.60 337.33 0
337.33 341.02 1
341.02 341.23 2
341.23 341.87 3
341.87 344.34 1
344.34 344.66 0
344.66 344.73 1
344.73 345.21 3
345.21 345.92 1
345.92 346.52 0
346.52 346.88 2
346.88 347.27 0
347.27 354.10 1
354.10 355.38 0
355.38 355.65 1
355.65 356.06 3
356.06 358.63 1
358.63 359.07 0
359.07 362.42 1
362.42 363.21 0
363.21 367.08 1
367.08 367.54 0
367.54 367.73 2
367.73 367.97 3
367.97 368.47 1
368.47 370.12 0
370.12 375.70 1
375.70 375.89 0
375.89 378.74 1
378.74 379.21 0
379.21 379.23 1
379.23 379.61 3
379.61 384.15 1
384.15 385.11 0
385.11 388.66 1
388.66 388.91 0
388.91 390.71 1
390.71 391.13 0
391.13 391.63 2
391.63 392.80 0
392.80 392.89 2
392.89 393.47 3
393.47 396.38 2
396.38 396.50 0
396.50 399.74 1
399.74 400.13 0
400.13 403.79 1
403.79 404.14 0
404.14 406.85 1
406.85 407.54 0
407.54 410.52 1
410.52 411.30 3
411.30 412.64 2
412.64 412.81 3
412.81 414.06 2
414.06 414.29 3
414.29 419.08 1
419.08 419.26 0
419.26 419.38 2
419.38 419.65 3
419.65 420.71 2
420.71 421.76 0
421.76 425.65 2
425.65 426.18 0
426.18 429.37 2
429.37 429.47 0
429.47 434.21 2
434.21 434.85 0
434.85 435.19 1
435.19 435.29 3
435.29 435.39 2
435.39 435.41 0
435.41 436.21 1
436.21 436.85 0
436.85 439.69 1
439.69 440.29 0
440.29 443.31 1
443.31 443.91 0
443.91 447.22 1
447.22 447.28 0
447.28 449.92 1
449.92 450.29 0
450.29 450.39 1
450.39 450.84 3
450.84 450.92 1
450.92 451.34 0
451.34 451.92 1
451.92 452.90 3
452.90 453.95 2
453.95 454.41 0
454.41 454.71 2
454.71 454.93 3
454.93 455.16 1
455.16 456.16 0
456.16 456.56 1
456.56 457.25 3
457.25 458.80 1
458.80 458.89 0
458.89 460.85 2
460.85 461.08 0
461.08 464.04 1
464.04 464.38 0
464.38 467.76 1
467.76 468.57 0
468.57 468.72 1
468.72 469.00 3
469.00 470.93 1
470.93 471.18 3
471.18 471.25 2
471.25 471.56 3
471.56 472.88 1
472.88 474.70 0
474.70 474.90 1
474.90 475.46 3
475.46 476.65 1
476.65 477.24 0
477.24 481.41 2
481.41 481.99 0
481.99 489.05 2
489.05 489.84 0
489.84 491.76 2
491.76 491.87 0
491.87 492.77 1
492.77 493.94 0
493.94 498.35 2
498.35 498.52 3
498.52 503.10 1
503.10 503.18 3
503.18 503.94 2
503.94 504.37 3
504.37 505.46 1
505.46 505.96 3
505.96 506.47 2
506.47 508.38 0
508.38 514.24 2
514.24 514.89 0
514.89 514.99 2
514.99 517.34 3
517.34 518.46 1
518.46 518.52 0
518.52 518.92 2
518.92 519.30 3
519.30 521.47 1
521.47 521.59 0
521.59 526.30 1
526.30 526.51 0
526.51 532.66 1
532.66 533.02 0
533.02 533.37 2
533.37 533.69 3
533.69 542.24 1
542.24 542.68 3
542.68 542.97 2
542.97 543.31 3
543.31 544.80 1
544.80 544.89 0
544.89 545.95 2
545.95 546.77 3
546.77 547.80 1
547.80 548.93 0
548.93 556.78 2
556.78 557.22 0
557.22 560.83 1
560.83 560.86 0
560.86 562.20 2
562.20 564.58 0
564.58 568.52 2
568.52 570.69 3
570.69 573.06 1
573.06 575.39 3
575.39 580.01 2
580.01 580.18 3
580.18 586.04 1
586.04 586.32 3
586.32 587.95 2
587.95 590.29 3
590.29 590.41 1
590.41 591.70 3
591.70 597.55 2
597.55 597.65 0
597.65 600.03 2
