0.00 0.48 1
0.48 0.51 0
0.51 4.49 2
4.49 4.77 0
4.77 5.50 1
5.50 5.56 0
5.56 5.81 1
5.81 6.40 3
6.40 7.22 1
7.22 7.35 3
7.35 11.15 2
11.15 11.16 3
11.16 15.94 1
15.94 16.63 3
16.63 17.41 2
17.41 17.90 3
17.90 18.58 1
18.58 18.66 3
18.66 20.13 2
20.13 20.31 3
20.31 21.32 1
21.32 21.50 3
21.50 21.63 2
21.63 21.84 3
21.84 22.66 1
22.66 22.99 3
22.99 23.07 2
23.07 23.59 3
23.59 25.03 1
25.03 25.15 3
25.15 32.46 2
32.46 32.56 0
32.56 33.08 1
33.08 33.30 0
33.30 37.41 2
37.41 37.60 0
37.60 40.12 1
40.12 40.47 3
40.47 41.19 2
41.19 42.05 3
42.05 42.34 1
42.34 42.65 0
42.65 45.11 2
45.11 45.45 3
45.45 46.43 1
46.43 46.66 0
46.66 48.38 2
48.38 48.50 0
48.50 49.49 1
49.49 49.52 0
49.52 52.10 2
52.10 52.67 3
52.67 56.17 1
56.17 56.23 3
56.23 58.79 2
58.79 58.90 3
58.90 59.85 1
59.85 59.94 3
59.94 60.24 2
60.24 60.54 3
60.54 62.69 2
62.69 63.07 3
63.07 64.37 2
64.37 64.55 3
64.55 64.99 1
64.99 65.17 0
65.17 65.25 2
65.25 65.63 3
65.63 65.81 2
65.81 65.86 3
65.86 66.26 1
66.26 66.36 0
66.36 69.39 1
69.39 69.70 0
69.70 69.94 2
69.94 70.84 3
70.84 70.97 1
70.97 71.20 0
71.20 71.21 1
71.21 71.73 3
71.73 71.90 1
71.90 72.06 0
72.06 73.72 2
73.72 73.91 0
73.91 77.18 1
77.18 78.45 3
78.45 78.46 1
78.46 78.70 3
78.70 83.18 2
83.18 83.29 3
83.29 83.67 1
83.67 83.95 0
83.95 87.73 2
87.73 88.85 3
88.85 89.04 1
89.04 89.49 3
89.49 90.31 2
90.31 90.58 3
90.58 91.19 1
91.19 91.43 3
91.43 99.46 2
99.46 99.64 3
99.64 100.54 1
100.54 100.82 0
100.82 101.02 2
101.02 101.50 3
101.50 102.40 1
102.40 102.87 3
102.87 103.24 2
103.24 103.35 3
103.35 104.67 2
104.67 104.81 0
104.81 105.76 1
105.76 105.81 0
105.81 107.53 2
107.53 108.08 0
108.08 109.75 2
109.75 110.54 3
110.54 111.25 2
111.25 111.29 3
111.29 113.82 1
113.82 113.87 3
113.87 116.01 2
116.01 116.08 0
116.08 116.21 2
116.21 116.54 3
116.54 117.46 2
117.46 117.54 0
117.54 121.62 2
121.62 121.82 0
121.82 127.98 2
127.98 128.27 3
128.27 128.59 1
128.59 128.86 0
128.86 131.99 2
131.99 132.11 0
132.11 133.51 1
133.51 133.55 0
133.55 137.45 1
137.45 137.58 3
137.58 140.54 2
140.54 141.99 3
141.99 142.67 1
142.67 142.86 3
142.86 143.26 2
143.26 143.61 3
143.61 143.67 1
143.67 144.48 3
144.48 152.74 2
152.74 153.30 3
153.30 153.80 2
153.80 153.89 0
153.89 156.29 1
156.29 156.49 0
156.49 157.48 2
157.48 157.72 3
157.72 158.99 2
158.99 160.21 3
160.21 160.86 2
160.86 160.92 3
160.92 162.04 1
162.04 163.40 3
163.40 167.13 2
167.13 167.35 0
167.35 168.58 1
168.58 168.66 3
168.66 172.94 2
172.94 173.78 3
173.78 174.47 2
174.47 174.61 3
174.61 175.30 1
175.30 175.35 0
175.35 178.11 2
178.11 178.17 0
178.17 179.74 1
179.74 179.76 0
179.76 179.95 2
179.95 180.91 3
180.91 181.17 1
181.17 181.44 0
181.44 181.45 2
181.45 182.34 3
182.34 182.40 1
182.40 182.41 0
182.41 184.44 1
184.44 184.79 3
184.79 185.54 1
185.54 189.17 2
189.17 189.28 3
189.28 189.77 1
189.77 189.88 0
189.88 195.95 2
195.95 196.89 3
196.89 196.97 1
196.97 197.83 3
197.83 198.24 1
198.24 198.44 0
198.44 200.60 2
200.60 200.82 3
200.82 201.42 1
201.42 201.48 0
201.48 201.80 2
201.80 202.57 3
202.57 202.90 2
202.90 203.04 3
203.04 205.11 1
205.11 205.40 0
205.40 206.40 2
206.40 206.44 0
206.44 206.83 1
206.83 207.15 3
207.15 208.72 2
208.72 208.79 0
208.79 209.20 1
209.20 209.43 0
209.43 212.90 2
212.90 213.01 3
213.01 214.61 1
214.61 215.29 3
215.29 215.54 1
215.54 215.61 0
215.61 217.37 1
217.37 217.66 3
217.66 218.25 2
218.25 218.67 3
218.67 218.89 2
218.89 218.99 0
218.99 221.02 1
221.02 221.22 0
221.22 221.68 2
221.68 221.78 3
221.78 222.55 1
222.55 222.96 3
222.96 223.06 2
223.06 223.22 3
223.22 224.33 1
224.33 224.70 0
224.70 226.96 1
226.96 227.26 0
227.26 228.15 2
228.15 228.33 3
228.33 231.38 1
231.38 231.44 0
231.44 231.89 2
231.89 232.07 0
232.07 233.47 1
233.47 233.73 0
233.73 234.11 2
234.11 234.31 3
234.31 235.57 1
235.57 236.04 0
236.04 237.76 1
237.76 238.31 0
238.31 238.91 2
238.91 238.92 0
238.92 239.32 1
239.32 239.82 0
239.82 240.10 2
240.10 240.13 3
240.13 240.83 1
240.83 241.26 0
241.26 243.17 1
243.17 243.57 0
243.57 245.16 2
245.16 245.19 0
245.19 245.53 1
245.53 245.89 0
245.89 246.23 2
246.23 246.48 0
246.48 246.77 1
246.77 247.24 3
247.24 247.37 1
247.37 247.66 0
247.66 248.77 1
248.77 249.04 0
249.04 250.72 2
250.72 251.07 0
251.07 251.55 1
251.55 251.80 0
251.80 253.75 2
253.75 254.10 3
254.10 256.70 1
256.70 256.95 3
256.95 257.24 2
257.24 258.02 0
258.02 258.44 1
258.44 258.71 0
258.71 259.40 2
259.40 259.52 0
259.52 259.84 1
259.84 260.05 3
260.05 266.45 2
266.45 267.18 1
267.18 267.69 3
267.69 270.87 2
270.87 271.64 3
271.64 273.14 2
273.14 273.22 0
273.22 277.37 1
277.37 278.37 3
278.37 278.73 1
278.73 278.97 0
278.97 279.28 2
279.28 280.38 3
280.38 280.72 1
280.72 281.09 0
281.09 284.25 2
284.25 284.49 3
284.49 285.27 1
285.27 285.47 0
285.47 285.75 2
285.75 286.23 3
286.23 287.23 1
287.23 287.71 0
287.71 288.14 1
288.14 288.46 0
288.46 291.68 1
291.68 291.75 0
291.75 292.21 1
292.21 292.95 3
292.95 293.75 1
293.75 293.86 0
293.86 294.41 1
294.41 294.85 0
294.85 294.97 2
294.97 295.39 3
295.39 296.59 2
296.59 297.12 0
297.12 297.18 2
297.18 297.99 3
297.99 299.88 2
299.88 300.27 0
300.27 302.72 1
302.72 303.16 3
303.16 307.58 2
307.58 307.60 3
307.60 308.75 1
308.75 309.06 3
309.06 309.85 2
309.85 310.03 3
310.03 310.96 1
310.96 311.25 0
311.25 311.94 2
311.94 312.32 0
312.32 313.34 2
313.34 313.35 0
313.35 313.88 1
313.88 313.99 0
313.99 315.80 2
315.80 315.90 3
315.90 316.78 1
316.78 317.01 0
317.01 318.78 2
318.78 319.66 0
319.66 324.94 2
324.94 325.18 0
325.18 328.74 2
328.74 329.12 3
329.12 329.29 1
329.29 329.40 0
329.40 335.75 2
335.75 335.83 0
335.83 337.74 2
337.74 338.26 3
338.26 338.48 2
338.48 338.62 0
338.62 338.78 1
338.78 338.94 3
338.94 344.02 2
344.02 344.10 3
344.10 344.56 1
344.56 344.73 0
344.73 349.03 2
349.03 349.26 3
349.26 349.57 1
349.57 349.91 0
349.91 350.27 2
350.27 350.66 3
350.66 351.25 2
351.25 357.23 1
357.23 357.27 0
357.27 357.91 2
357.91 359.29 1
359.29 359.92 0
359.92 363.26 1
363.26 363.62 0
363.62 363.74 2
363.74 364.25 3
364.25 364.32 2
364.32 364.47 0
364.47 365.84 1
365.84 366.24 0
366.24 366.64 2
366.64 366.76 3
366.76 367.17 1
367.17 367.36 0
367.36 370.24 1
370.24 370.66 0
370.66 372.36 2
372.36 373.71 0
373.71 380.20 1
380.20 380.58 0
380.58 382.22 1
382.22 382.59 3
382.59 384.88 2
384.88 384.97 3
384.97 388.25 1
388.25 388.80 0
388.80 394.55 1
394.55 394.74 0
394.74 395.26 2
395.26 395.48 0
395.48 396.11 1
396.11 396.44 0
396.44 399.25 1
399.25 399.43 0
399.43 400.46 2
400.46 400.52 0
400.52 401.60 1
401.60 402.12 0
402.12 402.54 1
402.54 403.49 0
403.49 406.99 1
406.99 407.43 0
407.43 407.84 2
407.84 407.89 0
407.89 408.92 1
408.92 409.38 0
409.38 412.33 1
412.33 412.46 0
412.46 413.11 2
413.11 413.14 0
413.14 416.83 1
416.83 417.44 0
417.44 422.04 1
422.04 422.68 0
422.68 425.16 1
425.16 425.26 0
425.26 425.63 2
425.63 425.68 0
425.68 429.11 1
429.11 429.49 0
429.49 429.93 2
429.93 430.00 0
430.00 431.80 1
431.80 432.01 0
432.01 433.19 1
433.19 433.82 3
433.82 434.52 1
434.52 434.72 0
434.72 435.12 2
435.12 435.41 0
435.41 436.21 1
436.21 436.92 0
436.92 442.05 1
442.05 442.18 0
442.18 445.31 2
445.31 445.46 3
445.46 445.56 1
445.56 445.86 3
445.86 448.18 2
448.18 448.20 0
448.20 449.82 1
449.82 450.07 0
450.07 450.10 2
450.10 450.64 3
450.64 453.41 1
453.41 453.66 0
453.66 455.31 2
455.31 455.42 0
455.42 455.93 1
455.93 456.01 3
456.01 458.19 2
458.19 458.68 3
458.68 459.13 2
459.13 459.16 0
459.16 460.44 1
460.44 460.54 3
460.54 461.31 1
461.31 461.51 0
461.51 462.10 2
462.10 462.27 0
462.27 463.45 1
463.45 463.77 0
463.77 463.95 2
463.95 464.41 3
464.41 472.24 2
472.24 472.60 3
472.60 472.64 1
472.64 472.94 3
472.94 476.41 2
476.41 476.45 0
476.45 481.64 2
481.64 481.76 3
481.76 482.22 1
482.22 482.47 0
482.47 492.34 2
492.34 492.62 3
492.62 492.75 1
492.75 492.94 3
492.94 495.48 2
495.48 495.51 3
495.51 496.08 1
496.08 496.14 3
496.14 498.51 2
498.51 498.63 0
498.63 499.61 2
499.61 500.74 3
500.74 501.17 1
501.17 501.37 3
501.37 502.97 2
502.97 503.17 3
503.17 503.45 1
503.45 503.55 0
503.55 508.19 2
508.19 508.26 3
508.26 508.99 1
508.99 509.41 3
509.41 509.62 2
509.62 509.97 0
509.97 513.13 1
513.13 513.30 3
513.30 513.95 2
513.95 514.42 3
514.42 515.25 1
515.25 515.39 0
515.39 519.24 2
519.24 519.26 0
519.26 520.26 1
520.26 520.59 3
520.59 522.49 2
522.49 522.62 3
522.62 523.07 1
523.07 523.17 0
523.17 529.54 2
529.54 530.66 0
530.66 532.17 1
532.17 532.34 0
532.34 535.33 2
535.33 535.63 0
535.63 536.06 1
536.06 536.71 0
536.71 541.97 2
541.97 542.05 3
542.05 544.13 1
544.13 544.22 0
544.22 552.14 2
552.14 552.42 0
552.42 552.77 1
552.77 553.24 0
553.24 557.30 2
557.30 557.31 0
557.31 557.99 1
557.99 558.29 0
558.29 561.80 2
561.80 561.90 0
561.90 565.27 1
565.27 565.52 0
565.52 566.81 2
566.81 567.01 0
567.01 571.37 1
571.37 571.59 3
571.59 572.12 2
572.12 572.34 0
572.34 573.15 1
573.15 573.25 0
573.25 574.45 2
574.45 574.55 0
574.55 579.49 1
579.49 579.67 0
579.67 579.96 2
579.96 580.16 0
580.16 586.98 1
586.98 587.48 0
587.48 588.11 2
588.11 588.14 3
588.14 589.34 1
589.34 589.59 0
589.59 592.70 1
592.70 592.92 0
592.92 592.95 1
592.95 593.30 3
593.30 593.90 1
593.90 594.45 0
594.45 595.91 1
595.91 596.25 0
596.25 596.28 2
596.28 596.56 3
596.56 598.28 1
598.28 598.94 0
598.94 599.79 1
