0.00 0.38 2
0.38 1.15 3
1.15 2.53 1
2.53 2.84 0
2.84 4.16 2
4.16 4.17 0
4.17 7.96 1
7.96 8.19 0
8.19 9.45 2
9.45 9.84 3
9.84 10.51 2
10.51 10.78 3
10.78 12.77 1
12.77 12.97 3
12.97 13.24 2
13.24 14.26 3
14.26 14.38 1
14.38 14.84 0
14.84 15.29 2
15.29 15.63 3
15.63 17.32 1
17.32 17.76 3
17.76 18.11 1
18.11 18.28 3
18.28 18.89 2
18.89 19.33 3
19.33 22.75 1
22.75 22.84 3
22.84 24.28 2
24.28 24.52 3
24.52 25.22 1
25.22 25.29 3
25.29 31.50 2
31.50 31.60 0
31.60 32.82 1
32.82 33.63 3
33.63 33.79 1
33.79 33.91 0
33.91 35.98 1
35.98 36.70 0
36.70 39.80 1
39.80 39.99 0
39.99 45.18 2
45.18 45.46 0
45.46 45.52 1
45.52 45.86 3
45.86 47.91 2
47.91 48.07 0
48.07 51.51 2
51.51 51.88 3
51.88 53.36 2
53.36 53.39 0
53.39 56.81 2
56.81 56.90 0
56.90 57.30 1
57.30 57.55 3
57.55 59.45 2
59.45 59.95 0
59.95 65.45 2
65.45 65.69 3
65.69 66.01 1
66.01 66.21 3
66.21 66.89 2
66.89 67.25 3
67.25 69.77 1
69.77 69.89 3
69.89 72.27 2
72.27 72.61 0
72.61 76.43 2
76.43 76.52 0
76.52 77.75 2
77.75 77.80 0
77.80 78.16 1
78.16 78.23 3
78.23 80.87 2
80.87 81.07 3
81.07 81.83 1
81.83 81.98 3
81.98 82.86 2
82.86 83.89 3
83.89 84.39 1
84.39 84.82 3
84.82 85.82 2
85.82 88.05 3
88.05 88.17 1
88.17 88.37 3
88.37 92.11 2
92.11 92.22 0
92.22 92.44 1
92.44 92.96 3
92.96 93.22 2
93.22 93.49 0
93.49 101.04 2
101.04 101.42 0
101.42 103.77 2
103.77 104.34 0
104.34 106.18 2
106.18 106.41 0
106.41 106.72 1
106.72 106.92 3
106.92 109.68 2
109.68 109.70 3
109.70 110.68 1
110.68 111.32 0
111.32 111.84 2
111.84 113.42 3
113.42 113.96 1
113.96 114.11 3
114.11 115.87 2
115.87 116.10 0
116.10 119.37 2
119.37 119.74 0
119.74 122.99 2
122.99 123.33 0
123.33 127.82 2
127.82 128.02 0
128.02 136.87 2
136.87 137.86 3
137.86 141.43 1
141.43 141.66 0
141.66 143.78 2
143.78 144.30 3
144.30 145.71 2
145.71 146.59 3
146.59 150.26 1
150.26 150.74 0
150.74 151.10 2
151.10 151.32 3
151.32 153.32 2
153.32 153.43 0
153.43 153.70 1
153.70 153.80 3
153.80 155.30 2
155.30 155.91 3
155.91 161.04 2
161.04 161.74 0
161.74 164.47 2
164.47 165.42 0
165.42 169.70 2
169.70 170.02 1
170.02 170.58 3
170.58 174.66 2
174.66 175.00 0
175.00 175.50 2
175.50 176.02 0
176.02 177.59 2
177.59 177.92 0
177.92 181.54 2
181.54 181.95 0
181.95 186.09 2
186.09 186.37 0
186.37 186.38 1
186.38 187.00 3
187.00 190.20 2
190.20 191.57 3
191.57 191.81 1
191.81 192.03 3
192.03 193.81 2
193.81 193.90 0
193.90 198.49 2
198.49 198.50 0
198.50 198.88 1
198.88 199.08 3
199.08 204.33 2
204.33 204.77 0
204.77 209.14 2
209.14 209.47 0
209.47 216.29 2
216.29 216.38 3
216.38 216.76 1
216.76 217.46 3
217.46 218.75 2
218.75 219.43 3
219.43 220.03 1
220.03 220.10 3
220.10 224.67 2
224.67 225.30 0
225.30 229.96 2
229.96 230.56 0
230.56 232.61 2
232.61 233.06 0
233.06 236.68 2
236.68 236.94 3
236.94 239.43 2
239.43 239.82 0
239.82 243.51 2
243.51 243.83 0
243.83 245.03 2
245.03 246.04 3
246.04 246.12 1
246.12 246.20 3
246.20 251.18 2
251.18 251.53 0
251.53 254.87 2
254.87 254.99 3
254.99 255.05 1
255.05 255.65 3
255.65 257.28 2
257.28 257.53 3
257.53 259.27 2
259.27 259.45 3
259.45 259.94 2
259.94 260.74 3
260.74 261.24 1
261.24 261.38 0
261.38 267.64 2
267.64 268.73 0
268.73 270.38 2
270.38 270.87 0
270.87 271.08 1
271.08 271.49 3
271.49 271.62 2
271.62 271.97 0
271.97 276.31 2
276.31 276.52 0
276.52 276.69 1
276.69 276.85 3
276.85 278.48 2
278.48 279.50 3
279.50 281.33 1
281.33 281.43 3
281.43 282.03 2
282.03 284.18 3
284.18 285.63 2
285.63 286.01 3
286.01 286.91 2
286.91 287.13 0
287.13 287.25 1
287.25 287.35 3
287.35 289.55 2
289.55 289.56 0
289.56 289.78 1
289.78 290.09 3
290.09 290.82 2
290.82 291.04 0
291.04 293.77 2
293.77 293.92 3
293.92 293.95 1
293.95 294.07 3
294.07 296.94 2
296.94 297.22 0
297.22 299.54 2
299.54 300.38 0
300.38 307.51 2
307.51 308.29 3
308.29 309.85 2
309.85 310.55 3
310.55 311.08 2
311.08 311.09 0
311.09 317.86 2
317.86 318.31 3
318.31 319.87 2
319.87 319.91 0
319.91 326.15 2
326.15 326.28 0
326.28 328.73 2
328.73 329.14 0
329.14 332.15 2
332.15 332.57 0
332.57 336.36 2
336.36 336.57 0
336.57 336.90 1
336.90 337.48 3
337.48 339.42 2
339.42 339.82 0
339.82 341.55 2
341.55 341.57 0
341.57 341.98 1
341.98 342.23 0
342.23 343.60 2
343.60 343.88 0
343.88 349.17 2
349.17 349.69 0
349.69 350.63 2
350.63 351.22 0
351.22 354.50 2
354.50 354.53 0
354.53 354.87 1
354.87 355.25 3
355.25 360.14 2
360.14 360.18 0
360.18 366.08 2
366.08 366.09 0
366.09 366.39 1
366.39 367.14 3
367.14 367.51 2
367.51 367.54 0
367.54 367.69 1
367.69 368.23 3
368.23 368.48 2
368.48 368.86 0
368.86 368.94 1
368.94 369.49 3
369.49 371.89 2
371.89 372.14 3
372.14 372.80 1
372.80 373.08 0
373.08 374.90 2
374.90 374.92 0
374.92 374.98 1
374.98 375.38 3
375.38 377.09 2
377.09 377.18 3
377.18 377.42 1
377.42 377.86 3
377.86 378.81 2
378.81 379.09 0
379.09 381.55 2
381.55 381.94 3
381.94 382.30 1
382.30 382.39 3
382.39 384.71 2
384.71 384.87 0
384.87 384.95 1
384.95 385.20 3
385.20 386.96 2
386.96 387.20 0
387.20 389.46 2
389.46 389.75 0
389.75 389.94 2
389.94 390.29 3
390.29 390.89 2
390.89 391.14 0
391.14 393.47 2
393.47 394.33 3
394.33 394.34 1
394.34 394.35 0
394.35 395.01 2
395.01 395.19 3
395.19 399.24 2
399.24 399.62 1
399.62 399.70 3
399.70 402.65 2
402.65 402.80 3
402.80 403.26 2
403.26 403.40 0
403.40 403.87 1
403.87 404.25 3
404.25 405.09 2
405.09 405.37 3
405.37 407.12 2
407.12 407.39 0
407.39 408.18 2
408.18 409.06 3
409.06 410.84 1
410.84 411.39 3
411.39 411.44 1
411.44 411.63 0
411.63 411.67 2
411.67 412.02 3
412.02 413.42 1
413.42 413.46 0
413.46 413.98 2
413.98 414.13 3
414.13 418.14 1
418.14 418.44 3
418.44 418.83 2
418.83 419.64 3
419.64 421.00 1
421.00 421.12 3
421.12 422.12 2
422.12 422.13 0
422.13 425.13 1
425.13 425.57 3
425.57 426.24 1
426.24 426.59 0
426.59 426.83 1
426.83 427.49 3
427.49 428.37 1
428.37 428.55 0
428.55 428.96 2
428.96 429.34 3
429.34 434.25 1
434.25 435.05 0
435.05 435.30 1
435.30 435.80 3
435.80 436.69 1
436.69 437.12 0
437.12 437.71 2
437.71 438.31 3
438.31 438.51 1
438.51 440.14 0
440.14 441.63 1
441.63 441.75 3
441.75 442.68 2
442.68 443.44 3
443.44 443.86 1
443.86 444.34 0
444.34 444.56 1
444.56 444.86 3
444.86 446.11 1
446.11 446.38 0
446.38 447.89 1
447.89 448.49 0
448.49 449.76 1
449.76 449.82 3
449.82 452.02 2
452.02 452.39 0
452.39 453.80 2
453.80 454.26 3
454.26 454.51 1
454.51 455.04 3
455.04 455.84 1
455.84 455.93 3
455.93 456.76 2
456.76 456.94 3
456.94 457.44 1
457.44 458.06 3
458.06 458.74 1
458.74 459.26 0
459.26 461.52 1
461.52 462.30 0
462.30 462.60 1
462.60 463.09 3
463.09 464.90 1
464.90 465.24 0
465.24 465.92 2
465.92 466.09 0
466.09 469.64 1
469.64 469.89 0
469.89 470.27 2
470.27 470.97 3
470.97 472.01 1
472.01 472.12 3
472.12 474.29 2
474.29 475.08 3
475.08 475.87 1
475.87 476.96 3
476.96 477.54 2
477.54 478.05 3
478.05 478.47 2
478.47 479.05 3
479.05 481.01 1
481.01 481.17 0
481.17 481.61 2
481.61 482.10 3
482.10 482.77 1
482.77 483.18 0
483.18 483.32 2
483.32 483.75 3
483.75 484.85 1
484.85 485.26 0
485.26 485.68 2
485.68 485.73 0
485.73 487.38 1
487.38 487.65 0
487.65 489.00 1
489.00 489.50 0
489.50 490.06 2
490.06 490.89 3
490.89 491.35 1
491.35 492.51 3
492.51 496.79 2
496.79 498.10 3
498.10 498.52 2
498.52 499.21 3
499.21 500.81 1
500.81 501.13 0
501.13 507.07 1
507.07 507.67 3
507.67 508.25 1
508.25 508.76 0
508.76 509.49 2
509.49 509.64 3
509.64 510.90 1
510.90 511.02 3
511.02 511.96 2
511.96 512.35 0
512.35 514.98 1
514.98 515.83 3
515.83 517.49 1
517.49 517.73 3
517.73 523.02 2
523.02 523.06 0
523.06 526.37 2
526.37 526.68 3
526.68 528.32 2
528.32 528.68 0
528.68 532.44 2
532.44 532.72 0
532.72 534.97 2
534.97 535.26 3
535.26 536.57 2
536.57 536.85 3
536.85 537.43 1
537.43 537.66 3
537.66 538.80 2
538.80 539.19 3
539.19 542.10 1
542.10 542.42 3
542.42 543.03 2
543.03 545.06 3
545.06 547.52 1
547.52 547.90 3
547.90 548.24 2
548.24 548.55 3
548.55 549.45 1
549.45 550.62 3
550.62 551.81 2
551.81 551.99 3
551.99 553.69 2
553.69 553.97 0
553.97 554.80 2
554.80 555.10 0
555.10 556.03 2
556.03 556.47 0
556.47 558.22 2
558.22 558.50 0
558.50 560.79 2
560.79 560.81 0
560.81 564.04 2
564.04 564.37 0
564.37 567.23 2
567.23 567.42 0
567.42 572.85 2
572.85 573.64 3
573.64 573.75 1
573.75 573.96 0
573.96 578.30 2
578.30 578.40 0
578.40 581.56 2
581.56 581.91 0
581.91 581.93 2
581.93 582.03 3
582.03 584.97 2
584.97 585.41 0
585.41 586.96 2
586.96 587.16 3
587.16 587.46 1
587.46 587.76 3
587.76 589.73 2
589.73 591.07 3
591.07 592.69 1
592.69 592.79 3
592.79 594.23 2
594.23 594.27 3
594.27 594.49 1
594.49 595.10 3
595.10 597.75 2
597.75 597.79 3
597.79 598.81 1
598.81 598.96 0
598.96 599.06 1
599.06 600.18 3
600.18 601.71 2
