0.00 2.49 2
2.49 2.68 3
2.68 4.07 1
4.07 4.71 0
4.71 4.96 2
4.96 5.50 3
5.50 7.10 1
7.10 8.59 0
8.59 8.92 1
8.92 9.40 3
9.40 9.92 1
9.92 10.20 0
10.20 14.13 2
14.13 15.47 0
15.47 17.53 2
17.53 17.85 0
17.85 19.08 1
19.08 19.43 0
19.43 19.86 2
19.86 20.35 0
20.35 23.79 1
23.79 24.20 0
24.20 24.44 1
24.44 24.80 3
24.80 27.17 1
27.17 27.67 0
27.67 29.73 1
29.73 30.97 0
30.97 34.42 1
34.42 34.53 3
34.53 38.92 2
38.92 40.06 0
40.06 41.00 2
41.00 41.80 0
41.80 45.06 1
45.06 46.47 0
46.47 49.83 1
49.83 49.86 3
49.86 52.18 2
52.18 52.24 0
52.24 52.86 1
52.86 53.18 0
53.18 57.22 2
57.22 57.28 0
57.28 58.58 1
58.58 58.99 0
58.99 68.77 2
68.77 70.16 0
70.16 70.31 1
70.31 70.50 3
70.50 70.81 2
70.81 71.06 0
71.06 71.41 1
71.41 73.04 0
73.04 85.02 1
85.02 86.14 0
86.14 90.53 2
90.53 90.62 3
90.62 96.31 1
96.31 96.92 0
96.92 99.47 2
99.47 101.50 0
101.50 102.11 2
102.11 102.58 0
102.58 106.54 2
106.54 106.98 0
106.98 108.13 2
108.13 108.58 0
108.58 108.98 2
108.98 109.23 0
109.23 110.17 1
110.17 110.68 0
110.68 111.11 2
111.11 112.33 0
112.33 112.71 2
112.71 113.20 0
113.20 114.56 2
114.56 115.69 0
115.69 117.78 2
117.78 117.94 0
117.94 118.15 1
118.15 118.61 3
118.61 119.16 1
119.16 119.25 0
119.25 119.67 2
119.67 121.63 0
121.63 122.82 2
122.82 124.71 0
124.71 129.21 2
129.21 130.09 0
130.09 130.15 2
130.15 131.00 3
131.00 132.11 1
132.11 132.86 0
132.86 133.38 2
133.38 133.82 3
133.82 134.67 1
134.67 134.76 3
134.76 140.00 2
140.00 141.14 0
141.14 144.84 2
144.84 145.17 0
145.17 148.25 1
148.25 148.68 0
148.68 150.10 1
150.10 151.12 0
151.12 151.87 1
151.87 152.11 0
152.11 156.25 2
156.25 156.37 0
156.37 156.48 1
156.48 156.73 3
156.73 157.70 2
157.70 157.99 0
157.99 158.26 1
158.26 159.39 0
159.39 160.88 2
160.88 162.66 0
162.66 162.72 2
162.72 163.12 3
163.12 166.16 1
166.16 168.56 0
168.56 169.00 1
169.00 169.31 3
169.31 170.42 2
170.42 171.91 0
171.91 172.34 2
172.34 173.38 0
173.38 175.38 2
175.38 176.45 0
176.45 177.49 2
177.49 177.83 0
177.83 178.17 1
178.17 179.13 0
179.13 179.92 2
179.92 181.87 0
181.87 182.30 2
182.30 182.44 3
182.44 183.97 1
183.97 184.53 0
184.53 185.80 1
185.80 186.37 0
186.37 188.24 1
188.24 188.90 0
188.90 190.55 1
190.55 191.47 0
191.47 192.35 1
192.35 192.70 0
192.70 192.81 1
192.81 193.44 3
193.44 194.16 1
194.16 194.62 0
194.62 195.06 2
195.06 195.73 3
195.73 196.75 2
196.75 197.02 0
197.02 201.08 2
201.08 201.29 0
201.29 201.97 2
201.97 202.88 0
202.88 203.54 1
203.54 203.99 0
203.99 204.18 2
204.18 204.94 3
204.94 208.74 2
208.74 210.44 0
210.44 210.93 2
210.93 211.10 0
211.10 211.43 1
211.43 211.91 0
211.91 212.66 2
212.66 214.50 0
214.50 216.46 2
216.46 217.15 0
217.15 217.84 2
217.84 219.01 0
219.01 219.92 1
219.92 221.42 0
221.42 224.15 2
224.15 224.28 0
224.28 224.60 1
224.60 226.86 0
226.86 227.43 2
227.43 227.92 0
227.92 229.68 2
229.68 230.28 3
230.28 232.16 1
232.16 233.06 0
233.06 235.53 2
235.53 236.59 0
236.59 238.47 1
238.47 239.11 0
239.11 239.72 2
239.72 239.91 0
239.91 240.30 1
240.30 240.54 0
240.54 240.95 2
240.95 241.43 0
241.43 242.52 2
242.52 242.74 0
242.74 244.20 2
244.20 245.79 0
245.79 246.12 2
246.12 246.59 0
246.59 247.38 2
247.38 248.05 0
248.05 248.19 1
248.19 248.75 3
248.75 249.06 2
249.06 249.53 0
249.53 250.02 2
250.02 250.07 0
250.07 250.32 1
250.32 251.20 0
251.20 251.39 1
251.39 251.58 3
251.58 251.85 2
251.85 252.34 0
252.34 252.41 2
252.41 253.15 3
253.15 254.12 1
254.12 255.11 0
255.11 255.49 2
255.49 255.74 0
255.74 256.36 1
256.36 256.77 0
256.77 256.89 1
256.89 257.34 0
257.34 258.39 1
258.39 258.81 0
258.81 261.62 2
261.62 261.79 3
261.79 262.99 1
262.99 263.17 0
263.17 265.06 2
265.06 265.74 0
265.74 267.44 2
267.44 267.66 3
267.66 268.37 1
268.37 268.51 3
268.51 269.64 2
269.64 269.74 0
269.74 270.84 1
270.84 271.48 0
271.48 274.19 2
274.19 274.35 0
274.35 274.90 2
274.90 275.49 3
275.49 276.85 1
276.85 277.25 0
277.25 280.39 2
280.39 280.94 0
280.94 285.39 2
285.39 285.59 3
285.59 287.31 2
287.31 287.35 3
287.35 288.27 1
288.27 288.47 0
288.47 289.70 2
289.70 290.24 0
290.24 290.71 1
290.71 291.07 0
291.07 291.19 1
291.19 291.29 3
291.29 291.43 2
291.43 291.48 0
291.48 292.91 1
292.91 293.36 0
293.36 293.40 2
293.40 293.73 3
293.73 294.35 1
294.35 294.54 0
294.54 296.46 2
296.46 296.65 0
296.65 297.14 1
297.14 297.27 0
297.27 297.35 1
297.35 298.74 0
298.74 299.13 1
