0.00 0.40 1
0.40 0.56 3
0.56 2.71 1
2.71 3.22 0
3.22 8.55 1
8.55 8.89 0
8.89 9.32 2
9.32 9.42 0
9.42 10.38 1
10.38 11.14 0
11.14 14.99 1
14.99 15.10 0
15.10 20.20 1
20.20 20.52 0
20.52 20.91 2
20.91 21.04 0
21.04 23.33 1
23.33 23.70 0
23.70 25.57 2
25.57 25.74 0
25.74 28.29 1
28.29 29.23 0
29.23 32.10 1
32.10 32.67 0
32.67 36.96 1
36.96 37.01 0
37.01 37.39 2
37.39 37.86 0
37.86 42.34 1
42.34 42.43 0
42.43 48.03 1
48.03 48.59 0
48.59 48.68 2
48.68 48.78 3
48.78 51.19 1
51.19 51.62 0
51.62 51.73 2
51.73 51.88 3
51.88 52.82 2
52.82 53.05 3
53.05 58.64 1
58.64 58.88 0
58.88 59.71 1
59.71 60.07 3
60.07 61.61 1
61.61 61.76 3
61.76 62.24 2
62.24 62.32 3
62.32 66.48 1
66.48 66.50 3
66.50 66.78 2
66.78 67.18 3
67.18 68.13 1
68.13 68.24 3
68.24 68.55 2
68.55 68.66 3
68.66 72.07 1
72.07 72.53 0
72.53 74.28 1
74.28 74.40 0
74.40 79.18 2
79.18 79.48 0
79.48 84.94 2
84.94 84.99 3
84.99 85.28 1
85.28 85.45 3
85.45 86.02 2
86.02 86.47 3
86.47 87.16 2
87.16 87.38 3
87.38 88.62 1
88.62 88.77 0
88.77 89.49 2
89.49 89.89 3
89.89 90.95 1
90.95 91.64 0
91.64 91.92 1
91.92 92.50 3
92.50 93.05 2
93.05 93.36 0
93.36 97.86 2
97.86 98.09 0
98.09 98.37 1
98.37 98.53 3
98.53 99.40 2
99.40 99.55 0
99.55 102.79 2
102.79 103.08 0
103.08 107.01 2
107.01 107.39 0
107.39 109.49 2
109.49 109.69 0
109.69 109.71 1
109.71 110.16 3
110.16 110.85 2
110.85 111.17 0
111.17 113.50 2
113.50 113.75 0
113.75 114.06 1
114.06 114.32 3
114.32 118.36 2
118.36 118.65 0
118.65 119.16 1
119.16 119.33 0
119.33 119.46 2
119.46 120.15 3
120.15 121.05 1
121.05 121.64 0
121.64 123.86 2
123.86 123.98 3
123.98 124.68 1
124.68 125.10 3
125.10 125.34 1
125.34 125.86 0
125.86 128.72 2
128.72 129.16 0
129.16 130.96 2
130.96 131.65 0
131.65 132.51 2
132.51 132.74 0
132.74 134.03 1
134.03 134.96 0
134.96 135.02 1
135.02 135.86 3
135.86 136.95 1
136.95 137.20 0
137.20 137.57 2
137.57 138.28 3
138.28 139.12 2
139.12 139.40 0
139.40 139.56 1
139.56 139.96 3
139.96 141.44 2
141.44 141.82 0
141.82 142.24 1
142.24 142.74 0
142.74 142.75 2
142.75 143.14 3
143.14 145.03 2
145.03 145.95 0
145.95 147.24 2
147.24 147.53 0
147.53 150.80 1
150.80 150.99 0
150.99 154.26 2
154.26 154.90 3
154.90 155.57 1
155.57 155.76 0
155.76 159.90 2
159.90 160.71 0
160.71 160.84 1
160.84 161.26 3
161.26 162.84 2
162.84 163.32 0
163.32 166.65 2
166.65 166.88 0
166.88 167.00 1
167.00 167.89 3
167.89 169.97 2
169.97 170.03 3
170.03 172.63 1
172.63 172.75 3
172.75 173.53 2
173.53 173.94 3
173.94 176.25 1
176.25 176.39 3
176.39 176.76 2
176.76 176.81 3
176.81 178.52 1
178.52 178.55 0
178.55 180.50 2
180.50 182.09 1
182.09 182.39 3
182.39 183.47 1
183.47 185.33 0
185.33 185.59 1
185.59 186.09 3
186.09 187.09 2
187.09 187.45 0
187.45 187.95 1
187.95 188.86 3
188.86 188.99 2
188.99 189.09 0
189.09 192.40 1
192.40 192.90 0
192.90 197.12 1
197.12 198.43 0
198.43 200.53 1
200.53 200.67 0
200.67 201.00 2
201.00 201.21 0
201.21 202.63 1
202.63 202.84 3
202.84 204.70 1
204.70 205.49 0
205.49 207.11 1
207.11 207.66 0
207.66 210.25 1
210.25 210.78 0
210.78 211.01 1
211.01 211.31 3
211.31 211.45 2
211.45 211.62 0
211.62 213.81 2
213.81 214.06 0
214.06 214.68 1
214.68 215.03 3
215.03 217.24 2
217.24 217.29 3
217.29 221.17 1
221.17 221.65 0
221.65 224.86 1
224.86 226.02 0
226.02 228.89 1
228.89 229.24 3
229.24 229.25 1
229.25 229.55 0
229.55 230.43 1
230.43 230.63 0
230.63 233.43 1
233.43 233.55 3
233.55 234.36 2
234.36 234.79 0
234.79 239.31 1
239.31 239.49 0
239.49 239.57 2
239.57 239.84 3
239.84 242.85 1
242.85 242.95 3
242.95 244.38 2
244.38 244.72 0
244.72 244.88 2
244.88 245.40 3
245.40 245.72 2
245.72 246.06 0
246.06 246.73 1
246.73 246.85 0
246.85 250.66 1
250.66 250.74 0
250.74 253.26 1
253.26 254.34 0
254.34 258.82 1
258.82 258.87 0
258.87 261.41 1
261.41 261.65 3
261.65 261.86 2
261.86 261.92 3
261.92 263.04 1
263.04 263.50 3
263.50 264.36 1
264.36 264.74 0
264.74 266.43 1
266.43 267.08 0
267.08 271.08 1
271.08 271.27 3
271.27 271.52 2
271.52 271.74 3
271.74 271.94 1
271.94 273.97 3
273.97 274.28 2
274.28 274.36 0
274.36 278.48 1
278.48 279.33 0
279.33 283.69 1
283.69 283.73 0
283.73 286.99 1
286.99 287.51 0
287.51 292.63 1
292.63 293.74 0
293.74 297.53 1
297.53 298.41 0
298.41 300.97 1
300.97 301.56 0
301.56 303.77 1
303.77 303.89 3
303.89 306.96 2
306.96 307.15 0
307.15 314.31 1
314.31 314.86 0
314.86 316.45 1
316.45 316.75 3
316.75 316.98 1
316.98 317.78 0
317.78 323.20 1
323.20 323.26 3
323.26 328.62 2
328.62 329.27 0
329.27 330.13 3
330.13 330.80 2
330.80 331.16 0
331.16 331.27 2
331.27 331.83 3
331.83 334.48 2
334.48 334.65 0
334.65 335.49 1
335.49 336.69 3
336.69 337.55 2
337.55 338.39 0
338.39 341.54 2
341.54 341.66 3
341.66 345.49 1
345.49 345.95 0
345.95 350.22 1
350.22 350.70 3
350.70 353.70 1
353.70 354.80 0
354.80 361.10 1
361.10 361.85 0
361.85 366.60 1
366.60 367.58 0
367.58 371.37 1
371.37 372.32 0
372.32 375.24 1
375.24 375.39 0
375.39 381.88 1
381.88 383.05 0
383.05 386.15 2
386.15 386.30 0
386.30 386.33 2
386.33 386.43 3
386.43 389.72 1
389.72 390.07 0
390.07 392.04 1
392.04 392.86 3
392.86 393.86 1
393.86 394.55 0
394.55 394.99 2
394.99 395.06 3
395.06 396.22 1
396.22 396.50 0
396.50 400.60 1
400.60 401.00 0
401.00 405.30 1
405.30 406.36 0
406.36 408.52 1
408.52 408.89 0
408.89 410.05 1
410.05 411.27 3
411.27 411.74 2
411.74 411.83 3
411.83 412.35 1
412.35 412.48 3
412.48 413.49 1
413.49 413.64 3
413.64 414.14 2
414.14 414.32 3
414.32 415.34 1
415.34 415.68 0
415.68 418.40 1
418.40 418.53 3
418.53 419.17 2
419.17 419.23 3
419.23 421.48 1
421.48 421.85 0
421.85 423.95 1
423.95 424.92 0
424.92 427.46 1
427.46 427.52 0
427.52 432.32 1
432.32 432.77 3
432.77 436.78 2
436.78 438.44 0
438.44 439.19 2
439.19 439.39 0
439.39 441.79 1
441.79 442.64 0
442.64 446.74 1
446.74 447.03 0
447.03 447.54 2
447.54 447.61 3
447.61 450.57 1
450.57 451.03 0
451.03 457.37 1
457.37 458.06 0
458.06 462.96 1
462.96 463.73 3
463.73 463.87 2
463.87 464.03 3
464.03 465.28 1
465.28 465.80 3
465.80 468.20 1
468.20 468.79 3
468.79 470.28 1
470.28 470.31 0
470.31 472.94 2
472.94 472.99 3
472.99 478.16 1
478.16 478.45 0
478.45 482.31 1
482.31 483.48 0
483.48 485.27 1
485.27 485.57 3
485.57 486.17 1
486.17 486.30 3
486.30 489.22 1
489.22 489.49 3
489.49 491.30 1
491.30 491.50 3
491.50 491.55 2
491.55 492.22 0
492.22 493.72 1
493.72 493.86 3
493.86 496.37 1
496.37 497.18 0
497.18 502.96 1
502.96 503.25 3
503.25 506.04 1
506.04 506.74 0
506.74 511.47 1
511.47 511.57 3
511.57 512.14 2
512.14 513.25 3
513.25 517.24 2
517.24 517.40 3
517.40 524.48 1
524.48 524.70 3
524.70 525.72 1
525.72 526.50 0
526.50 529.83 1
529.83 530.24 3
530.24 534.39 2
534.39 534.51 3
534.51 540.02 1
540.02 540.14 3
540.14 540.20 2
540.20 540.36 3
540.36 541.59 1
541.59 541.78 3
541.78 542.96 1
542.96 543.66 3
543.66 545.05 2
545.05 545.18 3
545.18 547.07 1
547.07 547.61 0
547.61 550.10 1
550.10 550.19 0
550.19 553.97 1
553.97 554.47 2
554.47 554.70 3
554.70 559.35 1
559.35 560.43 0
560.43 570.34 1
570.34 570.99 0
570.99 573.97 1
573.97 574.83 0
574.83 575.07 1
575.07 575.42 3
575.42 575.44 1
575.44 575.82 0
575.82 581.50 1
581.50 581.54 0
581.54 581.67 2
581.67 582.10 3
582.10 583.07 1
583.07 583.14 0
583.14 588.77 1
588.77 589.89 0
589.89 596.07 1
596.07 596.74 0
596.74 598.74 1
598.74 598.76 0
598.76 602.57 2
