0.00 1.90 1
1.90 3.21 0
3.21 6.27 1
6.27 8.10 0
8.10 11.32 1
11.32 11.52 0
11.52 12.17 2
12.17 12.25 0
12.25 12.66 1
12.66 13.45 0
13.45 14.65 2
14.65 17.27 1
17.27 17.58 0
17.58 18.28 2
18.28 18.70 0
18.70 19.82 1
19.82 19.90 0
19.90 21.62 1
21.62 23.00 0
23.00 24.50 2
24.50 25.50 1
25.50 25.60 0
25.60 27.34 1
27.34 28.48 0
28.48 29.53 1
29.53 29.82 0
29.82 30.50 2
30.50 30.58 3
30.58 31.08 1
31.08 31.81 0
31.81 32.59 2
32.59 33.59 0
33.59 33.60 2
33.60 34.18 3
34.18 35.13 1
35.13 35.38 0
35.38 36.33 2
36.33 36.67 3
36.67 37.00 1
37.00 37.31 0
37.31 38.99 2
38.99 39.00 3
39.00 39.47 1
39.47 39.80 0
39.80 40.75 2
40.75 41.47 3
41.47 42.63 2
42.63 44.08 3
44.08 44.70 2
44.70 44.95 0
44.95 45.87 1
45.87 45.95 3
45.95 46.09 2
46.09 48.19 3
48.19 48.52 2
48.52 53.25 3
53.25 55.55 1
55.55 55.75 0
55.75 56.47 2
56.47 57.73 0
57.73 58.75 1
58.75 59.10 0
59.10 59.33 1
59.33 59.52 0
59.52 59.80 1
59.80 59.91 0
59.91 61.62 1
61.62 61.93 0
61.93 62.10 2
62.10 62.25 0
62.25 63.76 2
63.76 64.26 0
64.26 64.72 1
64.72 65.20 0
65.20 66.48 2
66.48 66.94 3
66.94 68.03 2
68.03 68.41 3
68.41 69.47 1
69.47 69.65 0
69.65 70.67 2
70.67 70.69 0
70.69 71.95 1
71.95 72.25 0
72.25 73.08 2
73.08 73.24 0
73.24 73.81 1
73.81 74.60 0
74.60 78.89 1
78.89 78.98 3
78.98 79.69 2
79.69 79.75 0
79.75 80.75 1
80.75 80.98 3
80.98 81.34 2
81.34 82.08 3
82.08 82.25 2
82.25 82.98 3
82.98 83.30 1
83.30 83.66 0
83.66 84.50 1
84.50 84.86 0
84.86 86.46 1
86.46 86.60 3
86.60 87.13 2
87.13 87.19 3
87.19 89.27 1
89.27 89.46 3
89.46 90.62 2
90.62 91.45 1
91.45 92.08 0
92.08 94.24 2
94.24 95.03 3
95.03 95.25 1
95.25 95.95 0
95.95 98.67 2
98.67 98.71 0
98.71 99.61 1
99.61 100.75 2
100.75 101.27 0
101.27 101.40 1
101.40 101.59 3
101.59 102.60 1
102.60 102.71 0
102.71 103.75 2
103.75 103.81 0
103.81 105.51 2
105.51 107.36 3
107.36 107.43 1
107.43 108.70 3
108.70 109.03 2
109.03 109.41 3
109.41 112.98 1
112.98 114.00 0
114.00 114.85 2
114.85 114.95 3
114.95 117.02 1
117.02 117.09 3
117.09 119.95 2
119.95 120.11 0
120.11 120.74 1
120.74 121.08 0
121.08 122.32 1
122.32 122.80 0
122.80 126.77 1
126.77 127.15 0
127.15 128.07 2
128.07 128.25 0
128.25 129.77 1
129.77 130.53 0
130.53 131.67 2
131.67 131.76 3
131.76 132.66 1
132.66 132.91 0
132.91 134.03 2
134.03 135.35 0
135.35 138.58 1
138.58 139.06 0
139.06 141.96 1
141.96 143.57 0
143.57 143.91 1
143.91 144.25 0
144.25 144.50 1
144.50 144.80 0
144.80 145.06 1
145.06 146.12 0
146.12 146.24 2
146.24 146.52 3
146.52 152.53 2
152.53 152.87 3
152.87 155.15 1
155.15 155.26 3
155.26 155.93 2
155.93 156.22 0
156.22 158.39 1
158.39 158.40 3
158.40 159.02 2
159.02 160.97 0
160.97 161.19 2
161.19 161.55 3
161.55 163.75 2
163.75 165.18 0
165.18 165.91 2
165.91 166.89 0
166.89 167.33 1
167.33 169.02 0
169.02 171.71 1
171.71 171.84 3
171.84 173.17 2
173.17 173.28 0
173.28 174.12 2
174.12 174.20 3
174.20 174.68 1
174.68 175.06 0
175.06 175.16 1
175.16 175.71 3
175.71 176.62 1
176.62 176.87 0
176.87 177.47 2
177.47 177.53 3
177.53 177.93 1
177.93 178.26 0
178.26 180.05 2
180.05 180.71 0
180.71 182.81 2
182.81 182.93 0
182.93 182.97 1
182.97 183.34 3
183.34 184.21 1
184.21 184.30 3
184.30 186.79 2
186.79 187.34 0
187.34 188.38 2
188.38 189.53 0
189.53 191.13 1
191.13 191.50 0
191.50 192.16 2
192.16 192.82 0
192.82 194.75 2
194.75 195.31 0
195.31 200.11 2
200.11 200.55 0
200.55 204.59 2
204.59 204.68 3
204.68 205.12 1
205.12 205.28 0
205.28 206.72 2
206.72 208.29 3
208.29 208.43 1
208.43 208.98 0
208.98 209.66 2
209.66 210.31 3
210.31 214.42 1
214.42 214.92 0
214.92 215.45 2
215.45 216.20 0
216.20 218.41 1
218.41 218.74 0
218.74 221.71 1
221.71 222.20 0
222.20 225.00 1
225.00 225.20 0
225.20 225.83 2
225.83 226.35 0
226.35 226.37 1
226.37 226.71 3
226.71 230.09 2
230.09 230.17 0
230.17 230.89 2
230.89 231.20 0
231.20 231.93 2
231.93 231.99 0
231.99 233.53 2
233.53 234.61 3
234.61 234.62 1
234.62 234.73 0
234.73 237.35 2
237.35 237.72 3
237.72 237.94 2
237.94 238.20 0
238.20 239.55 1
239.55 239.85 0
239.85 241.29 1
241.29 241.42 0
241.42 242.43 1
242.43 242.72 0
242.72 243.47 2
243.47 244.09 0
244.09 244.73 1
244.73 246.92 3
246.92 247.11 2
247.11 248.03 3
248.03 248.37 2
248.37 249.27 3
249.27 249.38 2
249.38 249.60 0
249.60 250.08 2
250.08 251.10 3
251.10 251.30 2
251.30 252.24 3
252.24 252.38 2
252.38 254.09 3
254.09 254.68 1
254.68 254.70 0
254.70 254.82 2
254.82 255.83 3
255.83 255.99 1
255.99 256.30 3
256.30 256.98 2
256.98 257.95 0
257.95 258.41 2
258.41 258.68 3
258.68 258.90 1
258.90 259.64 3
259.64 259.80 2
259.80 260.57 3
260.57 260.96 1
260.96 261.80 0
261.80 262.47 2
262.47 262.92 0
262.92 264.14 2
264.14 265.41 0
265.41 267.87 2
267.87 267.97 0
267.97 272.89 1
272.89 275.77 0
275.77 278.16 1
278.16 278.68 0
278.68 281.53 1
281.53 281.91 0
281.91 283.15 1
283.15 283.29 0
283.29 284.35 1
284.35 286.81 0
286.81 288.67 1
288.67 288.87 0
288.87 289.42 1
289.42 289.71 0
289.71 290.35 2
290.35 290.48 3
290.48 294.94 1
294.94 295.89 0
295.89 296.51 2
296.51 296.62 0
296.62 297.72 1
297.72 300.13 0
300.13 302.00 1
302.00 302.10 3
302.10 303.00 2
303.00 305.09 0
305.09 308.39 2
308.39 308.59 0
308.59 310.11 2
310.11 310.92 0
310.92 311.01 2
311.01 311.93 3
311.93 312.41 2
312.41 312.56 3
312.56 312.84 1
312.84 313.24 0
313.24 314.14 1
314.14 314.81 0
314.81 314.92 2
314.92 315.71 3
315.71 316.12 1
316.12 317.08 0
317.08 317.60 2
317.60 318.84 0
318.84 320.58 2
320.58 320.59 3
320.59 321.04 1
321.04 323.36 0
323.36 323.92 2
323.92 324.29 3
324.29 329.97 1
329.97 330.09 0
330.09 331.46 1
331.46 332.64 0
332.64 332.98 1
332.98 333.24 0
333.24 333.97 1
333.97 334.48 0
334.48 335.12 2
335.12 335.24 3
335.24 335.67 1
335.67 336.14 0
336.14 336.76 2
336.76 337.28 3
337.28 337.68 1
337.68 339.09 0
339.09 339.53 2
339.53 340.04 0
340.04 341.99 1
341.99 342.66 0
342.66 344.10 2
344.10 344.17 0
344.17 344.54 1
344.54 344.76 0
344.76 346.92 2
346.92 346.95 0
346.95 347.29 1
347.29 347.66 3
347.66 347.74 2
347.74 348.06 0
348.06 348.31 2
348.31 348.70 3
348.70 350.02 1
350.02 350.13 0
350.13 350.78 2
350.78 352.03 0
352.03 357.34 2
357.34 357.36 0
357.36 361.49 1
361.49 362.25 0
362.25 363.18 2
363.18 364.12 0
364.12 368.08 1
368.08 368.70 0
368.70 369.66 1
369.66 369.96 0
369.96 370.49 2
370.49 370.67 3
370.67 371.71 1
371.71 372.18 0
372.18 372.54 2
372.54 372.81 3
372.81 372.88 1
372.88 372.91 0
372.91 373.63 1
373.63 375.98 0
375.98 376.34 1
376.34 376.49 3
376.49 376.62 2
376.62 377.06 3
377.06 379.13 2
379.13 379.52 0
379.52 380.56 2
380.56 380.74 0
380.74 382.33 2
382.33 382.93 0
382.93 386.53 2
386.53 386.75 0
386.75 387.38 1
387.38 387.46 0
387.46 389.01 2
389.01 390.20 0
390.20 390.22 2
390.22 390.69 3
390.69 391.09 1
391.09 391.21 0
391.21 394.25 2
394.25 394.46 0
394.46 395.87 2
395.87 396.00 0
396.00 396.38 1
396.38 397.01 0
397.01 397.18 2
397.18 397.63 0
397.63 402.14 2
402.14 403.10 0
403.10 403.44 2
403.44 403.45 3
403.45 405.44 1
405.44 405.59 0
405.59 405.91 1
405.91 405.94 3
405.94 406.17 2
406.17 407.05 3
407.05 408.01 1
408.01 408.74 0
408.74 409.55 2
409.55 409.99 0
409.99 410.54 1
410.54 411.97 0
411.97 412.80 1
412.80 413.13 3
413.13 415.90 2
415.90 416.60 0
416.60 417.50 1
417.50 419.26 0
419.26 419.37 2
419.37 419.92 3
419.92 420.07 1
420.07 423.03 3
423.03 423.09 2
423.09 423.16 0
423.16 424.27 2
424.27 424.46 3
424.46 425.66 1
425.66 427.60 0
427.60 429.31 1
429.31 429.67 0
429.67 430.30 2
430.30 430.42 3
430.42 430.90 1
430.90 432.43 0
432.43 433.10 2
433.10 433.83 0
433.83 435.33 1
435.33 436.80 0
436.80 439.13 1
439.13 439.21 0
439.21 440.55 2
440.55 441.00 0
441.00 443.83 1
443.83 444.06 0
444.06 446.82 1
446.82 447.04 3
447.04 447.98 2
447.98 449.02 3
449.02 452.08 1
452.08 452.09 3
452.09 454.68 2
454.68 454.74 0
454.74 455.47 1
455.47 455.63 3
455.63 456.24 2
456.24 456.52 0
456.52 457.57 1
457.57 457.75 3
457.75 460.09 2
460.09 460.17 0
460.17 461.25 1
461.25 461.79 3
461.79 463.26 1
463.26 463.56 3
463.56 464.05 1
464.05 464.06 0
464.06 467.12 2
467.12 468.16 0
468.16 469.53 2
469.53 470.20 3
470.20 470.84 1
470.84 473.25 3
473.25 474.06 2
474.06 474.38 3
474.38 478.31 1
478.31 478.90 3
478.90 479.56 2
479.56 480.49 0
480.49 483.74 2
483.74 484.23 3
484.23 484.85 2
484.85 485.28 0
485.28 487.08 2
487.08 487.22 3
487.22 487.62 1
487.62 488.06 0
488.06 490.24 1
490.24 490.35 0
490.35 490.39 1
490.39 490.83 3
490.83 493.49 1
493.49 493.70 3
493.70 494.46 2
494.46 495.58 0
495.58 497.25 2
497.25 497.54 3
497.54 497.73 2
497.73 497.85 3
497.85 498.10 1
498.10 498.93 0
498.93 501.51 1
501.51 501.75 0
501.75 502.74 2
502.74 503.16 3
503.16 503.91 1
503.91 504.17 3
504.17 504.60 2
504.60 504.90 0
504.90 507.09 2
507.09 507.47 0
507.47 510.30 1
510.30 510.33 0
510.33 511.52 2
511.52 511.61 3
511.61 512.06 1
512.06 512.18 0
512.18 513.76 2
513.76 513.80 0
513.80 513.92 1
513.92 515.53 3
515.53 519.17 1
519.17 519.33 3
519.33 519.81 2
519.81 519.94 0
519.94 520.05 1
520.05 520.16 3
520.16 521.46 2
521.46 521.59 3
521.59 522.08 1
522.08 522.78 0
522.78 524.46 2
524.46 524.58 3
524.58 525.05 1
525.05 525.26 0
525.26 527.72 1
527.72 527.79 0
527.79 528.19 2
528.19 528.75 3
528.75 528.88 2
528.88 529.44 0
529.44 530.73 1
530.73 532.24 0
532.24 533.78 2
533.78 534.31 0
534.31 537.49 2
537.49 538.19 3
538.19 538.21 2
538.21 538.65 0
538.65 539.19 1
539.19 539.35 0
539.35 539.66 1
539.66 539.91 0
539.91 540.34 1
540.34 540.81 0
540.81 542.23 1
542.23 542.57 0
542.57 542.59 1
542.59 543.36 3
543.36 544.14 1
544.14 544.22 0
544.22 545.33 2
545.33 545.97 3
545.97 547.05 2
547.05 548.15 0
548.15 549.23 2
549.23 549.83 0
549.83 552.68 1
552.68 553.44 3
553.44 556.48 2
556.48 556.53 0
556.53 556.82 1
556.82 557.95 3
557.95 558.14 2
558.14 558.89 0
558.89 559.29 2
559.29 560.06 3
560.06 561.52 1
561.52 561.60 3
561.60 562.39 2
562.39 563.76 0
563.76 565.72 2
565.72 565.80 0
565.80 566.92 2
566.92 567.65 0
567.65 568.27 1
568.27 568.54 0
568.54 569.68 2
569.68 570.22 0
570.22 571.59 2
571.59 571.99 3
571.99 572.92 2
572.92 573.85 1
573.85 574.03 0
574.03 574.86 2
574.86 575.15 3
575.15 576.81 1
576.81 576.82 3
576.82 577.36 2
577.36 577.54 3
577.54 577.84 1
577.84 578.08 0
578.08 578.27 1
578.27 579.03 0
579.03 580.20 1
580.20 580.92 0
580.92 582.02 2
582.02 582.09 3
582.09 583.80 1
583.80 583.91 0
583.91 584.96 1
584.96 585.75 3
585.75 586.05 2
586.05 586.21 3
586.21 587.28 1
587.28 587.44 0
587.44 589.26 1
589.26 589.42 0
589.42 590.34 1
590.34 590.37 0
590.37 590.95 2
590.95 591.10 3
591.10 592.04 1
592.04 593.09 0
593.09 593.26 1
593.26 593.36 0
593.36 594.23 2
594.23 594.69 0
594.69 594.91 2
594.91 595.35 3
595.35 596.55 2
596.55 596.90 3
596.90 597.15 1
597.15 597.43 3
597.43 598.06 2
598.06 598.50 3
598.50 598.75 2
598.75 598.93 3
598.93 599.50 1
599.50 599.83 0
599.83 601.08 2
