0.00 3.22 1
3.22 4.12 3
4.12 4.69 2
4.69 4.74 3
4.74 7.10 1
7.10 7.39 0
7.39 7.60 1
7.60 7.96 3
7.96 9.64 1
9.64 9.97 3
9.97 15.25 2
15.25 15.45 0
15.45 16.73 1
16.73 16.77 3
16.77 18.30 2
18.30 18.52 0
18.52 25.64 1
25.64 26.23 3
26.23 27.33 2
27.33 28.03 0
28.03 28.44 2
28.44 29.16 0
29.16 31.00 2
31.00 32.34 0
32.34 34.29 2
34.29 35.07 0
35.07 37.37 2
37.37 37.43 3
37.43 38.05 1
38.05 38.22 3
38.22 40.07 2
40.07 40.69 0
40.69 41.69 2
41.69 42.45 0
42.45 44.01 1
44.01 44.16 3
44.16 46.02 2
46.02 46.26 0
46.26 47.48 1
47.48 47.55 0
47.55 48.31 2
48.31 48.89 0
48.89 52.64 2
52.64 53.04 0
53.04 54.94 1
54.94 55.05 3
55.05 55.83 2
55.83 56.58 0
56.58 57.47 2
57.47 57.89 3
57.89 60.02 1
60.02 60.29 3
60.29 64.80 2
64.80 65.01 3
65.01 66.01 1
66.01 66.18 3
66.18 67.26 2
67.26 68.06 3
68.06 69.64 1
69.64 69.79 0
69.79 71.81 2
71.81 72.57 0
72.57 72.95 1
72.95 74.61 3
74.61 75.33 2
75.33 75.64 3
75.64 76.67 2
76.67 76.75 0
76.75 78.16 1
78.16 78.27 3
78.27 83.61 2
83.61 84.61 0
84.61 85.33 1
85.33 85.37 0
85.37 85.39 1
85.39 85.94 3
85.94 86.05 1
86.05 86.11 0
86.11 88.61 2
88.61 89.41 0
89.41 90.10 1
90.10 90.77 3
90.77 90.89 1
90.89 91.25 0
91.25 92.76 1
92.76 92.95 0
92.95 93.54 2
93.54 93.58 3
93.58 98.07 1
98.07 98.10 0
98.10 100.70 1
100.70 100.94 3
100.94 101.54 2
101.54 102.13 0
102.13 104.64 2
104.64 105.01 0
105.01 106.08 2
106.08 106.47 0
106.47 106.99 1
106.99 107.18 0
107.18 107.82 1
107.82 107.85 3
107.85 108.87 2
108.87 109.13 3
109.13 112.30 1
112.30 112.47 3
112.47 113.54 2
113.54 114.18 3
114.18 118.14 2
118.14 118.77 3
118.77 123.96 1
123.96 124.19 0
124.19 124.31 1
124.31 126.28 3
126.28 127.96 2
127.96 128.15 0
128.15 128.86 1
128.86 129.31 3
129.31 132.49 2
132.49 133.02 0
133.02 136.36 2
136.36 136.71 0
136.71 137.12 1
137.12 137.51 3
137.51 139.04 2
139.04 139.89 3
139.89 140.04 1
140.04 140.74 3
140.74 140.91 1
140.91 141.06 0
141.06 145.09 2
145.09 145.60 0
145.60 145.69 2
145.69 146.38 3
146.38 147.23 2
147.23 147.44 0
147.44 153.32 1
153.32 153.70 3
153.70 154.35 1
154.35 154.36 0
154.36 155.67 1
155.67 155.68 3
155.68 156.61 2
156.61 157.41 3
157.41 163.10 2
163.10 163.15 0
163.15 170.56 1
170.56 171.32 0
171.32 171.39 1
171.39 172.23 3
172.23 174.12 2
174.12 175.63 3
175.63 177.18 1
177.18 177.27 0
177.27 177.35 1
177.35 178.12 3
178.12 182.43 1
182.43 183.04 0
183.04 185.57 1
185.57 186.06 0
186.06 189.26 2
189.26 189.41 0
189.41 192.45 1
192.45 193.06 0
193.06 193.49 2
193.49 194.12 3
194.12 194.93 2
194.93 194.95 0
194.95 196.29 1
196.29 196.95 3
196.95 197.07 2
197.07 197.33 0
197.33 202.89 1
202.89 203.06 0
203.06 207.52 2
207.52 208.10 0
208.10 214.21 1
214.21 215.33 0
215.33 216.29 1
216.29 217.05 0
217.05 217.16 1
217.16 218.03 3
218.03 219.44 1
219.44 219.69 3
219.69 223.76 2
223.76 224.12 0
224.12 225.04 1
225.04 225.18 3
225.18 228.55 2
228.55 229.05 0
229.05 229.98 1
229.98 230.47 3
230.47 232.80 2
232.80 233.54 0
233.54 233.55 1
233.55 234.20 3
234.20 234.39 2
234.39 234.49 0
234.49 239.38 1
239.38 239.51 3
239.51 240.27 2
240.27 242.66 1
242.66 243.39 3
243.39 243.84 2
243.84 243.93 3
243.93 246.27 1
246.27 246.37 0
246.37 246.40 1
246.40 247.04 3
247.04 248.07 1
248.07 248.51 0
248.51 252.23 1
252.23 252.56 3
252.56 252.70 1
252.70 253.14 0
253.14 256.82 1
256.82 257.09 0
257.09 257.91 2
257.91 258.31 0
258.31 258.35 1
258.35 258.73 3
258.73 260.49 2
260.49 260.96 0
260.96 266.99 2
266.99 267.10 0
267.10 268.13 1
268.13 268.65 3
268.65 270.13 2
270.13 270.43 0
270.43 271.83 1
271.83 274.30 3
274.30 274.41 1
274.41 274.55 0
274.55 275.09 1
275.09 275.35 3
275.35 275.39 2
275.39 275.70 0
275.70 277.31 2
277.31 277.40 0
277.40 279.16 1
279.16 279.94 0
279.94 280.32 2
280.32 280.69 0
280.69 282.28 1
282.28 282.39 3
282.39 283.19 2
283.19 283.63 0
283.63 285.02 1
285.02 285.60 3
285.60 285.85 1
285.85 285.96 3
285.96 286.57 2
286.57 287.16 3
287.16 287.35 2
287.35 287.89 0
287.89 288.27 2
288.27 288.99 3
288.99 293.41 1
293.41 294.21 0
294.21 294.98 3
294.98 295.12 0
295.12 301.24 1
