0.00 1.55 1
1.55 1.83 0
1.83 2.62 2
2.62 3.97 3
3.97 5.54 1
5.54 5.99 0
5.99 7.14 1
7.14 7.60 0
7.60 12.65 1
12.65 13.04 0
13.04 14.73 1
14.73 15.51 0
15.51 17.87 1
17.87 18.35 0
18.35 19.59 1
19.59 19.93 0
19.93 25.10 1
25.10 25.36 0
25.36 27.68 1
27.68 28.13 0
28.13 29.27 1
29.27 29.59 0
29.59 36.76 1
36.76 37.14 3
37.14 38.13 2
38.13 38.21 3
38.21 40.61 1
40.61 41.36 0
41.36 43.11 1
43.11 43.65 0
43.65 51.11 1
51.11 52.21 0
52.21 58.61 1
58.61 58.71 0
58.71 59.06 2
59.06 59.44 0
59.44 62.86 1
62.86 63.01 3
63.01 63.96 2
63.96 64.38 0
64.38 67.06 1
67.06 67.36 0
67.36 68.58 1
68.58 68.76 0
68.76 70.10 1
70.10 70.23 0
70.23 74.77 1
74.77 74.90 0
74.90 76.13 1
76.13 76.50 0
76.50 80.18 1
80.18 80.88 0
80.88 81.27 1
81.27 81.78 0
81.78 85.39 1
85.39 85.88 0
85.88 89.02 1
89.02 90.02 3
90.02 90.28 2
90.28 90.55 3
90.55 92.72 1
92.72 93.07 0
93.07 93.38 1
93.38 93.52 3
93.52 96.05 1
96.05 96.49 0
96.49 97.48 1
97.48 97.83 3
97.83 97.97 1
97.97 99.00 0
99.00 99.15 1
99.15 99.57 3
99.57 99.89 1
99.89 100.84 0
100.84 101.23 1
101.23 101.38 0
101.38 106.45 2
106.45 107.13 0
107.13 107.96 2
107.96 108.10 0
108.10 108.70 1
108.70 109.18 0
109.18 111.34 2
111.34 112.05 0
112.05 113.43 2
113.43 113.83 0
113.83 117.48 1
117.48 118.28 0
118.28 121.93 1
121.93 122.58 0
122.58 124.98 1
124.98 125.08 0
125.08 127.15 2
127.15 128.11 0
128.11 128.45 1
128.45 128.82 0
128.82 129.35 2
129.35 129.75 0
129.75 129.78 2
129.78 130.21 3
130.21 134.58 1
134.58 134.88 3
134.88 136.82 2
136.82 136.93 0
136.93 138.90 1
138.90 138.96 0
138.96 140.81 2
140.81 141.64 0
141.64 143.86 2
143.86 143.98 0
143.98 145.00 2
145.00 145.38 0
145.38 146.52 2
146.52 146.55 3
146.55 147.52 1
147.52 147.78 0
147.78 151.14 2
151.14 151.55 0
151.55 155.33 2
155.33 155.77 3
155.77 159.20 1
159.20 159.32 3
159.32 161.93 2
161.93 162.14 0
162.14 162.58 1
162.58 162.69 3
162.69 163.20 2
163.20 163.74 0
163.74 165.70 1
165.70 166.00 0
166.00 166.43 1
166.43 166.82 0
166.82 167.38 1
167.38 167.88 0
167.88 168.16 2
168.16 168.64 0
168.64 171.43 1
171.43 171.97 0
171.97 172.44 1
172.44 172.54 3
172.54 173.51 1
173.51 173.95 0
173.95 176.64 1
176.64 176.74 0
176.74 181.52 1
181.52 181.82 0
181.82 181.88 2
181.88 182.11 3
182.11 186.58 1
186.58 187.37 0
187.37 187.44 1
187.44 187.96 3
187.96 191.20 1
191.20 191.37 0
191.37 191.67 2
191.67 192.08 0
192.08 195.63 1
195.63 195.91 0
195.91 198.10 2
198.10 198.60 0
198.60 199.67 2
199.67 199.83 3
199.83 200.00 1
200.00 200.38 0
200.38 200.43 2
200.43 200.67 3
200.67 201.75 1
201.75 201.84 3
201.84 202.30 2
202.30 202.55 0
202.55 205.03 2
205.03 205.61 3
205.61 206.35 1
206.35 206.90 0
206.90 207.10 2
207.10 207.41 0
207.41 211.09 1
211.09 211.22 0
211.22 212.07 2
212.07 212.52 0
212.52 214.73 1
214.73 215.63 0
215.63 215.79 2
215.79 216.04 0
216.04 218.03 1
218.03 218.71 0
218.71 218.94 1
218.94 219.31 3
219.31 221.34 1
221.34 221.93 0
221.93 222.14 2
222.14 222.43 0
222.43 223.84 1
223.84 224.63 0
224.63 224.71 1
224.71 224.92 3
224.92 227.48 2
227.48 227.87 0
227.87 229.42 1
229.42 229.89 0
229.89 232.90 1
232.90 233.09 0
233.09 234.15 1
234.15 234.40 0
234.40 234.55 2
234.55 234.72 3
234.72 236.20 1
236.20 236.53 0
236.53 236.61 2
236.61 236.76 3
236.76 236.94 2
236.94 237.39 0
237.39 237.70 1
237.70 238.26 0
238.26 238.54 2
238.54 238.93 0
238.93 239.40 1
239.40 239.51 3
239.51 240.38 2
240.38 240.64 3
240.64 242.67 1
242.67 243.21 0
243.21 246.88 1
246.88 246.91 3
246.91 247.33 2
247.33 247.44 3
247.44 252.04 1
252.04 252.38 0
252.38 252.91 2
252.91 253.37 0
253.37 258.41 1
258.41 258.94 0
258.94 261.45 1
261.45 261.73 0
261.73 262.51 2
262.51 262.74 0
262.74 262.98 1
262.98 263.13 3
263.13 263.44 1
263.44 263.63 0
263.63 265.57 2
265.57 265.88 0
265.88 266.82 1
266.82 267.36 0
267.36 271.24 1
271.24 271.57 3
271.57 272.11 2
272.11 272.38 3
272.38 273.43 1
273.43 274.19 0
274.19 274.81 2
274.81 274.85 0
274.85 275.88 1
275.88 276.52 0
276.52 277.02 2
277.02 277.27 0
277.27 277.94 1
277.94 278.27 0
278.27 279.28 2
279.28 279.43 0
279.43 281.69 1
281.69 282.23 3
282.23 284.50 2
284.50 284.55 0
284.55 285.66 1
285.66 285.92 0
285.92 287.79 1
287.79 288.98 0
288.98 289.03 2
289.03 289.30 3
289.30 290.40 2
290.40 290.43 3
290.43 290.59 1
290.59 290.81 3
290.81 291.56 1
291.56 291.96 3
291.96 292.78 2
292.78 292.96 0
292.96 294.63 1
294.63 295.66 0
295.66 296.01 1
296.01 296.47 3
296.47 297.19 2
297.19 297.29 0
297.29 300.94 1
300.94 302.20 0
302.20 304.91 1
304.91 304.94 0
304.94 308.60 2
308.60 309.16 3
309.16 311.58 1
311.58 311.76 0
311.76 313.49 2
313.49 313.63 0
313.63 314.03 1
314.03 314.13 3
314.13 314.49 2
314.49 315.40 0
315.40 317.84 1
317.84 317.92 0
317.92 319.83 2
319.83 320.34 0
320.34 320.75 1
320.75 321.17 0
321.17 321.47 2
321.47 322.19 0
322.19 322.49 1
322.49 322.90 3
322.90 325.23 1
325.23 327.11 0
327.11 329.05 1
329.05 329.38 0
329.38 331.93 1
331.93 332.38 0
332.38 332.61 2
332.61 332.75 0
332.75 332.85 2
332.85 332.97 3
332.97 333.78 1
333.78 334.75 0
334.75 337.41 1
337.41 338.23 0
338.23 343.39 1
343.39 343.50 3
343.50 344.01 2
344.01 344.86 0
344.86 345.32 1
345.32 345.68 0
345.68 345.95 2
345.95 346.56 0
346.56 347.31 2
347.31 348.17 0
348.17 351.23 1
351.23 351.48 0
351.48 353.16 2
353.16 353.18 0
353.18 354.41 1
354.41 354.92 0
354.92 355.37 2
355.37 355.57 0
355.57 356.38 1
356.38 356.53 0
356.53 357.33 2
357.33 357.36 0
357.36 361.36 1
361.36 361.38 0
361.38 362.43 2
362.43 364.43 3
364.43 365.31 1
365.31 365.70 0
365.70 365.79 2
365.79 366.03 3
366.03 368.14 1
368.14 368.61 3
368.61 371.80 2
371.80 372.07 0
372.07 372.27 1
372.27 372.38 3
372.38 375.43 2
375.43 375.93 0
375.93 376.44 2
376.44 377.00 3
377.00 377.56 2
377.56 377.61 0
377.61 377.99 1
377.99 378.58 0
378.58 379.85 2
379.85 380.42 0
380.42 381.84 2
381.84 381.89 0
381.89 384.62 2
384.62 385.42 0
385.42 385.75 1
385.75 386.62 0
386.62 390.03 1
390.03 390.20 0
390.20 392.30 1
392.30 392.74 3
392.74 394.44 2
394.44 394.72 3
394.72 398.24 1
398.24 398.83 0
398.83 399.36 2
399.36 399.42 3
399.42 401.52 1
401.52 401.62 3
401.62 403.81 2
403.81 405.10 0
405.10 405.50 2
405.50 405.72 0
405.72 408.52 2
408.52 409.15 3
409.15 411.72 1
411.72 411.92 0
411.92 415.37 1
415.37 416.25 0
416.25 417.05 1
417.05 417.23 3
417.23 418.33 2
418.33 418.49 0
418.49 418.84 1
418.84 419.03 0
419.03 422.27 2
422.27 422.40 3
422.40 427.81 1
427.81 428.36 0
428.36 428.39 1
428.39 429.25 3
429.25 431.10 2
431.10 431.41 3
431.41 435.94 1
435.94 436.78 0
436.78 437.05 2
437.05 437.15 0
437.15 437.67 1
437.67 437.87 0
437.87 440.56 1
440.56 441.20 0
441.20 444.08 1
444.08 444.18 3
444.18 445.82 2
445.82 446.26 0
446.26 448.06 1
448.06 449.20 0
449.20 452.44 2
452.44 452.80 0
452.80 454.78 2
454.78 455.08 0
455.08 457.88 1
457.88 458.30 0
458.30 459.11 2
459.11 459.61 3
459.61 459.82 1
459.82 460.67 0
460.67 460.83 1
460.83 461.00 3
461.00 462.14 2
462.14 463.92 0
463.92 464.25 2
464.25 464.30 0
464.30 467.45 1
467.45 467.69 0
467.69 468.15 2
468.15 468.59 0
468.59 468.62 1
468.62 469.31 3
469.31 471.28 1
471.28 471.74 0
471.74 472.98 2
472.98 473.40 3
473.40 474.26 2
474.26 475.45 0
475.45 476.12 1
476.12 476.74 0
476.74 479.22 1
479.22 479.27 3
479.27 482.30 2
482.30 482.64 0
482.64 483.14 1
483.14 483.50 3
483.50 484.49 2
484.49 484.96 0
484.96 486.40 1
486.40 486.85 0
486.85 488.36 1
488.36 488.49 3
488.49 489.63 2
489.63 490.96 0
490.96 493.33 2
493.33 494.12 0
494.12 495.05 2
495.05 495.29 0
495.29 497.25 1
497.25 498.13 0
498.13 498.47 1
498.47 498.62 3
498.62 501.10 2
501.10 501.25 0
501.25 505.94 1
505.94 506.84 0
506.84 509.61 1
509.61 510.42 0
510.42 510.77 1
510.77 511.46 0
511.46 514.40 1
514.40 515.44 0
515.44 518.00 1
518.00 519.15 0
519.15 519.32 1
519.32 519.66 3
519.66 520.93 1
520.93 521.51 3
521.51 521.65 1
521.65 522.12 0
522.12 522.70 1
522.70 522.99 0
522.99 523.64 2
523.64 523.87 0
523.87 525.15 1
525.15 525.48 0
525.48 526.15 2
526.15 526.84 0
526.84 530.40 1
530.40 530.65 0
530.65 531.17 2
531.17 531.46 3
531.46 533.75 1
533.75 534.20 0
534.20 536.16 1
536.16 536.48 3
536.48 536.81 2
536.81 536.90 0
536.90 537.53 1
537.53 537.93 0
537.93 537.95 1
537.95 539.82 3
539.82 540.58 1
540.58 541.43 0
541.43 544.56 2
544.56 545.11 0
545.11 545.13 1
545.13 545.60 3
545.60 547.51 1
547.51 547.67 0
547.67 552.78 2
552.78 552.94 0
552.94 555.69 1
555.69 555.84 3
555.84 556.69 2
556.69 557.15 0
557.15 558.69 1
558.69 559.74 0
559.74 562.22 2
562.22 562.79 3
562.79 563.66 1
563.66 564.01 3
564.01 569.06 2
569.06 569.13 3
569.13 574.82 1
574.82 575.57 3
575.57 575.92 1
575.92 576.51 3
576.51 577.85 2
577.85 578.89 0
578.89 581.94 2
581.94 582.22 0
582.22 585.87 2
585.87 586.03 0
586.03 588.09 2
588.09 588.16 3
588.16 588.50 1
588.50 588.75 3
588.75 589.40 2
589.40 589.87 3
589.87 590.79 2
590.79 591.19 3
591.19 592.88 1
592.88 593.94 3
593.94 596.96 2
596.96 597.10 0
597.10 599.54 2
599.54 600.77 3
600.77 604.94 1
604.94 605.33 3
605.33 605.58 1
605.58 605.76 0
605.76 608.65 2
608.65 608.94 0
608.94 609.35 1
