0.00 5.29 1
5.29 6.23 0
6.23 8.17 2
8.17 8.45 0
8.45 13.14 1
13.14 13.46 0
13.46 18.50 1
18.50 19.48 0
19.48 22.08 1
22.08 23.41 0
23.41 23.50 1
23.50 24.19 3
24.19 25.41 2
25.41 25.72 0
25.72 31.62 1
31.62 33.48 0
33.48 33.56 2
33.56 33.85 3
33.85 34.37 1
34.37 36.09 0
36.09 38.40 1
38.40 39.79 0
39.79 43.85 1
43.85 44.44 3
44.44 46.54 2
46.54 46.73 0
46.73 47.23 1
47.23 47.81 0
47.81 49.82 2
49.82 50.10 0
50.10 50.20 1
50.20 50.54 3
50.54 54.42 2
54.42 55.10 0
55.10 57.04 1
57.04 57.87 3
57.87 62.77 2
62.77 63.17 1
63.17 67.27 3
67.27 67.98 2
67.98 68.25 3
68.25 70.66 1
70.66 71.73 0
71.73 72.33 2
72.33 72.78 0
72.78 73.22 1
73.22 73.52 0
73.52 76.29 2
76.29 77.38 0
77.38 77.59 1
77.59 78.19 3
78.19 78.29 2
78.29 79.02 0
79.02 84.42 2
84.42 85.76 0
85.76 86.43 1
86.43 87.03 0
87.03 89.65 2
89.65 90.70 0
90.70 92.95 2
92.95 93.89 0
93.89 94.91 1
94.91 95.64 0
95.64 96.38 2
96.38 97.72 3
97.72 98.12 1
98.12 98.43 3
98.43 99.95 2
99.95 100.93 0
100.93 101.15 1
101.15 101.39 3
101.39 106.97 2
106.97 107.85 0
107.85 113.26 2
113.26 114.02 0
114.02 115.19 2
115.19 117.55 0
117.55 119.89 1
119.89 121.77 0
121.77 123.38 2
123.38 125.68 0
125.68 125.93 2
125.93 126.07 3
126.07 129.05 2
129.05 132.43 0
132.43 132.53 2
132.53 132.93 3
132.93 138.94 2
138.94 141.31 0
141.31 142.29 1
142.29 142.81 3
142.81 143.98 1
143.98 145.92 0
145.92 146.58 1
146.58 146.89 0
146.89 147.26 2
147.26 148.02 0
148.02 150.78 1
150.78 151.23 0
151.23 153.82 1
153.82 154.28 0
154.28 158.86 1
158.86 160.67 0
160.67 162.32 2
162.32 162.84 3
162.84 168.71 1
168.71 169.66 0
169.66 173.85 1
173.85 174.28 3
174.28 174.46 1
174.46 174.89 0
174.89 175.12 1
175.12 176.07 0
176.07 176.38 2
176.38 176.91 0
176.91 181.55 1
181.55 182.08 0
182.08 187.27 1
187.27 187.90 0
187.90 192.86 1
192.86 193.92 0
193.92 194.16 1
194.16 194.74 3
194.74 195.25 2
195.25 195.65 0
195.65 196.02 1
196.02 196.86 0
196.86 197.00 2
197.00 197.80 3
197.80 201.04 1
201.04 206.53 0
206.53 206.98 1
206.98 207.25 3
207.25 212.24 1
212.24 212.65 0
212.65 212.78 2
212.78 214.04 3
214.04 215.65 1
215.65 216.13 0
216.13 220.64 1
220.64 221.30 0
221.30 224.64 1
224.64 225.56 0
225.56 225.72 1
225.72 226.07 3
226.07 230.23 1
230.23 231.12 0
231.12 231.61 2
231.61 231.79 0
231.79 235.55 1
235.55 236.24 0
236.24 239.40 1
239.40 239.83 0
239.83 241.35 1
241.35 242.46 0
242.46 243.37 1
243.37 245.23 0
245.23 247.93 1
247.93 248.43 3
248.43 250.55 2
250.55 250.75 3
250.75 253.43 1
253.43 254.39 0
254.39 254.61 2
254.61 255.69 3
255.69 261.04 1
261.04 261.53 0
261.53 266.76 1
266.76 267.75 0
267.75 268.30 2
268.30 268.40 0
268.40 276.79 1
276.79 276.97 3
276.97 277.65 2
277.65 278.38 3
278.38 284.37 1
284.37 285.44 0
285.44 285.70 1
285.70 286.20 3
286.20 288.99 1
288.99 290.69 0
290.69 290.81 1
290.81 291.18 3
291.18 292.44 2
292.44 292.75 3
292.75 294.39 1
294.39 294.47 0
294.47 296.62 2
296.62 297.35 0
297.35 302.18 1
302.18 303.67 0
303.67 305.16 2
305.16 305.85 0
305.85 307.48 1
307.48 308.48 0
308.48 313.50 2
313.50 313.98 0
313.98 317.48 1
317.48 318.47 0
318.47 318.91 2
318.91 319.43 3
319.43 322.00 2
322.00 322.14 0
322.14 324.65 2
324.65 325.31 3
325.31 329.18 1
329.18 330.05 0
330.05 333.98 2
333.98 334.01 3
334.01 337.29 1
337.29 338.47 0
338.47 338.92 2
338.92 339.19 0
339.19 339.88 1
339.88 341.36 3
341.36 342.60 2
342.60 342.81 3
342.81 343.16 1
343.16 343.23 3
343.23 348.91 2
348.91 349.82 0
349.82 354.19 2
354.19 354.73 0
354.73 355.80 1
355.80 357.48 3
357.48 360.03 2
360.03 360.05 3
360.05 361.98 1
361.98 364.74 3
364.74 366.57 2
366.57 367.14 0
367.14 367.59 2
367.59 369.24 3
369.24 371.97 2
371.97 372.40 0
372.40 373.44 1
373.44 374.42 3
374.42 374.89 2
374.89 375.03 0
375.03 375.73 2
375.73 379.22 3
379.22 382.93 1
382.93 383.53 0
383.53 386.06 1
386.06 386.70 0
386.70 386.84 1
386.84 387.36 3
387.36 390.49 1
390.49 392.02 0
392.02 395.57 2
395.57 396.37 0
396.37 398.87 1
398.87 399.64 0
399.64 400.14 2
400.14 400.81 0
400.81 401.26 1
401.26 401.57 3
401.57 406.05 2
406.05 406.99 0
406.99 408.09 1
408.09 408.93 0
408.93 412.91 2
412.91 413.06 0
413.06 413.48 1
413.48 413.66 3
413.66 416.47 2
416.47 416.74 3
416.74 417.08 1
417.08 417.58 0
417.58 425.35 2
425.35 426.00 0
426.00 426.49 1
426.49 427.00 3
427.00 427.01 2
427.01 428.01 0
428.01 433.50 2
433.50 434.31 0
434.31 439.43 2
439.43 439.61 0
439.61 444.43 2
444.43 444.47 0
444.47 445.00 1
445.00 445.25 0
445.25 449.59 2
449.59 450.13 3
450.13 450.96 2
450.96 451.11 0
451.11 451.44 1
451.44 452.56 3
452.56 455.53 1
455.53 456.57 0
456.57 459.49 2
459.49 460.06 0
460.06 464.66 2
464.66 465.48 0
465.48 469.47 2
469.47 469.59 0
469.59 472.01 2
472.01 473.47 0
473.47 476.58 2
476.58 477.22 0
477.22 479.82 2
479.82 480.01 0
480.01 482.01 2
482.01 482.29 0
482.29 484.51 2
484.51 485.16 3
485.16 485.63 2
485.63 486.51 0
486.51 489.71 2
489.71 490.65 0
490.65 492.84 2
492.84 492.99 0
492.99 497.81 2
497.81 498.28 0
498.28 499.68 1
499.68 500.02 3
500.02 501.58 2
501.58 503.71 3
503.71 505.85 1
505.85 506.36 3
506.36 509.11 1
509.11 509.45 0
509.45 510.51 1
510.51 511.95 0
511.95 512.86 2
512.86 513.07 0
513.07 514.26 1
514.26 514.57 3
514.57 514.69 1
514.69 514.81 0
514.81 517.56 1
517.56 520.31 0
520.31 520.79 1
520.79 521.48 3
521.48 522.60 2
522.60 522.72 0
522.72 524.28 2
524.28 524.99 0
524.99 525.40 3
525.40 526.29 2
526.29 526.42 3
526.42 527.36 1
527.36 528.19 0
528.19 530.26 2
530.26 531.32 0
531.32 533.37 1
533.37 533.94 0
533.94 534.45 2
534.45 534.68 0
534.68 535.12 1
535.12 536.54 0
536.54 538.55 2
538.55 539.75 0
539.75 544.27 2
544.27 544.71 0
544.71 545.19 1
545.19 545.29 0
545.29 546.16 2
546.16 546.33 0
546.33 546.72 1
546.72 548.19 0
548.19 549.72 2
549.72 551.13 0
551.13 552.52 1
552.52 552.64 3
552.64 557.61 2
557.61 557.81 0
557.81 558.30 1
558.30 558.31 3
558.31 559.42 2
559.42 559.83 0
559.83 560.31 1
560.31 560.53 0
560.53 564.60 2
564.60 564.91 0
564.91 566.23 1
566.23 568.92 3
568.92 569.77 1
569.77 570.42 3
570.42 572.03 2
572.03 573.46 3
573.46 578.95 1
578.95 579.53 0
579.53 585.27 1
585.27 585.76 0
585.76 589.24 1
589.24 589.89 0
589.89 590.35 1
590.35 591.02 3
591.02 591.96 2
591.96 592.49 0
592.49 597.13 1
597.13 598.44 0
598.44 602.55 1
602.55 604.30 0
604.30 609.28 1
609.28 609.83 0
609.83 612.22 1
612.22 613.56 0
613.56 617.50 2
