0.00 2.34 1
2.34 2.74 3
2.74 2.93 2
2.93 3.38 3
3.38 4.71 1
4.71 4.73 0
4.73 5.18 2
5.18 5.32 0
5.32 6.36 1
6.36 6.80 0
6.80 9.99 1
9.99 10.58 0
10.58 14.51 1
14.51 15.13 3
15.13 15.44 1
15.44 15.53 0
15.53 21.63 1
21.63 21.75 0
21.75 27.20 1
27.20 27.66 0
27.66 28.16 1
28.16 28.34 0
28.34 29.81 1
29.81 30.18 3
30.18 30.23 1
30.23 30.48 0
30.48 36.30 1
36.30 36.37 0
36.37 36.93 1
36.93 37.03 0
37.03 39.82 1
39.82 40.21 0
40.21 41.95 1
41.95 42.04 0
42.04 45.30 1
45.30 45.36 0
45.36 48.93 1
48.93 49.22 0
49.22 50.90 1
50.90 51.09 0
51.09 52.39 1
52.39 52.50 0
52.50 56.38 1
56.38 56.55 0
56.55 58.23 1
58.23 58.78 0
58.78 59.53 1
59.53 59.67 0
59.67 59.93 1
59.93 60.14 0
60.14 63.08 1
63.08 63.15 0
63.15 66.38 1
66.38 66.68 3
66.68 66.71 2
66.71 66.82 3
66.82 69.72 1
69.72 69.84 0
69.84 71.59 1
71.59 71.87 3
71.87 74.80 1
74.80 75.08 0
75.08 75.10 1
75.10 75.31 3
75.31 75.51 1
75.51 75.91 3
75.91 76.09 2
76.09 76.68 3
76.68 79.75 1
79.75 79.83 0
79.83 83.28 1
83.28 83.51 0
83.51 85.59 1
85.59 85.89 0
85.89 87.15 1
87.15 87.42 3
87.42 88.29 2
88.29 88.80 3
88.80 90.96 2
90.96 91.11 3
91.11 91.49 1
91.49 91.77 3
91.77 92.24 1
92.24 92.35 0
92.35 93.14 1
93.14 93.24 0
93.24 93.61 1
93.61 93.70 0
93.70 97.52 1
97.52 97.84 0
97.84 99.34 1
99.34 99.58 0
99.58 100.13 1
100.13 100.39 3
100.39 100.60 2
100.60 101.05 3
101.05 102.93 1
102.93 103.06 0
103.06 103.50 1
103.50 103.66 0
103.66 104.62 1
104.62 104.70 3
104.70 104.97 2
104.97 105.47 3
105.47 109.09 1
109.09 109.37 0
109.37 110.52 1
110.52 110.83 0
110.83 112.12 1
112.12 112.26 0
112.26 113.58 1
113.58 113.71 0
113.71 114.05 1
114.05 114.16 0
114.16 117.79 1
117.79 118.18 0
118.18 118.19 2
118.19 118.34 3
118.34 121.12 1
121.12 121.98 0
121.98 123.26 1
123.26 123.43 0
123.43 124.26 1
124.26 124.37 0
124.37 124.82 1
124.82 125.12 0
125.12 125.74 1
125.74 125.90 0
125.90 126.98 1
126.98 127.23 0
127.23 131.08 1
131.08 131.43 0
131.43 131.75 1
131.75 132.09 0
132.09 132.16 2
132.16 132.27 3
132.27 132.81 1
132.81 132.97 0
132.97 134.05 1
134.05 134.25 3
134.25 135.81 2
135.81 135.97 0
135.97 136.90 2
136.90 137.50 0
137.50 142.84 2
142.84 142.91 0
142.91 145.52 2
145.52 145.83 3
145.83 147.24 1
147.24 147.35 3
147.35 148.99 2
148.99 149.10 0
149.10 151.33 2
151.33 151.58 0
151.58 152.97 2
152.97 153.45 0
153.45 155.06 2
155.06 155.30 0
155.30 156.87 2
156.87 157.74 0
157.74 158.67 2
158.67 158.99 0
158.99 161.45 2
161.45 161.57 0
161.57 165.53 2
165.53 165.74 0
165.74 167.70 2
167.70 167.80 3
167.80 167.95 1
167.95 168.36 3
168.36 169.87 2
169.87 170.69 0
170.69 172.53 2
172.53 173.15 3
173.15 174.32 1
174.32 174.60 0
174.60 177.21 1
177.21 177.58 3
177.58 178.18 2
178.18 178.29 3
178.29 180.03 1
180.03 180.29 0
180.29 185.68 1
185.68 186.27 0
186.27 187.25 1
187.25 187.55 3
187.55 187.78 2
187.78 188.16 3
188.16 191.93 1
191.93 192.08 0
192.08 192.45 2
192.45 192.54 3
192.54 193.69 1
193.69 193.97 0
193.97 196.90 2
196.90 197.37 0
197.37 197.45 2
197.45 197.67 3
197.67 198.08 1
198.08 198.13 0
198.13 198.48 2
198.48 198.63 0
198.63 200.79 2
200.79 201.00 0
201.00 202.94 2
202.94 203.05 0
203.05 204.21 2
204.21 204.61 3
204.61 204.96 2
204.96 205.16 0
205.16 207.46 2
207.46 207.64 0
207.64 211.70 1
211.70 212.45 0
212.45 215.80 1
215.80 215.87 0
215.87 221.70 1
221.70 222.00 0
222.00 230.57 1
230.57 230.66 0
230.66 231.59 1
231.59 231.77 0
231.77 233.86 1
233.86 234.14 0
234.14 234.49 2
234.49 234.63 3
234.63 235.57 1
235.57 235.70 0
235.70 238.56 1
238.56 238.86 0
238.86 239.39 1
239.39 240.58 0
240.58 245.54 1
245.54 245.65 0
245.65 246.75 1
246.75 246.87 0
246.87 252.71 1
252.71 252.91 0
252.91 255.50 1
255.50 256.30 0
256.30 257.87 1
257.87 258.10 3
258.10 258.21 2
258.21 258.26 0
258.26 259.00 1
259.00 259.21 3
259.21 259.63 2
259.63 259.72 0
259.72 262.11 1
262.11 262.24 0
262.24 262.88 1
262.88 263.03 0
263.03 267.16 1
267.16 267.26 0
267.26 270.17 1
270.17 270.30 0
270.30 271.02 1
271.02 271.28 3
271.28 271.91 1
271.91 272.21 0
272.21 274.86 1
274.86 275.05 3
275.05 275.43 2
275.43 275.49 3
275.49 275.88 1
275.88 276.39 0
276.39 279.77 1
279.77 280.07 0
280.07 281.01 1
281.01 281.26 3
281.26 281.30 2
281.30 281.54 3
281.54 283.15 1
283.15 283.60 0
283.60 283.63 2
283.63 283.83 3
283.83 284.34 1
284.34 284.38 3
284.38 284.79 2
284.79 285.33 0
285.33 285.69 1
285.69 286.00 0
286.00 288.06 1
288.06 288.23 3
288.23 288.29 2
288.29 288.47 3
288.47 290.45 1
290.45 290.54 0
290.54 291.09 1
291.09 291.19 0
291.19 292.15 1
292.15 292.25 0
292.25 296.16 1
296.16 296.39 0
296.39 298.44 1
298.44 298.91 0
298.91 299.97 1
299.97 300.06 0
300.06 301.82 1
301.82 301.92 0
301.92 302.36 1
302.36 302.58 3
302.58 307.57 1
307.57 307.62 0
307.62 308.47 1
308.47 308.54 3
308.54 308.83 2
308.83 308.99 3
308.99 314.38 1
314.38 314.60 0
314.60 318.40 1
318.40 319.54 3
319.54 320.01 2
320.01 320.67 1
320.67 320.81 0
320.81 325.60 1
325.60 325.76 0
325.76 328.74 1
328.74 328.82 0
328.82 331.90 1
331.90 332.88 0
332.88 335.68 1
335.68 335.69 0
335.69 335.78 2
335.78 335.93 3
335.93 336.46 1
336.46 336.98 0
336.98 337.52 1
337.52 337.62 0
337.62 341.60 1
341.60 341.80 0
341.80 344.37 1
344.37 344.52 0
344.52 348.38 1
348.38 348.46 0
348.46 351.28 1
351.28 351.71 3
351.71 351.77 1
351.77 351.99 0
351.99 352.20 2
352.20 352.31 3
352.31 354.23 1
354.23 354.45 3
354.45 354.54 2
354.54 354.66 0
354.66 357.53 2
357.53 357.58 0
357.58 358.22 1
358.22 358.34 0
358.34 358.85 1
358.85 359.32 3
359.32 363.09 2
363.09 363.17 3
363.17 364.64 1
364.64 364.77 0
364.77 365.21 1
365.21 365.59 0
365.59 372.55 1
372.55 372.86 0
372.86 373.38 1
373.38 373.79 0
373.79 376.36 1
376.36 376.39 3
376.39 376.60 2
376.60 376.71 3
376.71 382.58 1
382.58 382.87 0
382.87 383.03 2
383.03 383.20 0
383.20 383.77 2
383.77 383.89 0
383.89 383.91 2
383.91 384.35 3
384.35 385.51 2
385.51 385.68 3
385.68 388.93 1
388.93 389.10 3
389.10 389.31 2
389.31 389.39 0
389.39 390.28 1
390.28 390.63 0
390.63 390.76 2
390.76 390.96 3
390.96 392.61 1
392.61 392.96 0
392.96 393.44 1
393.44 393.62 0
393.62 396.45 1
396.45 396.80 0
396.80 397.37 1
397.37 397.67 0
397.67 401.07 1
401.07 401.38 0
401.38 403.12 1
403.12 403.19 0
403.19 407.16 1
407.16 407.33 0
407.33 410.86 1
410.86 410.98 2
410.98 411.29 3
411.29 411.73 1
411.73 411.87 0
411.87 414.51 1
414.51 414.60 0
414.60 416.71 1
416.71 416.74 0
416.74 417.39 2
417.39 417.71 0
417.71 420.41 1
420.41 420.57 0
420.57 423.17 1
423.17 423.19 3
423.19 427.32 2
427.32 427.40 0
427.40 429.61 2
429.61 429.70 3
429.70 430.33 1
430.33 430.48 3
430.48 432.05 2
432.05 432.34 0
432.34 434.85 2
434.85 434.92 0
434.92 436.27 2
436.27 436.35 0
436.35 440.71 2
440.71 440.83 0
440.83 444.63 2
444.63 445.07 3
445.07 445.39 2
445.39 445.48 0
445.48 448.52 2
448.52 448.82 0
448.82 450.29 2
450.29 450.77 3
450.77 453.83 2
453.83 454.70 0
454.70 455.03 1
455.03 455.60 3
455.60 456.68 2
456.68 457.30 0
457.30 457.74 1
457.74 457.92 0
457.92 458.12 2
458.12 458.21 3
458.21 459.84 1
459.84 459.88 0
459.88 465.12 1
465.12 465.15 0
465.15 469.28 1
469.28 469.41 0
469.41 469.80 2
469.80 470.15 3
470.15 472.12 1
472.12 472.16 3
472.16 472.59 2
472.59 473.43 0
473.43 474.52 1
474.52 474.67 0
474.67 476.89 1
476.89 477.10 3
477.10 478.09 2
478.09 478.26 0
478.26 479.27 2
479.27 479.38 0
479.38 479.91 2
479.91 480.08 0
480.08 481.78 2
481.78 482.14 0
482.14 482.46 2
482.46 482.66 0
482.66 483.57 2
483.57 483.85 0
483.85 484.43 1
484.43 484.53 0
484.53 485.24 2
485.24 486.16 0
486.16 487.16 2
487.16 488.26 0
488.26 489.23 1
489.23 489.26 0
489.26 490.33 2
490.33 490.54 3
490.54 491.28 1
491.28 491.68 3
491.68 491.71 2
491.71 491.76 0
491.76 492.35 1
492.35 492.62 0
492.62 492.72 2
492.72 493.04 3
493.04 495.47 2
495.47 495.52 0
495.52 500.08 1
500.08 500.29 3
500.29 501.96 2
501.96 502.18 3
502.18 502.39 1
502.39 502.98 3
502.98 503.14 1
503.14 503.29 0
503.29 507.19 1
507.19 507.21 0
507.21 511.61 1
511.61 511.64 0
511.64 514.89 1
514.89 515.03 0
515.03 517.43 1
517.43 517.64 0
517.64 521.01 1
521.01 521.07 0
521.07 521.30 2
521.30 521.47 3
521.47 523.03 2
523.03 523.36 3
523.36 525.22 1
525.22 525.23 0
525.23 525.43 2
525.43 525.77 3
525.77 525.86 2
525.86 526.02 0
526.02 529.63 1
529.63 529.67 3
529.67 529.87 2
529.87 530.01 3
530.01 532.79 1
532.79 533.04 0
533.04 535.24 2
535.24 535.65 0
535.65 537.52 1
537.52 537.84 3
537.84 538.03 1
538.03 538.24 0
538.24 538.33 2
538.33 538.52 3
538.52 538.61 2
538.61 539.26 0
539.26 541.35 1
541.35 541.55 0
541.55 542.84 1
542.84 543.05 3
543.05 543.93 2
543.93 544.83 3
544.83 545.12 2
545.12 545.53 3
545.53 546.56 1
546.56 546.71 3
546.71 547.36 2
547.36 547.56 3
547.56 547.85 1
547.85 548.02 0
548.02 549.91 2
549.91 550.08 3
550.08 551.33 1
551.33 552.96 3
552.96 554.09 1
554.09 554.35 3
554.35 554.61 2
554.61 554.65 3
554.65 558.07 1
558.07 558.15 3
558.15 558.79 2
558.79 558.89 0
558.89 559.18 2
559.18 559.27 3
559.27 559.52 1
559.52 559.53 3
559.53 559.89 2
559.89 560.48 0
560.48 561.99 1
561.99 563.54 0
563.54 565.98 1
565.98 566.21 0
566.21 567.11 2
567.11 567.52 0
567.52 567.83 1
567.83 567.92 0
567.92 568.37 2
568.37 570.03 0
570.03 570.96 1
570.96 571.04 0
571.04 574.20 1
574.20 574.77 3
574.77 577.22 1
577.22 577.35 0
577.35 578.56 2
578.56 578.64 0
578.64 579.72 2
579.72 579.86 0
579.86 580.95 2
580.95 581.73 3
581.73 581.83 1
581.83 581.98 3
581.98 583.43 2
583.43 583.54 0
583.54 591.80 2
591.80 591.95 0
591.95 596.69 2
596.69 596.80 0
596.80 600.28 2
600.28 600.79 0
600.79 602.42 2
