0.00 5.74 2
5.74 6.01 3
6.01 6.06 1
6.06 6.34 3
6.34 6.79 2
6.79 7.25 0
7.25 7.54 1
7.54 7.55 0
7.55 16.32 2
16.32 16.92 0
16.92 17.40 2
17.40 17.65 0
17.65 18.08 1
18.08 18.14 0
18.14 22.03 2
22.03 22.45 0
22.45 22.84 1
22.84 23.93 0
23.93 30.98 2
30.98 31.29 0
31.29 31.65 1
31.65 31.71 3
31.71 34.37 2
34.37 34.63 0
34.63 34.88 1
34.88 34.97 3
34.97 38.57 2
38.57 39.20 0
39.20 41.71 2
41.71 42.24 3
42.24 42.54 2
42.54 43.03 0
43.03 47.88 2
47.88 48.65 0
48.65 52.94 2
52.94 53.89 0
53.89 60.92 2
60.92 61.47 0
61.47 66.41 2
66.41 66.43 0
66.43 66.45 1
66.45 66.62 3
66.62 67.77 2
67.77 68.61 0
68.61 73.19 2
73.19 73.26 3
73.26 73.56 1
73.56 73.70 3
73.70 78.96 2
78.96 79.08 0
79.08 79.55 1
79.55 79.99 0
79.99 80.75 2
80.75 81.86 0
81.86 89.74 2
89.74 90.51 0
90.51 95.07 2
95.07 95.93 0
95.93 104.97 2
104.97 105.36 0
105.36 105.66 1
105.66 105.70 3
105.70 108.82 2
108.82 109.26 0
109.26 109.68 1
109.68 116.55 2
116.55 118.11 0
118.11 126.76 2
126.76 127.47 0
127.47 130.86 2
130.86 130.92 0
130.92 132.21 1
132.21 133.41 0
133.41 133.71 2
133.71 134.15 0
134.15 134.50 1
134.50 134.55 0
134.55 140.81 2
140.81 140.97 0
140.97 141.40 1
141.40 142.00 0
142.00 151.30 2
151.30 151.96 0
151.96 156.61 2
156.61 157.21 0
157.21 166.86 2
166.86 166.87 3
166.87 167.32 1
167.32 167.57 0
167.57 176.43 2
176.43 176.62 3
176.62 176.90 1
176.90 177.45 0
177.45 186.21 2
186.21 186.97 0
186.97 187.33 1
187.33 187.54 0
187.54 190.94 2
190.94 191.37 0
191.37 194.46 1
194.46 195.07 0
195.07 201.35 2
201.35 201.57 0
201.57 202.04 1
202.04 202.26 0
202.26 211.41 2
211.41 211.87 0
211.87 213.61 2
213.61 213.73 3
213.73 214.00 1
214.00 214.63 0
214.63 217.31 2
217.31 217.44 0
217.44 218.32 1
218.32 218.46 3
218.46 224.90 2
224.90 226.13 0
226.13 229.95 2
229.95 230.00 3
230.00 230.32 1
230.32 230.91 3
230.91 238.55 2
238.55 238.97 0
238.97 241.52 2
241.52 242.58 0
242.58 243.98 1
243.98 244.31 3
244.31 244.32 2
244.32 244.51 3
244.51 247.11 1
247.11 247.21 0
247.21 250.56 2
250.56 252.34 0
252.34 252.35 1
252.35 253.14 3
253.14 254.65 2
254.65 255.04 3
255.04 257.58 1
257.58 258.43 0
258.43 260.40 2
260.40 260.42 0
260.42 260.66 1
260.66 260.73 3
260.73 261.18 2
261.18 262.05 0
262.05 262.36 1
262.36 263.07 0
263.07 263.42 2
263.42 264.01 0
264.01 268.35 1
268.35 268.39 3
268.39 272.68 2
272.68 272.78 3
272.78 272.84 1
272.84 273.07 3
273.07 280.22 2
280.22 280.46 0
280.46 280.81 1
280.81 281.13 0
281.13 282.25 2
282.25 282.67 3
282.67 283.25 1
283.25 283.31 3
283.31 284.53 2
284.53 284.56 0
284.56 284.58 1
284.58 285.24 3
285.24 293.53 2
293.53 293.86 0
293.86 295.88 2
295.88 295.97 3
295.97 296.20 1
296.20 296.27 3
296.27 301.85 2
