0.00 3.93 2
3.93 4.46 0
4.46 7.14 2
7.14 7.43 0
7.43 8.21 2
8.21 8.69 3
8.69 9.51 1
9.51 11.52 0
11.52 12.89 1
12.89 13.04 3
13.04 14.99 2
14.99 15.62 3
15.62 16.28 1
16.28 16.47 0
16.47 21.33 2
21.33 21.47 3
21.47 22.99 1
22.99 23.11 3
23.11 28.42 2
28.42 28.62 0
28.62 28.88 1
28.88 29.10 3
29.10 34.27 2
34.27 34.66 0
34.66 35.17 1
35.17 35.75 0
35.75 37.72 2
37.72 37.73 3
37.73 38.31 1
38.31 38.98 3
38.98 39.78 2
39.78 40.45 0
40.45 41.61 2
41.61 41.78 3
41.78 43.83 1
43.83 44.34 0
44.34 44.82 2
44.82 45.34 3
45.34 45.96 1
45.96 46.44 0
46.44 46.85 2
46.85 46.98 3
46.98 50.45 2
50.45 50.70 0
50.70 51.13 1
51.13 51.41 0
51.41 52.41 2
52.41 52.63 3
52.63 53.40 2
53.40 53.63 0
53.63 53.78 1
53.78 53.97 3
53.97 55.44 2
55.44 55.86 0
55.86 57.83 2
57.83 58.13 0
58.13 59.71 2
59.71 60.03 0
60.03 64.28 2
64.28 64.67 0
64.67 66.84 2
66.84 67.25 0
67.25 69.02 2
69.02 69.45 0
69.45 74.38 2
74.38 74.52 0
74.52 76.59 2
76.59 77.33 3
77.33 78.24 1
78.24 78.37 3
78.37 80.95 2
80.95 81.00 3
81.00 81.43 1
81.43 81.63 0
81.63 85.32 2
85.32 85.61 3
85.61 85.75 2
85.75 86.17 0
86.17 89.82 2
89.82 89.99 0
89.99 90.64 1
90.64 91.02 0
91.02 91.03 2
91.03 91.82 3
91.82 92.28 1
92.28 93.12 0
93.12 95.71 2
95.71 95.76 0
95.76 96.17 1
96.17 96.39 3
96.39 97.49 2
97.49 97.62 3
97.62 98.17 1
98.17 98.40 3
98.40 100.44 2
100.44 104.11 3
104.11 104.33 2
104.33 104.40 0
104.40 105.83 1
105.83 106.59 0
106.59 106.99 2
106.99 107.90 0
107.90 108.59 2
108.59 108.97 0
108.97 110.97 1
110.97 111.40 0
111.40 111.96 2
111.96 112.57 3
112.57 112.71 2
112.71 113.40 0
113.40 115.93 1
115.93 116.09 0
116.09 119.00 1
119.00 119.92 3
119.92 120.15 1
120.15 120.96 3
120.96 121.25 1
121.25 121.43 3
121.43 122.90 2
122.90 123.15 3
123.15 124.17 2
124.17 124.28 3
124.28 127.50 1
127.50 127.97 0
127.97 128.09 2
128.09 128.84 3
128.84 129.09 2
129.09 129.42 0
129.42 130.87 2
130.87 131.08 0
131.08 133.51 2
133.51 133.78 3
133.78 135.14 2
135.14 135.69 0
135.69 137.96 2
137.96 138.09 1
138.09 138.90 3
138.90 139.01 1
139.01 139.59 0
139.59 142.44 2
142.44 142.50 0
142.50 142.53 2
142.53 142.76 3
142.76 143.20 2
143.20 143.93 3
143.93 145.51 2
145.51 146.03 0
146.03 146.74 2
146.74 147.00 0
147.00 155.06 2
155.06 155.24 0
155.24 155.58 1
155.58 155.62 3
155.62 157.05 2
157.05 157.20 0
157.20 159.20 2
159.20 159.72 0
159.72 164.63 2
164.63 165.03 0
165.03 166.18 2
166.18 166.25 0
166.25 166.63 1
166.63 166.87 3
166.87 168.86 2
168.86 168.91 0
168.91 170.05 2
170.05 170.30 0
170.30 174.24 2
174.24 174.91 3
174.91 174.96 1
174.96 175.84 3
175.84 179.72 2
179.72 180.20 0
180.20 180.82 2
180.82 181.45 0
181.45 183.85 2
183.85 185.08 3
185.08 186.46 2
186.46 187.68 3
187.68 189.92 2
189.92 190.01 0
190.01 193.67 2
193.67 195.17 3
195.17 195.20 1
195.20 195.90 3
195.90 200.49 2
200.49 201.63 3
201.63 201.65 1
201.65 201.73 3
201.73 208.65 2
208.65 208.68 0
208.68 210.51 2
210.51 211.20 3
211.20 211.63 1
211.63 211.99 0
211.99 212.63 2
212.63 212.79 0
212.79 215.87 1
215.87 216.42 0
216.42 216.56 2
216.56 216.78 3
216.78 219.72 1
219.72 220.17 3
220.17 220.93 2
220.93 221.66 3
221.66 224.95 1
224.95 225.37 0
225.37 225.43 1
225.43 226.05 3
226.05 227.45 1
227.45 227.62 3
227.62 229.56 2
229.56 229.70 3
229.70 230.88 1
230.88 231.03 0
231.03 231.48 2
231.48 231.78 3
231.78 233.10 1
233.10 233.58 0
233.58 233.93 2
233.93 233.95 3
233.95 234.30 1
234.30 234.64 3
234.64 236.72 2
236.72 236.91 0
236.91 240.63 2
240.63 240.64 0
240.64 242.44 2
242.44 242.52 0
242.52 242.84 2
242.84 243.10 3
243.10 244.63 2
244.63 244.69 0
244.69 244.93 1
244.93 245.23 3
245.23 245.87 2
245.87 247.31 3
247.31 247.63 2
247.63 247.73 3
247.73 248.06 1
248.06 248.08 3
248.08 249.82 2
249.82 252.34 3
252.34 252.72 1
252.72 253.11 3
253.11 253.60 2
253.60 253.80 3
253.80 254.70 2
254.70 255.75 3
255.75 256.20 2
256.20 256.27 0
256.27 256.34 1
256.34 257.96 3
257.96 258.11 2
258.11 258.49 0
258.49 260.40 2
260.40 260.74 3
260.74 261.31 1
261.31 261.94 0
261.94 262.77 2
262.77 262.95 3
262.95 264.48 2
264.48 264.80 0
264.80 265.58 1
265.58 265.66 3
265.66 266.82 2
266.82 267.07 0
267.07 267.42 1
267.42 268.06 3
268.06 269.67 2
269.67 269.69 0
269.69 273.51 2
273.51 273.58 0
273.58 276.49 2
276.49 276.53 0
276.53 276.95 1
276.95 277.80 0
277.80 281.65 2
281.65 282.87 3
282.87 285.57 2
285.57 286.01 0
286.01 286.03 1
286.03 286.56 3
286.56 293.27 2
293.27 293.35 0
293.35 300.39 2
