0.00 0.46 2
0.46 1.03 3
1.03 1.23 2
1.23 1.95 3
1.95 3.23 2
3.23 3.51 3
3.51 3.90 2
3.90 4.09 0
4.09 4.44 1
4.44 4.55 0
4.55 10.49 1
10.49 10.82 0
10.82 11.00 1
11.00 11.31 0
11.31 12.87 1
12.87 13.20 3
13.20 13.54 2
13.54 14.18 3
14.18 14.25 1
14.25 14.52 0
14.52 14.54 1
14.54 14.86 3
14.86 15.53 2
15.53 16.05 3
16.05 16.91 2
16.91 17.03 3
17.03 19.49 1
19.49 19.80 0
19.80 21.67 1
21.67 21.85 0
21.85 22.71 2
22.71 23.18 3
23.18 27.74 2
27.74 27.99 0
27.99 28.95 2
28.95 29.09 0
29.09 29.63 1
29.63 29.74 3
29.74 30.38 2
30.38 31.02 3
31.02 31.54 2
31.54 31.57 0
31.57 34.73 2
34.73 35.62 3
35.62 37.80 1
37.80 37.91 3
37.91 40.74 2
40.74 42.17 3
42.17 42.31 2
42.31 42.86 3
42.86 43.19 1
43.19 43.35 3
43.35 50.25 2
50.25 51.60 3
51.60 51.71 2
51.71 51.93 0
51.93 55.38 2
55.38 55.39 0
55.39 60.09 2
60.09 60.49 3
60.49 61.82 2
61.82 61.84 0
61.84 62.71 2
62.71 63.47 3
63.47 64.54 2
64.54 65.22 3
65.22 67.43 2
67.43 67.50 0
67.50 69.24 2
69.24 69.35 0
69.35 69.68 2
69.68 69.89 3
69.89 75.17 2
75.17 75.40 1
75.40 75.73 3
75.73 76.15 2
76.15 76.46 3
76.46 83.00 2
83.00 83.01 0
83.01 83.19 1
83.19 84.09 3
84.09 84.46 1
84.46 84.78 0
84.78 86.24 2
86.24 86.84 3
86.84 88.20 2
88.20 88.64 3
88.64 89.03 1
89.03 89.34 3
89.34 89.96 2
89.96 90.37 3
90.37 90.38 2
90.38 90.75 0
90.75 91.95 1
91.95 92.22 0
92.22 92.47 1
92.47 92.89 3
92.89 93.33 1
93.33 93.39 0
93.39 97.49 2
97.49 98.05 3
98.05 99.34 1
99.34 99.80 0
99.80 102.49 1
102.49 102.57 0
102.57 104.23 1
104.23 104.31 0
104.31 105.11 1
105.11 105.69 3
105.69 106.84 1
106.84 107.24 0
107.24 110.36 1
110.36 110.66 0
110.66 111.01 2
111.01 111.39 3
111.39 112.18 2
112.18 112.29 3
112.29 112.58 2
112.58 113.00 3
113.00 113.51 2
113.51 113.85 0
113.85 116.76 1
116.76 116.98 0
116.98 120.20 1
120.20 120.21 3
120.21 120.63 2
120.63 120.73 3
120.73 121.43 1
121.43 122.03 3
122.03 126.94 2
126.94 127.07 3
127.07 127.13 1
127.13 127.45 3
127.45 129.35 2
129.35 129.85 3
129.85 131.33 2
131.33 131.45 3
131.45 133.63 2
133.63 134.03 3
134.03 134.21 2
134.21 134.24 0
134.24 138.06 2
138.06 138.11 0
138.11 140.83 2
140.83 141.34 3
141.34 141.78 2
141.78 142.03 3
142.03 142.08 1
142.08 142.16 3
142.16 144.83 2
144.83 145.09 3
145.09 145.40 1
145.40 145.62 3
145.62 148.07 1
148.07 148.21 0
148.21 148.34 1
148.34 149.22 3
149.22 149.33 2
149.33 149.55 0
149.55 149.57 1
149.57 150.51 3
150.51 151.65 1
151.65 152.16 0
152.16 156.79 1
156.79 156.87 0
156.87 156.91 1
156.91 157.78 3
157.78 158.49 1
158.49 158.76 0
158.76 161.36 1
161.36 161.42 0
161.42 165.29 1
165.29 166.56 3
166.56 167.63 2
167.63 167.67 0
167.67 177.22 2
177.22 177.49 3
177.49 177.54 1
177.54 177.69 3
177.69 178.27 2
178.27 178.33 0
178.33 180.57 2
180.57 181.58 3
181.58 183.07 2
183.07 183.14 3
183.14 186.86 1
186.86 187.48 0
187.48 188.45 1
188.45 188.69 0
188.69 189.06 1
189.06 189.34 0
189.34 192.55 1
192.55 192.97 0
192.97 194.80 1
194.80 195.47 3
195.47 199.77 1
199.77 199.84 0
199.84 200.82 1
200.82 200.93 0
200.93 201.24 1
201.24 201.35 0
201.35 201.98 1
201.98 203.17 3
203.17 203.32 1
203.32 203.46 3
203.46 204.07 2
204.07 204.27 3
204.27 205.17 2
205.17 205.19 0
205.19 205.83 2
205.83 206.29 3
206.29 209.05 2
209.05 209.29 3
209.29 209.31 1
209.31 209.76 3
209.76 213.75 2
213.75 213.82 0
213.82 217.22 2
217.22 217.64 3
217.64 217.90 2
217.90 218.48 3
218.48 220.16 1
220.16 221.47 3
221.47 222.33 1
222.33 222.80 3
222.80 222.89 2
222.89 222.97 3
222.97 223.54 1
223.54 223.87 0
223.87 223.90 1
223.90 224.73 3
224.73 225.09 2
225.09 225.18 3
225.18 226.52 1
226.52 226.68 0
226.68 227.44 1
227.44 227.99 0
227.99 228.04 2
228.04 228.46 3
228.46 230.93 1
230.93 231.26 3
231.26 231.32 2
231.32 231.46 3
231.46 233.99 1
233.99 234.38 3
234.38 239.31 2
239.31 239.80 3
239.80 240.93 2
240.93 241.36 3
241.36 244.13 1
244.13 244.58 0
244.58 245.79 1
245.79 245.91 0
245.91 247.18 1
247.18 247.29 0
247.29 249.79 1
249.79 250.98 3
250.98 251.56 2
251.56 252.47 3
252.47 254.31 1
254.31 255.05 0
255.05 256.31 1
256.31 256.46 0
256.46 257.66 2
257.66 259.36 3
259.36 259.86 2
259.86 260.32 3
260.32 261.34 1
261.34 261.48 0
261.48 261.88 2
261.88 263.11 3
263.11 263.29 2
263.29 263.31 3
263.31 263.34 1
263.34 263.94 3
263.94 265.48 2
265.48 266.05 3
266.05 266.15 1
266.15 266.33 3
266.33 266.99 2
266.99 267.49 3
267.49 270.33 2
270.33 270.52 3
270.52 271.68 1
271.68 271.70 0
271.70 272.33 2
272.33 272.54 0
272.54 273.34 2
273.34 274.74 3
274.74 279.17 2
279.17 279.20 0
279.20 280.45 2
280.45 280.79 3
280.79 284.21 2
284.21 284.67 3
284.67 288.84 2
288.84 288.94 3
288.94 289.06 1
289.06 289.38 3
289.38 290.91 2
290.91 291.60 3
291.60 292.06 2
292.06 292.29 0
292.29 294.04 2
294.04 294.14 0
294.14 294.23 2
294.23 294.58 3
294.58 298.30 2
298.30 298.65 3
298.65 303.11 2
303.11 303.93 3
303.93 305.78 2
305.78 306.51 3
306.51 312.48 2
312.48 313.58 3
313.58 313.63 1
313.63 313.68 3
313.68 316.21 2
316.21 316.61 3
316.61 319.38 2
319.38 319.39 0
319.39 319.48 1
319.48 320.06 3
320.06 322.98 2
322.98 323.34 0
323.34 323.37 1
323.37 323.82 3
323.82 325.13 2
325.13 325.49 3
325.49 325.70 2
325.70 325.89 3
325.89 328.39 1
328.39 328.70 0
328.70 328.91 2
328.91 329.34 3
329.34 331.09 2
331.09 331.79 3
331.79 333.05 2
333.05 333.16 0
333.16 335.45 2
335.45 335.97 0
335.97 337.91 1
337.91 337.96 0
337.96 340.70 2
340.70 341.04 1
341.04 341.16 0
341.16 341.79 2
341.79 342.07 0
342.07 342.52 2
342.52 343.89 0
343.89 346.24 1
346.24 346.30 0
346.30 347.35 2
347.35 348.21 3
348.21 349.99 2
349.99 350.05 0
350.05 352.03 2
352.03 352.38 3
352.38 352.41 1
352.41 352.57 3
352.57 355.61 2
355.61 355.73 3
355.73 355.78 1
355.78 355.88 3
355.88 359.81 2
359.81 360.13 3
360.13 361.03 2
361.03 361.06 0
361.06 366.45 2
366.45 366.51 0
366.51 371.56 2
371.56 371.87 3
371.87 371.92 1
371.92 372.12 3
372.12 376.82 2
376.82 376.84 0
376.84 376.85 1
376.85 376.98 3
376.98 378.67 2
378.67 378.93 3
378.93 381.59 2
381.59 381.71 0
381.71 382.07 3
382.07 382.23 1
382.23 382.36 3
382.36 384.69 2
384.69 385.13 3
385.13 386.40 2
386.40 387.17 3
387.17 387.39 1
387.39 387.83 3
387.83 390.14 2
390.14 390.59 3
390.59 392.92 1
392.92 393.04 3
393.04 396.73 2
396.73 398.67 3
398.67 398.79 1
398.79 399.02 3
399.02 399.37 2
399.37 399.77 3
399.77 400.48 1
400.48 400.73 0
400.73 402.76 2
402.76 403.46 3
403.46 403.66 2
403.66 404.21 3
404.21 405.11 1
405.11 405.54 3
405.54 407.60 2
407.60 408.30 3
408.30 408.62 2
408.62 409.26 3
409.26 409.63 1
409.63 409.99 0
409.99 412.42 2
412.42 412.47 0
412.47 415.68 2
415.68 415.97 3
415.97 417.97 2
417.97 418.02 0
418.02 422.68 2
422.68 423.22 3
423.22 423.62 2
423.62 423.67 0
423.67 426.13 2
426.13 426.19 0
426.19 426.21 1
426.21 426.65 3
426.65 431.67 2
431.67 431.87 3
431.87 431.91 1
431.91 432.26 3
432.26 435.70 2
435.70 436.42 3
436.42 436.53 1
436.53 436.93 3
436.93 437.22 1
437.22 437.30 3
437.30 439.66 2
439.66 439.96 3
439.96 440.05 1
440.05 440.11 3
440.11 443.52 2
443.52 443.93 3
443.93 444.97 2
444.97 445.05 3
445.05 446.83 1
446.83 447.30 0
447.30 450.91 2
450.91 451.21 0
451.21 451.64 1
451.64 451.95 0
451.95 454.94 2
454.94 456.94 0
456.94 457.91 2
457.91 459.52 0
459.52 460.89 2
460.89 461.64 3
461.64 462.42 2
462.42 462.54 3
462.54 463.40 1
463.40 463.54 3
463.54 466.08 2
466.08 466.19 0
466.19 469.17 1
469.17 469.55 3
469.55 470.71 1
470.71 470.74 0
470.74 472.86 2
472.86 473.39 3
473.39 473.47 1
473.47 474.05 3
474.05 479.65 2
479.65 480.30 3
480.30 480.36 1
480.36 480.85 3
480.85 481.21 2
481.21 481.53 3
481.53 487.63 2
487.63 488.18 3
488.18 488.20 1
488.20 488.62 3
488.62 494.93 2
494.93 494.94 0
494.94 495.36 2
495.36 495.74 3
495.74 499.28 2
499.28 499.32 0
499.32 506.66 2
506.66 506.71 0
506.71 511.16 2
511.16 511.17 0
511.17 517.78 2
517.78 518.41 3
518.41 518.69 1
518.69 518.95 3
518.95 519.39 2
519.39 520.54 3
520.54 521.05 2
521.05 521.36 3
521.36 521.51 1
521.51 521.61 3
521.61 523.92 2
523.92 523.96 0
523.96 528.67 2
528.67 528.77 0
528.77 531.01 2
531.01 531.10 0
531.10 534.74 2
534.74 535.06 3
535.06 535.17 2
535.17 535.58 3
535.58 536.38 2
536.38 536.51 3
536.51 537.33 2
537.33 537.56 3
537.56 538.30 1
538.30 538.42 3
538.42 543.68 2
543.68 543.87 3
543.87 543.92 1
543.92 544.29 3
544.29 548.55 2
548.55 548.81 0
548.81 549.09 1
549.09 549.27 3
549.27 549.51 2
549.51 549.78 3
549.78 550.50 2
550.50 550.81 3
550.81 552.54 1
552.54 552.74 0
552.74 555.45 1
555.45 555.54 3
555.54 556.43 1
556.43 556.91 0
556.91 557.25 1
557.25 557.38 3
557.38 562.56 2
562.56 562.58 0
562.58 565.05 2
565.05 565.67 3
565.67 566.32 2
566.32 566.52 0
566.52 570.28 2
570.28 570.33 0
570.33 575.04 2
575.04 575.13 0
575.13 575.24 1
575.24 575.72 3
575.72 576.77 2
576.77 577.03 3
577.03 580.94 2
580.94 581.72 3
581.72 582.19 1
582.19 582.79 3
582.79 586.88 2
586.88 587.39 3
587.39 589.89 2
589.89 590.00 3
590.00 590.56 1
590.56 590.66 3
590.66 592.27 2
592.27 592.95 3
592.95 595.30 1
595.30 595.39 0
595.39 596.70 2
596.70 596.93 0
596.93 597.00 2
597.00 597.42 3
597.42 599.32 1
599.32 599.48 0
599.48 600.20 1
600.20 600.88 0
600.88 602.96 2
602.96 604.02 3
604.02 604.23 2
604.23 604.37 3
604.37 605.25 1
