0.00 0.55 2
0.55 1.53 0
1.53 1.82 2
1.82 2.13 3
2.13 2.98 1
2.98 3.19 3
3.19 4.09 2
4.09 4.34 0
4.34 4.92 2
4.92 5.37 0
5.37 5.76 2
5.76 6.60 0
6.60 7.23 1
7.23 7.69 3
7.69 7.82 1
7.82 8.61 3
8.61 9.73 2
9.73 9.95 3
9.95 11.67 1
11.67 12.69 0
12.69 13.10 2
13.10 14.45 0
14.45 16.47 2
16.47 17.01 3
17.01 24.57 2
24.57 24.59 0
24.59 27.41 2
27.41 28.81 0
28.81 29.32 1
29.32 29.73 3
29.73 30.88 2
30.88 31.23 0
31.23 31.54 3
31.54 32.06 1
32.06 32.23 3
32.23 32.35 2
32.35 32.73 0
32.73 32.94 1
32.94 33.41 3
33.41 34.00 2
34.00 34.35 0
34.35 35.78 2
35.78 36.67 0
36.67 37.89 1
37.89 38.72 0
38.72 38.98 1
38.98 39.58 3
39.58 40.94 1
40.94 41.00 0
41.00 41.33 1
41.33 41.81 3
41.81 45.48 2
45.48 46.25 0
46.25 46.98 1
46.98 47.73 3
47.73 49.16 1
49.16 49.72 0
49.72 50.56 2
50.56 50.66 0
50.66 54.18 2
54.18 55.58 0
55.58 55.91 1
55.91 56.11 0
56.11 56.50 2
56.50 56.73 0
56.73 56.87 2
56.87 57.00 0
57.00 57.42 2
57.42 59.47 0
59.47 62.64 2
62.64 63.07 0
63.07 65.73 2
65.73 67.33 0
67.33 67.92 1
67.92 68.87 0
68.87 69.91 2
69.91 70.80 0
70.80 71.00 1
71.00 71.06 3
71.06 72.08 2
72.08 73.28 0
73.28 73.32 1
73.32 73.78 3
73.78 74.26 2
74.26 74.36 0
74.36 74.56 2
74.56 74.96 0
74.96 75.39 2
75.39 75.51 0
75.51 77.20 2
77.20 77.75 0
77.75 78.13 2
78.13 78.60 3
78.60 80.73 1
80.73 81.19 0
81.19 81.94 2
81.94 82.51 0
82.51 84.89 2
84.89 84.94 0
84.94 85.04 2
85.04 85.12 0
85.12 85.80 2
85.80 86.41 0
86.41 88.48 2
88.48 89.33 0
89.33 89.74 2
89.74 90.56 0
90.56 92.06 2
92.06 93.18 0
93.18 95.00 2
95.00 95.41 0
95.41 95.70 1
95.70 96.41 0
96.41 96.63 1
96.63 96.89 3
96.89 97.76 1
97.76 98.62 0
98.62 98.87 2
98.87 99.03 3
99.03 100.23 1
100.23 100.44 0
100.44 101.16 1
101.16 101.83 0
101.83 103.60 1
103.60 103.99 0
103.99 104.95 1
104.95 106.58 0
106.58 107.72 1
107.72 107.89 0
107.89 108.39 1
108.39 108.71 0
108.71 109.41 1
109.41 110.16 3
110.16 111.26 2
111.26 111.36 0
111.36 112.73 1
112.73 113.03 3
113.03 113.37 1
113.37 114.13 0
114.13 114.35 1
114.35 114.91 3
114.91 116.20 1
116.20 116.92 0
116.92 117.55 2
117.55 117.72 0
117.72 118.69 1
118.69 119.65 0
119.65 119.94 2
119.94 121.88 0
121.88 124.36 2
124.36 124.66 0
124.66 125.29 1
125.29 128.05 0
128.05 128.98 2
128.98 130.72 0
130.72 132.11 2
132.11 132.48 0
132.48 132.79 2
132.79 133.74 0
133.74 134.40 1
134.40 134.62 3
134.62 134.65 2
134.65 135.01 0
135.01 135.56 1
135.56 136.43 3
136.43 138.28 1
138.28 138.66 0
138.66 141.54 1
141.54 142.26 0
142.26 142.35 1
142.35 143.16 3
143.16 143.23 1
143.23 143.33 0
143.33 144.47 1
144.47 145.37 0
145.37 146.09 2
146.09 147.16 0
147.16 147.69 1
147.69 147.98 3
147.98 148.01 2
148.01 148.07 0
148.07 148.64 1
148.64 149.71 0
149.71 150.07 2
150.07 151.46 0
151.46 151.94 2
151.94 152.00 3
152.00 153.29 1
153.29 154.18 0
154.18 154.69 2
154.69 156.35 0
156.35 157.37 1
157.37 157.61 3
157.61 157.65 2
157.65 158.45 0
158.45 161.61 2
161.61 162.47 3
162.47 162.68 1
162.68 162.76 0
162.76 164.15 1
164.15 164.70 0
164.70 164.90 1
164.90 165.98 3
165.98 166.90 1
166.90 166.91 0
166.91 169.22 2
169.22 170.08 0
170.08 170.10 1
170.10 171.38 3
171.38 172.25 2
172.25 172.26 0
172.26 172.65 1
172.65 172.91 3
172.91 173.06 1
173.06 173.78 0
173.78 174.47 1
174.47 174.74 3
174.74 174.87 2
174.87 175.14 0
175.14 175.36 1
175.36 175.50 0
175.50 175.69 1
175.69 176.37 0
176.37 176.78 2
176.78 177.50 0
177.50 179.42 2
179.42 179.68 0
179.68 180.88 1
180.88 181.79 0
181.79 182.29 2
182.29 182.87 0
182.87 183.08 1
183.08 183.38 0
183.38 184.07 1
184.07 184.64 0
184.64 185.10 1
185.10 185.21 3
185.21 185.40 2
185.40 185.64 3
185.64 186.63 1
186.63 188.10 0
188.10 188.71 1
188.71 188.81 0
188.81 189.50 1
189.50 189.65 0
189.65 190.45 1
190.45 191.29 0
191.29 193.51 1
193.51 194.04 0
194.04 194.57 1
194.57 195.21 3
195.21 195.33 1
195.33 196.40 0
196.40 197.03 1
197.03 198.29 0
198.29 198.66 1
198.66 198.83 3
198.83 200.48 2
200.48 200.95 3
200.95 201.07 2
201.07 201.21 3
201.21 201.28 1
201.28 201.65 0
201.65 201.97 1
201.97 202.09 0
202.09 202.93 1
202.93 204.07 0
204.07 204.34 2
204.34 204.60 3
204.60 206.48 1
206.48 206.68 0
206.68 207.13 1
207.13 207.75 0
207.75 208.37 1
208.37 209.20 0
209.20 209.38 2
209.38 209.57 3
209.57 211.27 1
211.27 213.01 0
213.01 213.86 2
213.86 214.15 3
214.15 215.42 2
215.42 216.00 0
216.00 220.95 1
220.95 222.02 0
222.02 222.99 2
222.99 224.37 0
224.37 224.71 1
224.71 224.86 0
224.86 225.42 1
225.42 226.25 3
226.25 227.31 2
227.31 227.58 0
227.58 232.56 1
232.56 233.82 0
233.82 234.49 2
234.49 234.50 0
234.50 235.51 1
235.51 235.79 0
235.79 235.85 1
235.85 236.10 0
236.10 236.79 1
236.79 237.05 3
237.05 237.55 1
237.55 238.30 0
238.30 238.80 1
238.80 238.90 0
238.90 240.78 1
240.78 241.37 0
241.37 241.81 1
241.81 242.27 3
242.27 243.02 1
243.02 243.26 3
243.26 244.08 2
244.08 245.19 3
245.19 246.33 1
246.33 246.82 0
246.82 247.34 1
247.34 247.45 3
247.45 247.47 2
247.47 248.15 0
248.15 248.59 1
248.59 248.82 0
248.82 252.36 1
252.36 252.89 0
252.89 253.39 1
253.39 253.92 3
253.92 255.06 1
255.06 255.23 0
255.23 256.12 1
256.12 256.36 0
256.36 257.18 1
257.18 257.72 0
257.72 258.44 1
258.44 258.85 3
258.85 259.07 1
259.07 259.11 0
259.11 260.24 1
260.24 260.33 0
260.33 261.79 1
261.79 262.14 0
262.14 262.96 1
262.96 263.18 0
263.18 264.43 1
264.43 264.55 3
264.55 265.08 1
265.08 265.99 0
265.99 266.65 2
266.65 266.79 0
266.79 267.19 1
267.19 267.87 0
267.87 268.29 1
268.29 268.40 0
268.40 271.66 1
271.66 271.94 0
271.94 273.06 1
273.06 273.38 0
273.38 274.33 1
274.33 275.45 0
275.45 275.74 1
275.74 275.84 0
275.84 276.28 1
276.28 276.52 0
276.52 276.91 1
276.91 277.03 0
277.03 278.19 1
278.19 279.01 0
279.01 279.56 1
279.56 280.29 0
280.29 280.80 2
280.80 281.68 0
281.68 283.33 1
283.33 284.65 0
284.65 284.84 1
284.84 285.19 3
285.19 285.85 2
285.85 286.56 0
286.56 287.43 1
287.43 288.36 0
288.36 289.21 1
289.21 290.08 0
290.08 291.08 2
291.08 293.03 0
293.03 293.38 2
293.38 294.07 0
294.07 297.44 1
297.44 297.83 3
297.83 297.96 1
297.96 298.79 0
298.79 299.84 1
