0.00 0.88 2
0.88 1.29 3
1.29 2.44 1
2.44 2.80 0
2.80 3.58 2
3.58 3.69 3
3.69 3.91 1
3.91 4.10 3
4.10 5.00 2
5.00 5.16 3
5.16 5.69 1
5.69 5.79 3
5.79 6.03 2
6.03 6.44 3
6.44 7.13 2
7.13 7.30 3
7.30 7.66 1
7.66 7.85 0
7.85 8.72 2
8.72 8.79 3
8.79 10.57 1
10.57 10.91 0
10.91 11.30 2
11.30 11.82 3
11.82 14.24 2
14.24 14.85 0
14.85 15.60 3
15.60 18.37 1
18.37 18.80 0
18.80 19.16 1
19.16 19.72 3
19.72 19.83 1
19.83 20.33 0
20.33 24.07 1
24.07 24.22 0
24.22 24.43 2
24.43 24.91 0
24.91 25.58 1
25.58 26.04 3
26.04 27.31 2
27.31 27.46 3
27.46 30.18 1
30.18 30.47 0
30.47 34.67 2
34.67 34.78 0
34.78 35.88 2
35.88 36.10 0
36.10 36.31 1
36.31 36.38 3
36.38 38.14 2
38.14 38.25 3
38.25 38.74 1
38.74 38.82 0
38.82 41.18 2
41.18 41.61 0
41.61 42.39 1
42.39 42.44 0
42.44 44.65 2
44.65 45.47 0
45.47 47.97 2
47.97 48.13 3
48.13 48.38 1
48.38 48.85 0
48.85 52.93 2
52.93 52.99 0
52.99 53.34 1
53.34 53.55 3
53.55 54.77 2
54.77 55.37 0
55.37 60.16 2
60.16 60.66 0
60.66 62.63 2
62.63 62.88 3
62.88 62.98 1
62.98 63.31 0
63.31 64.09 2
64.09 64.39 3
64.39 65.32 2
65.32 65.69 0
65.69 67.32 2
67.32 67.61 3
67.61 68.13 1
68.13 68.21 3
68.21 69.13 2
69.13 69.55 0
69.55 70.20 1
70.20 70.52 0
70.52 71.05 2
71.05 71.14 3
71.14 72.04 1
72.04 72.43 0
72.43 72.89 2
72.89 73.14 3
73.14 73.90 2
73.90 74.07 3
74.07 75.01 2
75.01 75.14 3
75.14 75.78 1
75.78 76.20 3
76.20 78.55 2
78.55 78.64 0
78.64 80.35 2
80.35 81.12 3
81.12 83.46 2
83.46 85.00 3
85.00 86.76 1
86.76 87.45 0
87.45 87.61 2
87.61 87.75 3
87.75 90.65 1
90.65 91.29 0
91.29 91.84 2
91.84 91.96 3
91.96 95.14 1
95.14 95.99 0
95.99 96.00 1
96.00 96.83 3
96.83 97.86 2
97.86 98.17 0
98.17 101.68 2
101.68 102.23 0
102.23 104.24 1
104.24 104.60 0
104.60 105.27 2
105.27 105.67 3
105.67 105.85 1
105.85 106.29 0
106.29 106.57 1
106.57 106.93 3
106.93 108.38 1
108.38 108.52 0
108.52 108.75 1
108.75 109.27 3
109.27 109.60 1
109.60 110.08 0
110.08 110.52 2
110.52 110.69 0
110.69 111.23 1
111.23 111.56 0
111.56 111.69 1
111.69 112.57 3
112.57 112.97 1
112.97 113.65 0
113.65 114.30 2
114.30 114.58 3
114.58 115.57 2
115.57 115.69 0
115.69 116.55 1
116.55 116.57 3
116.57 117.22 2
117.22 117.44 3
117.44 118.36 2
118.36 118.51 3
118.51 119.54 1
119.54 119.63 0
119.63 122.04 2
122.04 122.26 3
122.26 123.11 1
123.11 123.72 3
123.72 123.90 2
123.90 124.02 3
124.02 126.03 1
126.03 126.16 3
126.16 127.48 2
127.48 127.73 3
127.73 128.01 1
128.01 128.73 3
128.73 129.32 2
129.32 130.17 3
130.17 131.54 1
131.54 132.10 3
132.10 132.85 2
132.85 133.21 0
133.21 134.02 1
134.02 134.32 0
134.32 134.77 2
134.77 134.98 0
134.98 135.36 1
135.36 136.75 3
136.75 138.90 1
138.90 139.17 3
139.17 142.13 2
142.13 142.44 0
142.44 144.07 1
144.07 144.96 3
144.96 145.19 2
145.19 145.38 0
145.38 147.48 1
147.48 147.86 0
147.86 148.14 2
148.14 148.61 3
148.61 149.73 1
149.73 150.22 0
150.22 150.64 2
150.64 150.72 0
150.72 151.77 1
151.77 152.22 0
152.22 153.02 2
153.02 153.53 0
153.53 153.54 1
153.54 153.83 3
153.83 156.80 2
156.80 157.58 0
157.58 159.08 2
159.08 159.20 3
159.20 160.25 1
160.25 160.47 3
160.47 162.14 2
162.14 163.48 3
163.48 164.36 2
164.36 164.72 0
164.72 164.84 2
164.84 165.47 3
165.47 165.76 2
165.76 166.38 0
166.38 168.23 1
168.23 168.25 3
168.25 169.73 2
169.73 170.15 3
170.15 170.89 2
170.89 171.44 3
171.44 172.38 2
172.38 173.95 0
173.95 174.27 1
174.27 175.17 3
175.17 176.86 2
176.86 177.05 0
177.05 178.05 1
178.05 179.01 0
179.01 180.76 1
180.76 181.19 0
181.19 186.78 1
186.78 187.21 0
187.21 187.54 1
187.54 188.51 3
188.51 188.97 1
188.97 189.04 3
189.04 189.68 2
189.68 190.16 3
190.16 190.62 2
190.62 191.87 3
191.87 192.78 1
192.78 193.11 0
193.11 195.24 1
195.24 195.63 0
195.63 195.81 2
195.81 195.99 3
195.99 201.70 1
201.70 202.13 0
202.13 202.64 2
202.64 202.77 3
202.77 204.67 1
204.67 204.70 0
204.70 205.05 2
205.05 205.15 3
205.15 206.65 1
206.65 206.78 0
206.78 207.57 2
207.57 207.77 3
207.77 209.61 1
209.61 210.24 0
210.24 210.78 1
210.78 212.12 0
212.12 214.66 1
214.66 215.17 0
215.17 218.73 1
218.73 219.00 0
219.00 219.46 1
219.46 219.80 0
219.80 220.48 1
220.48 221.40 3
221.40 223.61 1
223.61 224.44 0
224.44 226.12 1
226.12 227.02 0
227.02 228.00 1
228.00 229.07 0
229.07 232.80 1
232.80 233.59 0
233.59 233.90 2
233.90 235.07 3
235.07 237.82 1
237.82 238.55 0
238.55 239.77 1
239.77 240.89 0
240.89 242.31 2
242.31 242.61 3
242.61 244.65 1
244.65 245.18 0
245.18 246.93 1
246.93 248.06 0
248.06 248.43 1
248.43 248.54 3
248.54 249.84 0
249.84 249.86 2
249.86 250.29 3
250.29 251.11 1
251.11 251.48 0
251.48 251.61 2
251.61 252.25 3
252.25 253.42 1
253.42 254.41 0
254.41 254.69 1
254.69 255.29 3
255.29 256.54 2
256.54 256.67 3
256.67 256.97 1
256.97 257.51 0
257.51 261.17 2
261.17 261.25 0
261.25 262.46 1
262.46 262.89 3
262.89 263.43 1
263.43 263.96 0
263.96 264.11 2
264.11 264.35 3
264.35 264.63 1
264.63 266.27 0
266.27 268.84 2
268.84 269.40 3
269.40 271.49 2
271.49 272.22 3
272.22 273.46 1
273.46 273.95 0
273.95 274.39 2
274.39 274.56 3
274.56 274.77 1
274.77 274.92 3
274.92 277.07 2
277.07 277.28 3
277.28 278.57 2
278.57 278.73 3
278.73 279.00 1
279.00 280.08 3
280.08 281.12 2
281.12 281.27 3
281.27 281.40 1
281.40 281.53 3
281.53 282.75 2
282.75 283.15 3
283.15 284.19 2
284.19 285.89 0
285.89 287.12 1
287.12 287.59 0
287.59 287.67 1
287.67 287.90 3
287.90 290.52 2
290.52 291.36 3
291.36 293.16 1
293.16 293.97 0
293.97 298.52 1
298.52 298.95 3
298.95 299.44 2
299.44 299.61 0
299.61 303.79 1
303.79 303.80 0
303.80 305.95 1
305.95 306.50 3
306.50 307.02 2
307.02 307.12 3
307.12 312.05 1
312.05 313.26 0
313.26 313.82 3
313.82 315.83 2
315.83 316.77 0
316.77 316.92 1
316.92 318.45 3
318.45 320.91 1
320.91 321.42 0
321.42 322.21 2
322.21 323.17 3
323.17 323.46 2
323.46 323.58 3
323.58 324.19 1
324.19 324.88 3
324.88 327.16 1
327.16 327.40 0
327.40 328.16 2
328.16 328.24 0
328.24 330.04 1
330.04 330.87 0
330.87 330.88 2
330.88 331.59 3
331.59 334.15 2
334.15 334.74 3
334.74 335.04 1
335.04 335.48 3
335.48 336.21 2
336.21 338.58 3
338.58 338.95 2
338.95 340.25 3
340.25 342.46 2
342.46 342.54 0
342.54 342.56 2
342.56 342.90 3
342.90 344.21 2
344.21 344.42 0
344.42 344.60 2
344.60 344.88 3
344.88 345.33 2
345.33 345.44 0
345.44 346.60 2
346.60 347.07 3
347.07 349.17 2
349.17 349.61 3
349.61 349.70 2
349.70 350.27 0
350.27 350.65 2
350.65 351.15 0
351.15 354.28 2
354.28 354.41 3
354.41 354.64 1
354.64 355.02 0
355.02 356.27 2
356.27 356.49 3
356.49 357.10 1
357.10 358.10 0
358.10 361.09 2
361.09 361.63 3
361.63 362.47 2
362.47 363.12 0
363.12 365.49 2
365.49 365.94 0
365.94 366.28 1
366.28 366.53 0
366.53 370.52 2
370.52 370.54 0
370.54 371.10 1
371.10 371.11 0
371.11 372.37 2
372.37 372.60 3
372.60 372.70 1
372.70 373.07 0
373.07 378.30 2
378.30 378.35 0
378.35 379.41 1
379.41 379.49 3
379.49 380.28 2
380.28 381.02 3
381.02 381.30 1
381.30 381.39 3
381.39 382.32 2
382.32 382.61 0
382.61 386.83 2
386.83 387.22 3
387.22 388.89 2
388.89 389.08 0
389.08 389.40 1
389.40 389.70 0
389.70 394.66 2
394.66 394.99 3
394.99 396.83 2
396.83 396.93 0
396.93 397.31 1
397.31 397.66 0
397.66 399.07 2
399.07 399.28 0
399.28 399.66 1
399.66 399.75 0
399.75 400.01 2
400.01 400.19 0
400.19 400.66 3
400.66 402.04 2
402.04 402.75 0
402.75 402.83 2
402.83 403.17 3
403.17 403.61 2
403.61 404.64 0
404.64 405.16 2
405.16 405.62 3
405.62 405.75 2
405.75 406.13 0
406.13 407.62 2
407.62 408.02 3
408.02 408.39 2
408.39 409.38 0
409.38 410.44 2
410.44 410.58 3
410.58 411.50 1
411.50 412.49 0
412.49 412.78 1
412.78 413.36 3
413.36 413.61 1
413.61 414.02 0
414.02 416.00 2
416.00 416.06 0
416.06 419.72 2
419.72 420.00 3
420.00 420.38 2
420.38 420.93 3
420.93 420.99 1
420.99 421.08 3
421.08 421.37 2
421.37 422.05 3
422.05 422.08 2
422.08 422.54 0
422.54 424.37 2
424.37 424.72 3
424.72 425.07 2
425.07 425.32 0
425.32 426.19 2
426.19 426.66 0
426.66 428.61 2
428.61 428.76 0
428.76 429.07 1
429.07 429.43 3
429.43 429.73 2
429.73 430.17 3
430.17 430.38 1
430.38 430.64 0
430.64 431.11 2
431.11 431.32 0
431.32 432.81 2
432.81 432.93 0
432.93 433.29 1
433.29 433.44 3
433.44 435.98 2
435.98 436.52 0
436.52 437.43 2
437.43 437.54 0
437.54 437.64 1
437.64 437.95 3
437.95 438.67 2
438.67 438.82 0
438.82 439.19 2
439.19 439.32 0
439.32 440.87 2
440.87 441.15 0
441.15 442.82 2
442.82 443.32 0
443.32 444.28 2
444.28 444.36 0
444.36 444.76 1
444.76 445.15 3
445.15 446.92 2
446.92 446.93 0
446.93 448.20 1
448.20 448.23 3
448.23 449.32 2
449.32 449.69 0
449.69 452.05 2
452.05 452.89 0
452.89 456.04 2
456.04 456.19 3
456.19 456.97 1
456.97 457.69 3
457.69 459.31 2
459.31 459.44 0
459.44 459.49 2
459.49 459.69 3
459.69 460.74 2
460.74 460.93 3
460.93 461.16 1
461.16 462.68 3
462.68 463.19 1
463.19 463.68 3
463.68 465.47 2
465.47 465.48 0
465.48 465.92 1
465.92 466.05 3
466.05 468.13 2
468.13 468.76 0
468.76 468.99 1
468.99 469.08 3
469.08 469.15 2
469.15 469.54 3
469.54 472.26 1
472.26 472.47 0
472.47 472.81 2
472.81 472.97 3
472.97 473.39 1
473.39 473.56 3
473.56 475.62 1
475.62 476.08 0
476.08 476.26 1
476.26 476.55 3
476.55 477.79 1
477.79 478.18 0
478.18 478.62 2
478.62 478.76 3
478.76 482.45 1
482.45 482.56 0
482.56 483.95 2
483.95 484.56 3
484.56 486.07 1
486.07 486.57 0
486.57 488.79 1
488.79 488.99 3
488.99 489.97 2
489.97 490.07 3
490.07 491.37 1
491.37 491.57 3
491.57 491.82 2
491.82 492.55 3
492.55 493.56 2
493.56 493.62 0
493.62 495.97 2
495.97 496.62 0
496.62 496.82 1
496.82 496.97 3
496.97 499.06 2
499.06 499.68 0
499.68 500.00 1
500.00 500.54 3
500.54 501.42 2
501.42 502.47 0
502.47 503.37 2
503.37 504.07 3
504.07 505.36 1
505.36 505.99 0
505.99 507.64 2
507.64 508.56 0
508.56 509.16 2
509.16 509.48 0
509.48 509.81 1
509.81 509.85 0
509.85 513.41 2
513.41 513.57 0
513.57 513.85 1
513.85 513.92 3
513.92 514.68 2
514.68 515.61 0
515.61 516.00 2
516.00 516.66 3
516.66 517.03 1
517.03 517.55 0
517.55 517.96 2
517.96 518.19 0
518.19 520.73 1
520.73 521.29 0
521.29 521.77 2
521.77 522.45 3
522.45 523.04 2
523.04 523.08 0
523.08 525.27 1
525.27 525.45 0
525.45 526.56 2
526.56 527.35 0
527.35 531.70 2
531.70 531.78 0
531.78 532.07 1
532.07 532.21 3
532.21 533.81 2
533.81 533.96 0
533.96 536.68 2
536.68 536.92 0
536.92 537.23 1
537.23 537.36 0
537.36 539.30 2
539.30 539.51 0
539.51 541.58 2
541.58 541.68 3
541.68 541.77 1
541.77 542.61 3
542.61 545.31 2
545.31 545.52 0
545.52 545.61 1
545.61 546.24 3
546.24 546.67 2
546.67 546.88 0
546.88 547.10 1
547.10 547.59 3
547.59 548.26 2
548.26 549.20 3
549.20 549.71 2
549.71 549.88 0
549.88 551.34 2
551.34 551.48 3
551.48 551.58 1
551.58 552.26 3
552.26 555.05 2
555.05 555.38 0
555.38 555.63 2
555.63 556.27 3
556.27 557.01 1
557.01 557.31 0
557.31 558.06 2
558.06 558.37 0
558.37 558.64 1
558.64 559.17 3
559.17 560.81 2
560.81 560.94 0
560.94 561.96 2
561.96 562.84 3
562.84 563.13 2
563.13 563.47 0
563.47 565.61 2
565.61 565.90 0
565.90 568.28 1
568.28 569.14 2
569.14 569.61 3
569.61 569.83 2
569.83 570.57 3
570.57 572.88 1
572.88 574.00 3
574.00 575.31 2
575.31 575.51 3
575.51 577.12 1
577.12 577.20 3
577.20 578.41 2
578.41 578.66 3
578.66 578.82 1
578.82 579.34 0
579.34 582.28 1
582.28 582.37 0
582.37 582.75 2
582.75 582.98 0
582.98 585.36 1
585.36 585.97 0
585.97 586.49 2
586.49 586.63 3
586.63 587.09 1
587.09 587.60 0
587.60 589.46 2
589.46 590.16 0
590.16 591.55 1
591.55 591.74 0
591.74 592.12 2
592.12 592.29 3
592.29 592.72 1
592.72 593.14 0
593.14 594.10 2
594.10 594.34 3
594.34 595.73 1
595.73 596.29 0
596.29 596.70 2
596.70 596.82 0
596.82 597.67 1
597.67 598.12 3
598.12 598.22 1
598.22 598.59 0
598.59 599.05 2
599.05 599.33 0
599.33 601.85 2
