0.00 3.10 2
3.10 3.30 0
3.30 4.72 2
4.72 6.98 0
6.98 7.63 2
7.63 8.13 0
8.13 9.36 2
9.36 9.99 0
9.99 10.61 1
10.61 11.48 0
11.48 12.28 1
12.28 13.10 0
13.10 15.99 2
15.99 16.87 0
16.87 17.33 1
17.33 19.64 0
19.64 20.01 1
20.01 20.45 0
20.45 21.33 1
21.33 22.06 0
22.06 24.79 2
24.79 24.97 3
24.97 25.88 1
25.88 27.23 0
27.23 27.72 2
27.72 28.35 0
28.35 29.80 1
29.80 30.89 0
30.89 31.14 2
31.14 31.92 3
31.92 33.18 1
33.18 34.91 0
34.91 39.06 1
39.06 39.59 0
39.59 40.21 2
40.21 40.31 0
40.31 41.17 1
41.17 42.24 0
42.24 43.56 2
43.56 43.66 0
43.66 44.06 1
44.06 46.43 0
46.43 47.03 2
47.03 49.32 0
49.32 51.09 2
51.09 51.30 0
51.30 54.73 2
54.73 55.11 0
55.11 56.87 2
56.87 57.29 0
57.29 57.68 2
57.68 57.95 0
57.95 58.32 2
58.32 59.02 0
59.02 59.57 2
59.57 60.17 0
60.17 62.20 2
62.20 63.82 0
63.82 67.49 2
67.49 67.84 0
67.84 75.26 2
75.26 75.56 0
75.56 75.80 2
75.80 76.01 0
76.01 76.51 2
76.51 76.93 0
76.93 81.67 2
81.67 82.77 0
82.77 83.07 2
83.07 83.82 0
83.82 84.18 2
84.18 84.23 0
84.23 84.81 2
84.81 85.45 3
85.45 86.03 2
86.03 86.33 3
86.33 86.45 1
86.45 86.51 0
86.51 87.05 2
87.05 87.90 0
87.90 88.13 2
88.13 88.34 0
88.34 89.49 1
89.49 91.64 3
91.64 93.82 2
93.82 95.18 0
95.18 96.47 2
96.47 96.55 0
96.55 98.02 1
98.02 98.79 0
98.79 100.30 2
100.30 100.53 0
100.53 101.04 2
101.04 101.17 0
101.17 101.72 2
101.72 102.32 0
102.32 102.94 2
102.94 106.33 0
106.33 106.95 2
106.95 108.34 0
108.34 111.03 1
111.03 112.02 0
112.02 113.38 1
113.38 113.76 0
113.76 114.42 2
114.42 114.48 0
114.48 116.93 1
116.93 118.36 0
118.36 118.72 2
118.72 120.22 0
120.22 121.72 2
121.72 122.24 0
122.24 122.61 1
122.61 123.35 0
123.35 124.35 2
124.35 127.62 0
127.62 128.23 1
128.23 129.10 0
129.10 130.23 2
130.23 131.88 0
131.88 133.67 1
133.67 133.73 0
133.73 135.15 2
135.15 135.76 0
135.76 136.15 1
136.15 136.17 0
136.17 138.46 2
138.46 138.89 0
138.89 139.76 1
139.76 141.17 2
141.17 143.01 0
143.01 143.04 2
143.04 143.74 3
143.74 145.63 2
145.63 145.78 3
145.78 146.47 1
146.47 146.80 0
146.80 147.33 1
147.33 147.92 0
147.92 150.14 1
150.14 150.82 0
150.82 151.03 1
151.03 151.20 3
151.20 151.69 1
151.69 151.74 3
151.74 152.07 2
152.07 152.17 3
152.17 152.39 1
152.39 152.52 0
152.52 153.36 2
153.36 153.42 3
153.42 154.25 1
154.25 154.53 3
154.53 155.14 1
155.14 155.73 3
155.73 155.91 2
155.91 156.12 3
156.12 156.52 1
156.52 156.91 3
156.91 157.20 1
157.20 157.48 3
157.48 159.16 2
159.16 159.19 0
159.19 159.90 1
159.90 160.04 0
160.04 160.72 1
160.72 162.47 0
162.47 163.56 2
163.56 164.29 0
164.29 164.59 1
164.59 164.84 0
164.84 165.55 1
165.55 165.57 0
165.57 166.88 1
166.88 167.68 0
167.68 169.86 1
169.86 170.55 0
170.55 171.98 1
171.98 172.27 0
172.27 173.21 1
173.21 173.51 0
173.51 173.87 1
173.87 174.62 0
174.62 174.83 1
174.83 175.12 0
175.12 175.60 1
175.60 175.92 0
175.92 176.53 1
176.53 177.48 0
177.48 178.14 1
178.14 178.24 0
178.24 181.06 2
181.06 183.17 0
183.17 183.52 2
183.52 186.82 0
186.82 189.32 2
189.32 189.55 3
189.55 190.40 1
190.40 190.46 3
190.46 191.70 2
191.70 192.07 0
192.07 193.03 2
193.03 193.31 0
193.31 194.29 1
194.29 194.35 0
194.35 195.49 2
195.49 196.45 0
196.45 199.84 2
199.84 200.24 3
200.24 200.52 1
200.52 200.84 0
200.84 201.13 2
201.13 201.66 0
201.66 202.54 2
202.54 202.67 3
202.67 203.17 1
203.17 203.41 0
203.41 203.90 2
203.90 204.35 3
204.35 205.42 1
205.42 205.97 0
205.97 207.38 2
207.38 207.89 0
207.89 209.17 2
209.17 210.06 0
210.06 212.07 2
212.07 212.51 0
212.51 213.04 1
213.04 213.21 0
213.21 214.32 1
214.32 214.71 0
214.71 215.06 1
215.06 215.60 0
215.60 216.84 2
216.84 217.79 0
217.79 219.34 1
219.34 219.73 3
219.73 221.46 2
221.46 221.63 0
221.63 222.28 1
222.28 222.85 0
222.85 224.73 2
224.73 225.38 3
225.38 226.94 2
226.94 227.08 0
227.08 227.43 1
227.43 228.69 0
228.69 229.19 2
229.19 229.76 0
229.76 230.54 1
230.54 231.93 0
231.93 232.06 2
232.06 232.70 0
232.70 233.27 2
233.27 236.07 0
236.07 238.85 1
238.85 241.42 0
241.42 243.22 2
243.22 243.48 3
243.48 243.94 1
243.94 244.27 3
244.27 245.67 2
245.67 246.17 3
246.17 247.52 1
247.52 247.60 0
247.60 248.26 2
248.26 249.92 0
249.92 250.27 1
250.27 251.90 0
251.90 252.35 1
252.35 253.16 3
253.16 253.79 2
253.79 254.93 0
254.93 256.32 1
256.32 257.78 0
257.78 258.39 1
258.39 262.30 0
262.30 265.48 1
265.48 265.95 0
265.95 267.30 2
267.30 267.81 0
267.81 268.35 2
268.35 269.48 0
269.48 270.85 1
270.85 270.93 0
270.93 272.84 1
272.84 273.58 0
273.58 275.25 1
275.25 275.28 0
275.28 277.02 2
277.02 277.98 0
277.98 280.32 1
280.32 280.38 3
280.38 281.19 2
281.19 282.95 3
282.95 288.90 2
288.90 289.02 3
289.02 290.31 1
290.31 291.02 0
291.02 292.32 1
292.32 298.05 0
298.05 298.78 1
298.78 299.02 0
299.02 300.56 1
