0.00 0.32 1
0.32 0.69 3
0.69 2.31 1
2.31 2.67 3
2.67 3.06 1
3.06 3.46 3
3.46 4.09 1
4.09 4.15 0
4.15 5.03 1
5.03 5.32 3
5.32 5.46 2
5.46 6.19 0
6.19 6.35 2
6.35 6.68 3
6.68 7.23 2
7.23 7.94 3
7.94 8.31 2
8.31 8.39 0
8.39 10.37 2
10.37 10.64 3
10.64 12.01 1
12.01 13.51 3
13.51 13.74 1
13.74 15.17 3
15.17 16.09 1
16.09 16.16 0
16.16 16.68 2
16.68 16.82 3
16.82 17.04 1
17.04 17.47 3
17.47 18.06 2
18.06 18.32 3
18.32 19.45 1
19.45 19.74 3
19.74 20.14 1
20.14 20.26 3
20.26 20.85 2
20.85 20.96 0
20.96 24.23 2
24.23 24.60 3
24.60 27.66 1
27.66 28.03 3
28.03 30.82 1
30.82 31.29 0
31.29 31.45 1
31.45 31.81 3
31.81 32.37 2
32.37 32.52 0
32.52 34.99 1
34.99 35.72 0
35.72 37.20 1
37.20 37.50 3
37.50 38.33 2
38.33 39.37 3
39.37 39.88 1
39.88 40.12 3
40.12 40.58 2
40.58 41.59 3
41.59 42.69 1
42.69 43.49 3
43.49 43.68 1
43.68 44.17 0
44.17 44.45 1
44.45 45.03 3
45.03 48.39 1
48.39 49.45 3
49.45 50.13 1
50.13 50.44 0
50.44 50.59 2
50.59 51.20 3
51.20 52.58 1
52.58 53.07 0
53.07 53.62 1
53.62 54.00 3
54.00 54.13 1
54.13 54.37 0
54.37 57.16 1
57.16 57.23 0
57.23 58.40 1
58.40 58.95 0
58.95 59.18 1
59.18 60.13 3
60.13 60.26 2
60.26 60.27 3
60.27 63.37 1
63.37 64.72 3
64.72 65.24 2
65.24 66.42 3
66.42 67.35 1
67.35 67.78 0
67.78 68.06 1
68.06 69.09 3
69.09 69.77 1
69.77 70.02 0
70.02 71.72 1
71.72 73.08 3
73.08 73.37 1
73.37 73.50 3
73.50 73.52 2
73.52 73.83 0
73.83 73.87 2
73.87 74.98 3
74.98 75.42 1
75.42 75.82 3
75.82 76.42 1
76.42 76.93 0
76.93 77.15 1
77.15 77.76 3
77.76 77.97 2
77.97 77.99 3
77.99 82.71 1
82.71 83.13 0
83.13 83.14 2
83.14 84.12 3
84.12 85.55 1
85.55 86.78 3
86.78 87.17 2
87.17 88.16 3
88.16 88.26 2
88.26 88.30 0
88.30 90.08 1
90.08 90.79 3
90.79 91.32 1
91.32 91.88 0
91.88 96.21 1
96.21 96.70 3
96.70 97.57 2
97.57 98.90 3
98.90 102.94 1
102.94 103.38 0
103.38 103.40 2
103.40 104.42 3
104.42 106.98 1
106.98 107.72 0
107.72 107.73 2
107.73 108.04 3
108.04 108.42 2
108.42 108.84 3
108.84 109.06 1
109.06 110.05 3
110.05 110.99 1
110.99 111.57 3
111.57 112.08 2
112.08 112.20 3
112.20 112.29 1
112.29 112.55 3
112.55 113.91 2
113.91 114.61 3
114.61 115.00 2
115.00 115.30 3
115.30 115.90 1
115.90 116.25 3
116.25 117.65 2
117.65 118.20 3
118.20 119.48 2
119.48 120.04 3
120.04 120.35 1
120.35 120.62 3
120.62 120.96 2
120.96 121.67 3
121.67 124.96 1
124.96 125.15 3
125.15 125.25 2
125.25 125.45 3
125.45 125.63 1
125.63 125.92 0
125.92 126.10 2
126.10 126.80 3
126.80 127.38 1
127.38 127.96 3
127.96 129.99 1
129.99 130.45 0
130.45 134.36 1
134.36 134.81 0
134.81 137.43 1
137.43 137.88 3
137.88 140.18 1
140.18 140.67 0
140.67 141.06 2
141.06 141.80 3
141.80 143.26 1
143.26 143.71 0
143.71 146.02 1
146.02 146.46 0
146.46 146.73 1
146.73 147.40 3
147.40 150.23 1
150.23 150.26 0
150.26 150.30 1
150.30 150.64 3
150.64 152.46 1
152.46 153.04 3
153.04 153.40 1
153.40 153.93 0
153.93 154.02 1
154.02 154.95 3
154.95 156.25 1
156.25 156.31 0
156.31 156.43 1
156.43 157.24 3
157.24 158.52 2
158.52 158.69 3
158.69 159.50 1
159.50 159.71 3
159.71 159.82 2
159.82 160.17 0
160.17 162.42 1
162.42 162.49 0
162.49 162.93 1
162.93 164.71 3
164.71 166.56 1
166.56 166.93 0
166.93 166.94 1
166.94 167.83 3
167.83 169.33 1
169.33 169.99 3
169.99 170.88 1
170.88 170.93 0
170.93 171.51 1
171.51 171.94 3
171.94 174.06 1
174.06 174.40 0
174.40 174.46 1
174.46 176.96 3
176.96 177.00 2
177.00 177.32 0
177.32 177.62 1
177.62 178.19 3
178.19 180.61 2
180.61 181.40 3
181.40 181.80 1
181.80 182.87 3
182.87 182.94 2
182.94 183.04 3
183.04 184.52 1
184.52 185.98 3
185.98 186.51 2
186.51 186.57 3
186.57 186.93 1
186.93 188.15 3
188.15 189.01 1
189.01 189.74 3
189.74 189.94 1
189.94 190.39 0
190.39 190.69 1
190.69 191.07 3
191.07 191.48 2
191.48 191.61 3
191.61 193.60 1
193.60 193.85 3
193.85 194.31 1
194.31 194.61 0
194.61 194.87 1
194.87 195.96 3
195.96 196.79 1
196.79 198.25 3
198.25 198.52 1
198.52 198.76 3
198.76 200.17 2
200.17 200.37 0
200.37 200.69 1
200.69 201.11 3
201.11 201.39 2
201.39 201.41 0
201.41 201.87 1
201.87 202.62 3
202.62 202.99 2
202.99 204.02 3
204.02 204.92 1
204.92 205.24 0
205.24 207.86 2
207.86 208.02 3
208.02 208.15 1
208.15 208.42 3
208.42 210.45 2
210.45 210.54 0
210.54 213.48 2
213.48 213.96 3
213.96 214.29 2
214.29 214.51 0
214.51 214.63 1
214.63 214.93 3
214.93 215.99 2
215.99 216.08 3
216.08 216.35 1
216.35 216.74 3
216.74 218.06 2
218.06 218.47 3
218.47 218.98 1
218.98 220.28 3
220.28 220.55 1
220.55 220.65 0
220.65 220.91 1
220.91 221.62 3
221.62 221.78 2
221.78 221.79 0
221.79 222.04 1
222.04 222.71 3
222.71 223.10 2
223.10 223.68 0
223.68 226.57 2
226.57 226.70 0
226.70 230.87 2
230.87 230.97 0
230.97 231.25 1
231.25 232.09 3
232.09 233.69 2
233.69 233.86 3
233.86 233.93 1
233.93 234.24 3
234.24 236.45 2
236.45 236.95 3
236.95 237.58 2
237.58 237.84 3
237.84 238.30 1
238.30 238.70 3
238.70 239.89 1
239.89 240.10 0
240.10 240.31 1
240.31 240.57 3
240.57 240.98 2
240.98 242.13 3
242.13 242.53 2
242.53 243.63 3
243.63 244.25 1
244.25 244.69 0
244.69 247.33 1
247.33 247.69 0
247.69 247.73 2
247.73 248.75 3
248.75 249.14 2
249.14 249.31 0
249.31 250.68 1
250.68 251.11 0
251.11 251.47 1
251.47 252.05 3
252.05 252.99 1
252.99 253.06 0
253.06 253.26 2
253.26 254.41 3
254.41 254.87 1
254.87 255.18 3
255.18 258.92 2
258.92 258.98 0
258.98 260.61 2
260.61 261.14 3
261.14 261.49 2
261.49 261.92 3
261.92 262.46 2
262.46 262.62 0
262.62 262.76 1
262.76 263.00 3
263.00 263.40 2
263.40 263.41 3
263.41 263.74 1
263.74 264.04 3
264.04 266.84 2
266.84 267.87 3
267.87 268.22 1
268.22 268.62 3
268.62 271.39 1
271.39 271.79 3
271.79 271.89 2
271.89 272.17 0
272.17 272.45 1
272.45 273.13 3
273.13 274.79 1
274.79 275.22 0
275.22 275.29 1
275.29 276.89 3
276.89 277.23 1
277.23 277.59 3
277.59 278.01 2
278.01 279.64 3
279.64 282.33 1
282.33 282.92 3
282.92 283.65 1
283.65 284.00 0
284.00 284.02 2
284.02 285.62 3
285.62 287.67 1
287.67 287.85 0
287.85 288.22 2
288.22 288.56 3
288.56 288.81 1
288.81 288.86 3
288.86 289.28 2
289.28 289.42 3
289.42 289.58 1
289.58 291.02 3
291.02 293.04 1
293.04 293.17 3
293.17 293.47 2
293.47 295.24 3
295.24 298.20 1
298.20 298.74 3
298.74 298.88 1
298.88 299.25 0
299.25 299.28 1
299.28 300.24 3
300.24 301.19 1
301.19 301.26 3
301.26 301.46 2
301.46 302.06 0
302.06 302.22 1
302.22 302.96 3
302.96 303.53 2
303.53 303.81 3
303.81 303.93 1
303.93 304.56 3
304.56 305.53 2
305.53 305.67 3
305.67 305.95 1
305.95 307.35 3
307.35 308.54 1
308.54 308.83 3
308.83 309.14 2
309.14 310.82 3
310.82 310.93 1
310.93 311.40 0
311.40 312.23 1
312.23 312.52 0
312.52 313.67 1
313.67 314.04 0
314.04 314.25 1
314.25 315.01 3
315.01 318.00 2
318.00 319.67 3
319.67 319.99 2
319.99 321.05 3
321.05 321.30 2
321.30 322.33 3
322.33 323.37 1
323.37 323.82 3
323.82 323.88 1
323.88 324.14 0
324.14 324.52 1
324.52 325.52 3
325.52 325.65 1
325.65 325.89 0
325.89 326.09 2
326.09 326.73 3
326.73 327.01 1
327.01 327.41 3
327.41 328.49 2
328.49 328.59 0
328.59 328.64 2
328.64 329.80 3
329.80 330.29 1
330.29 330.76 3
330.76 332.08 1
332.08 333.39 3
333.39 333.46 1
333.46 333.87 0
333.87 333.98 1
333.98 334.48 3
334.48 334.60 1
334.60 334.78 3
334.78 336.97 1
336.97 337.33 0
337.33 337.40 1
337.40 338.63 3
338.63 340.06 1
340.06 340.09 0
340.09 340.50 1
340.50 341.51 3
341.51 343.04 1
343.04 343.51 0
343.51 343.55 1
343.55 345.22 3
345.22 345.81 1
345.81 347.26 3
347.26 347.83 2
347.83 349.74 3
349.74 351.07 1
351.07 351.58 3
351.58 351.87 1
351.87 352.24 0
352.24 352.47 1
352.47 353.62 3
353.62 354.85 1
354.85 355.31 3
355.31 355.82 1
355.82 356.08 3
356.08 356.25 2
356.25 358.72 3
358.72 359.24 1
359.24 359.84 3
359.84 360.07 2
360.07 360.41 3
360.41 360.81 2
360.81 362.12 3
362.12 362.55 1
362.55 362.98 3
362.98 363.22 1
363.22 363.23 0
363.23 363.54 2
363.54 363.94 3
363.94 367.64 2
367.64 368.53 3
368.53 369.28 1
369.28 371.49 3
371.49 371.67 2
371.67 371.76 0
371.76 372.04 1
372.04 372.61 3
372.61 375.17 1
375.17 375.53 0
375.53 377.14 3
377.14 378.67 1
378.67 379.42 3
379.42 379.83 1
379.83 379.86 0
379.86 380.36 2
380.36 380.57 3
380.57 381.07 1
381.07 381.59 3
381.59 386.42 2
386.42 386.54 3
386.54 388.45 1
388.45 388.57 3
388.57 390.51 2
390.51 391.18 3
391.18 391.37 2
391.37 391.77 0
391.77 393.23 2
393.23 393.76 3
393.76 394.59 2
394.59 395.09 3
395.09 396.28 2
396.28 396.53 0
396.53 396.76 1
396.76 397.04 3
397.04 398.72 2
398.72 399.87 3
399.87 400.21 1
400.21 400.88 3
400.88 401.29 2
401.29 401.88 3
401.88 405.12 1
405.12 405.71 3
405.71 406.04 1
406.04 406.24 0
406.24 406.53 2
406.53 408.73 3
408.73 409.28 1
409.28 409.97 3
409.97 410.14 2
410.14 410.25 0
410.25 410.57 1
410.57 411.07 3
411.07 414.26 1
414.26 414.62 3
414.62 414.87 2
414.87 414.98 0
414.98 418.42 1
418.42 418.88 0
418.88 418.90 1
418.90 420.43 3
420.43 420.96 1
420.96 421.46 3
421.46 421.72 2
421.72 423.70 3
423.70 425.40 1
425.40 425.51 3
425.51 425.59 2
425.59 426.88 3
426.88 428.05 1
428.05 428.41 0
428.41 428.86 1
428.86 429.42 3
429.42 430.14 1
430.14 430.97 3
430.97 431.41 1
431.41 431.68 0
431.68 432.05 1
432.05 432.65 3
432.65 433.98 1
433.98 434.12 0
434.12 434.79 1
434.79 436.67 3
436.67 437.30 1
437.30 437.42 0
437.42 437.88 2
437.88 438.05 3
438.05 438.51 1
438.51 438.85 3
438.85 441.21 2
441.21 442.10 3
442.10 442.60 1
442.60 443.41 3
443.41 444.27 1
444.27 444.49 3
444.49 444.79 2
444.79 444.91 3
444.91 445.36 1
445.36 445.90 3
445.90 447.13 2
447.13 448.60 3
448.60 449.09 1
449.09 449.54 0
449.54 449.99 1
449.99 450.13 3
450.13 450.42 2
450.42 450.74 0
450.74 452.24 1
452.24 452.47 3
452.47 452.63 1
452.63 452.76 0
452.76 453.37 1
453.37 453.42 0
453.42 454.20 2
454.20 454.30 3
454.30 454.48 1
454.48 454.74 3
454.74 455.86 2
455.86 456.62 3
456.62 459.33 1
459.33 459.67 0
459.67 460.50 1
460.50 460.98 0
460.98 461.34 1
461.34 461.82 3
461.82 462.37 1
462.37 462.89 3
462.89 463.21 1
463.21 463.49 3
463.49 465.97 2
465.97 466.07 3
466.07 467.20 1
467.20 467.78 3
467.78 468.01 1
468.01 468.47 0
468.47 468.64 1
468.64 469.47 3
469.47 470.64 1
470.64 470.79 0
470.79 471.13 1
471.13 471.54 3
471.54 472.42 2
472.42 472.66 3
472.66 474.72 1
474.72 475.29 0
475.29 475.57 1
475.57 475.68 3
475.68 477.28 2
477.28 477.60 3
477.60 477.96 1
477.96 478.25 3
478.25 478.41 2
478.41 478.54 0
478.54 482.42 1
482.42 483.29 0
483.29 484.10 2
484.10 484.21 3
484.21 485.33 1
485.33 485.84 3
485.84 486.21 1
486.21 486.54 3
486.54 486.80 1
486.80 487.18 3
487.18 487.35 1
487.35 487.47 0
487.47 487.49 2
487.49 487.83 3
487.83 490.78 1
490.78 491.26 3
491.26 491.82 1
491.82 492.80 0
492.80 494.50 2
494.50 494.63 0
494.63 494.79 1
494.79 495.14 3
495.14 495.64 2
495.64 495.98 3
495.98 496.83 2
496.83 497.36 3
497.36 497.66 2
497.66 498.41 3
498.41 498.52 1
498.52 498.74 3
498.74 501.16 1
501.16 501.36 0
501.36 501.59 2
501.59 502.39 3
502.39 503.47 1
503.47 503.71 0
503.71 504.11 1
504.11 504.18 3
504.18 504.61 2
504.61 504.97 3
504.97 505.11 1
505.11 505.20 3
505.20 507.24 2
507.24 508.36 3
508.36 510.12 1
510.12 510.53 0
510.53 511.28 1
511.28 511.92 3
511.92 512.75 1
512.75 513.33 3
513.33 513.65 1
513.65 513.96 0
513.96 516.37 1
516.37 516.85 0
516.85 517.18 1
517.18 517.55 3
517.55 520.57 1
520.57 521.13 3
521.13 522.24 1
522.24 522.76 0
522.76 523.04 1
523.04 523.40 3
523.40 526.17 1
526.17 526.76 3
526.76 527.16 1
527.16 527.56 0
527.56 527.88 1
527.88 528.21 3
528.21 529.79 1
529.79 529.94 0
529.94 530.32 1
530.32 531.08 3
531.08 534.37 1
534.37 534.92 0
534.92 535.04 1
535.04 535.67 3
535.67 536.69 1
536.69 536.86 0
536.86 538.98 1
538.98 540.06 3
540.06 540.26 1
540.26 540.63 0
540.63 540.93 1
540.93 541.62 3
541.62 543.82 1
543.82 543.90 0
543.90 544.62 2
544.62 545.87 3
545.87 548.39 1
548.39 548.84 0
548.84 549.22 1
549.22 550.07 3
550.07 553.46 1
553.46 553.75 3
553.75 554.36 1
554.36 554.62 3
554.62 555.23 2
555.23 555.93 3
555.93 556.09 1
556.09 556.63 0
556.63 557.55 1
557.55 558.60 3
558.60 558.82 2
558.82 559.65 3
559.65 561.87 1
561.87 562.65 3
562.65 563.30 1
563.30 563.45 0
563.45 563.89 2
563.89 564.64 3
564.64 564.94 1
564.94 565.20 0
565.20 565.46 1
565.46 565.82 3
565.82 566.05 2
566.05 566.16 3
566.16 566.76 1
566.76 566.94 3
566.94 568.61 2
568.61 569.43 3
569.43 569.92 1
569.92 570.73 3
570.73 570.99 2
570.99 572.03 3
572.03 576.75 1
576.75 577.65 0
577.65 580.29 1
580.29 582.15 3
582.15 582.99 1
582.99 583.13 3
583.13 583.75 2
583.75 585.31 3
585.31 587.64 1
587.64 587.97 0
587.97 588.33 1
588.33 588.70 3
588.70 591.17 1
591.17 591.57 0
591.57 592.07 1
592.07 592.75 3
592.75 593.61 1
593.61 594.30 3
594.30 594.38 2
594.38 594.59 0
594.59 594.98 1
594.98 595.54 3
595.54 597.47 1
597.47 598.49 0
598.49 599.61 1
599.61 599.87 0
599.87 603.30 1
