0.00 2.21 1
2.21 2.42 0
2.42 4.69 1
4.69 5.08 0
5.08 6.08 1
6.08 6.24 0
6.24 9.11 1
9.11 9.53 0
9.53 11.66 1
11.66 12.29 0
12.29 12.72 1
12.72 13.14 0
13.14 14.75 1
14.75 15.46 0
15.46 17.45 1
17.45 17.52 0
17.52 17.62 2
17.62 17.79 3
17.79 22.49 1
22.49 22.93 0
22.93 27.99 2
27.99 28.39 0
28.39 32.87 2
32.87 33.48 0
33.48 36.08 2
36.08 36.16 3
36.16 36.30 1
36.30 36.43 3
36.43 36.92 2
36.92 37.37 3
37.37 43.21 1
43.21 43.41 0
43.41 48.90 1
48.90 49.05 0
49.05 52.36 1
52.36 53.10 3
53.10 55.27 2
55.27 55.32 3
55.32 57.16 1
57.16 57.57 3
57.57 58.04 1
58.04 58.21 0
58.21 61.46 1
61.46 61.75 0
61.75 62.91 1
62.91 63.24 0
63.24 64.58 1
64.58 64.74 0
64.74 66.54 1
66.54 66.89 0
66.89 67.08 1
67.08 67.25 0
67.25 67.46 1
67.46 68.17 3
68.17 70.79 1
70.79 71.29 0
71.29 71.47 1
71.47 71.56 3
71.56 75.79 2
75.79 76.40 0
76.40 76.46 2
76.46 76.78 3
76.78 79.94 2
79.94 80.65 0
80.65 81.04 2
81.04 81.48 0
81.48 82.36 2
82.36 82.49 0
82.49 82.65 1
82.65 82.67 3
82.67 85.00 2
85.00 85.14 3
85.14 86.69 1
86.69 87.21 0
87.21 89.62 1
89.62 89.96 0
89.96 90.24 1
90.24 90.39 3
90.39 90.57 2
90.57 90.86 0
90.86 92.46 1
92.46 93.12 3
93.12 93.14 1
93.14 93.41 0
93.41 95.54 1
95.54 95.87 0
95.87 98.64 1
98.64 98.66 3
98.66 98.87 2
98.87 99.49 3
99.49 100.04 2
100.04 100.17 3
100.17 100.73 1
100.73 100.86 0
100.86 102.42 1
102.42 102.74 3
102.74 103.65 2
103.65 103.72 3
103.72 104.33 1
104.33 104.73 0
104.73 105.37 1
105.37 106.09 0
106.09 107.89 1
107.89 108.04 0
108.04 108.89 1
108.89 109.59 0
109.59 109.91 1
109.91 110.05 0
110.05 110.17 2
110.17 110.90 3
110.90 113.69 1
113.69 113.74 0
113.74 114.21 2
114.21 114.78 0
114.78 115.41 1
115.41 115.77 0
115.77 116.00 1
116.00 116.25 3
116.25 117.16 2
117.16 117.42 3
117.42 117.96 1
117.96 118.22 3
118.22 119.99 2
119.99 120.21 3
120.21 120.24 2
120.24 120.36 0
120.36 121.50 2
121.50 121.79 0
121.79 124.07 1
124.07 124.41 3
124.41 125.94 1
125.94 126.43 3
126.43 127.44 2
127.44 127.53 3
127.53 130.45 1
130.45 130.57 3
130.57 130.97 2
130.97 131.19 0
131.19 131.73 1
131.73 132.27 0
132.27 132.60 2
132.60 132.72 0
132.72 133.22 1
133.22 133.32 3
133.32 133.99 2
133.99 134.73 0
134.73 135.24 2
135.24 135.34 3
135.34 136.40 1
136.40 136.80 0
136.80 137.37 2
137.37 137.51 3
137.51 138.79 1
138.79 139.64 3
139.64 141.05 2
141.05 141.30 0
141.30 142.74 2
142.74 143.00 3
143.00 147.35 1
147.35 147.56 3
147.56 149.12 1
149.12 149.66 0
149.66 150.60 1
150.60 151.37 0
151.37 155.51 1
155.51 156.14 0
156.14 156.87 1
156.87 157.51 0
157.51 158.70 1
158.70 158.85 0
158.85 160.94 1
160.94 161.57 0
161.57 162.77 1
162.77 163.34 3
163.34 164.52 2
164.52 164.73 3
164.73 166.19 1
166.19 166.60 0
166.60 166.85 1
166.85 167.28 0
167.28 167.46 1
167.46 167.74 0
167.74 168.44 1
168.44 168.97 0
168.97 172.06 1
172.06 172.94 3
172.94 175.69 2
175.69 176.24 3
176.24 176.63 1
176.63 177.34 0
177.34 177.89 2
177.89 178.32 0
178.32 179.42 1
179.42 179.76 0
179.76 180.40 1
180.40 180.44 3
180.44 180.59 2
180.59 180.69 3
180.69 181.06 1
181.06 181.45 0
181.45 185.12 1
185.12 185.29 0
185.29 188.62 1
188.62 188.65 0
188.65 190.33 1
190.33 190.55 0
190.55 194.04 1
194.04 194.42 0
194.42 194.96 1
194.96 195.44 0
195.44 195.64 1
195.64 196.04 0
196.04 196.58 1
196.58 197.84 0
197.84 198.53 1
198.53 198.95 0
198.95 199.77 1
199.77 200.05 0
200.05 203.89 1
203.89 204.30 0
204.30 204.69 1
204.69 205.14 0
205.14 209.44 1
209.44 209.78 0
209.78 214.08 1
214.08 215.06 3
215.06 216.04 2
216.04 216.14 3
216.14 216.77 1
216.77 217.13 0
217.13 218.52 2
218.52 218.98 0
218.98 220.67 1
220.67 220.81 0
220.81 223.11 1
223.11 223.42 0
223.42 225.49 1
225.49 225.65 0
225.65 226.58 1
226.58 226.88 3
226.88 227.17 1
227.17 227.66 3
227.66 230.35 2
230.35 230.41 0
230.41 230.61 1
230.61 230.62 0
230.62 232.14 2
232.14 232.40 3
232.40 232.93 2
232.93 233.17 3
233.17 234.68 2
234.68 234.79 3
234.79 238.63 1
238.63 238.78 0
238.78 239.33 1
239.33 239.76 0
239.76 242.58 1
242.58 242.86 0
242.86 244.93 1
244.93 245.39 0
245.39 246.10 1
246.10 246.55 0
246.55 247.18 1
247.18 248.63 0
248.63 252.88 2
252.88 253.02 3
253.02 253.70 1
253.70 255.02 0
255.02 255.56 1
255.56 255.79 0
255.79 257.60 1
257.60 258.02 0
258.02 258.50 1
258.50 258.68 0
258.68 260.23 1
260.23 260.28 3
260.28 262.91 2
262.91 263.00 3
263.00 263.28 1
263.28 263.82 0
263.82 264.93 1
264.93 265.08 0
265.08 267.23 1
267.23 267.57 0
267.57 272.00 2
272.00 272.05 3
272.05 272.80 1
272.80 273.13 3
273.13 273.63 2
273.63 273.92 3
273.92 275.45 1
275.45 276.25 3
276.25 276.85 2
276.85 277.17 3
277.17 277.77 1
277.77 278.06 0
278.06 279.65 2
279.65 279.85 3
279.85 281.53 1
281.53 281.57 3
281.57 281.72 2
281.72 281.76 3
281.76 287.56 1
287.56 287.94 0
287.94 288.67 2
288.67 288.72 3
288.72 289.60 1
289.60 289.65 3
289.65 290.77 2
290.77 291.06 3
291.06 293.20 1
293.20 293.41 0
293.41 294.02 2
294.02 294.80 0
294.80 295.40 1
295.40 295.50 3
295.50 297.68 2
297.68 298.05 3
298.05 298.31 1
298.31 298.63 0
298.63 300.81 1
300.81 301.90 0
301.90 304.24 2
304.24 304.60 0
304.60 304.89 1
304.89 305.26 0
305.26 307.44 2
307.44 307.57 0
307.57 308.03 1
308.03 308.30 3
308.30 309.82 2
309.82 310.68 3
310.68 311.07 2
311.07 311.46 0
311.46 312.43 1
312.43 313.01 0
313.01 316.86 2
316.86 317.12 0
317.12 318.55 2
318.55 319.06 0
319.06 319.36 1
319.36 319.47 3
319.47 326.91 2
326.91 327.10 3
327.10 328.11 2
328.11 328.13 0
328.13 328.36 2
328.36 328.52 3
328.52 329.00 1
329.00 329.55 3
329.55 330.95 2
330.95 331.65 0
331.65 331.89 1
331.89 332.07 3
332.07 333.91 2
333.91 334.40 0
334.40 336.30 1
336.30 336.99 0
336.99 338.83 2
338.83 339.48 0
339.48 341.22 1
341.22 341.82 0
341.82 342.39 1
342.39 342.57 3
342.57 344.63 2
344.63 344.70 0
344.70 345.43 1
345.43 345.89 0
345.89 346.77 1
346.77 346.80 3
346.80 352.30 2
352.30 352.34 3
352.34 353.17 1
353.17 353.31 3
353.31 353.74 1
353.74 353.76 0
353.76 355.22 2
355.22 355.95 0
355.95 357.39 1
357.39 357.73 0
357.73 358.68 1
358.68 359.79 0
359.79 360.83 2
360.83 360.88 0
360.88 361.89 1
361.89 362.59 0
362.59 363.00 1
363.00 363.38 0
363.38 364.45 2
364.45 364.70 3
364.70 365.29 1
365.29 365.65 3
365.65 367.00 2
367.00 367.31 0
367.31 367.62 1
367.62 368.16 0
368.16 368.66 2
368.66 368.94 3
368.94 374.73 1
374.73 374.79 3
374.79 379.07 2
379.07 379.08 0
379.08 382.59 2
382.59 382.76 0
382.76 385.46 2
385.46 386.50 0
386.50 389.13 2
389.13 390.39 0
390.39 390.88 1
390.88 392.13 3
392.13 392.90 2
392.90 393.00 0
393.00 394.16 1
394.16 394.26 3
394.26 394.46 2
394.46 394.57 3
394.57 396.61 1
396.61 396.98 3
396.98 403.97 2
403.97 404.23 0
404.23 406.76 2
406.76 407.00 3
407.00 407.89 1
407.89 408.44 0
408.44 411.94 2
411.94 412.94 0
412.94 415.55 2
415.55 416.12 0
416.12 416.82 1
416.82 417.65 0
417.65 421.76 2
421.76 421.89 3
421.89 422.39 1
422.39 422.73 0
422.73 424.07 1
424.07 424.32 0
424.32 426.45 2
426.45 426.97 3
426.97 429.72 1
429.72 429.83 0
429.83 430.03 1
430.03 430.50 3
430.50 431.03 1
431.03 431.42 0
431.42 431.62 2
431.62 431.86 3
431.86 434.56 1
434.56 434.60 3
434.60 438.30 2
438.30 438.82 3
438.82 440.75 2
440.75 441.03 0
441.03 443.62 2
443.62 443.85 3
443.85 445.30 1
445.30 445.60 0
445.60 446.15 1
446.15 447.06 0
447.06 447.11 2
447.11 447.55 3
447.55 448.77 2
448.77 449.83 0
449.83 450.27 1
450.27 450.56 0
450.56 453.00 1
453.00 453.01 0
453.01 454.31 2
454.31 454.34 3
454.34 455.47 1
455.47 456.06 0
456.06 457.12 2
457.12 457.29 3
457.29 458.14 1
458.14 459.17 0
459.17 460.59 2
460.59 460.71 3
460.71 462.63 1
462.63 462.75 3
462.75 464.58 2
464.58 464.62 3
464.62 465.69 1
465.69 466.77 2
466.77 467.45 3
467.45 468.33 1
468.33 469.00 0
469.00 471.70 2
471.70 471.97 3
471.97 473.51 1
473.51 475.23 0
475.23 475.26 1
475.26 475.67 3
475.67 478.19 1
478.19 478.30 3
478.30 478.77 2
478.77 478.83 0
478.83 480.49 1
480.49 481.97 0
481.97 483.84 2
483.84 483.92 3
483.92 484.54 1
484.54 485.37 0
485.37 485.58 1
485.58 485.77 3
485.77 486.34 2
486.34 487.92 3
487.92 488.25 1
488.25 488.32 0
488.32 490.39 2
490.39 491.29 0
491.29 491.69 1
491.69 492.00 0
492.00 492.27 2
492.27 492.82 3
492.82 493.37 1
493.37 493.95 0
493.95 495.65 1
495.65 496.12 0
496.12 496.88 2
496.88 496.97 3
496.97 497.17 1
497.17 497.93 0
497.93 499.01 2
499.01 500.14 3
500.14 501.74 1
501.74 501.92 3
501.92 503.28 2
503.28 504.25 0
504.25 505.37 1
505.37 505.43 3
505.43 505.91 2
505.91 506.01 3
506.01 506.67 1
506.67 507.02 0
507.02 507.21 1
507.21 507.88 0
507.88 508.66 2
508.66 508.81 0
508.81 510.34 2
510.34 510.59 3
510.59 512.35 1
512.35 512.95 0
512.95 515.42 1
515.42 515.52 0
515.52 515.67 1
515.67 516.04 3
516.04 516.36 2
516.36 516.61 0
516.61 516.87 1
516.87 517.20 0
517.20 517.92 2
517.92 518.08 3
518.08 519.78 1
519.78 520.17 3
520.17 522.02 2
522.02 522.43 3
522.43 522.63 1
522.63 523.15 0
523.15 528.03 1
528.03 528.74 0
528.74 528.87 1
528.87 528.98 3
528.98 529.77 2
529.77 530.12 3
530.12 532.42 1
532.42 532.81 0
532.81 533.26 1
533.26 533.61 0
533.61 534.37 2
534.37 534.65 3
534.65 536.16 1
536.16 536.84 0
536.84 538.92 1
538.92 539.29 0
539.29 539.71 1
539.71 539.87 0
539.87 540.69 2
540.69 541.23 3
541.23 541.72 1
541.72 541.80 0
541.80 545.67 2
545.67 545.79 3
545.79 547.24 1
547.24 547.58 0
547.58 548.49 2
548.49 549.37 0
549.37 552.67 1
552.67 553.51 0
553.51 555.97 1
555.97 556.65 0
556.65 559.34 1
559.34 560.20 0
560.20 562.12 1
562.12 562.52 3
562.52 565.22 2
565.22 565.39 3
565.39 566.48 1
566.48 566.97 0
566.97 567.42 2
567.42 567.91 0
567.91 569.17 1
569.17 569.65 0
569.65 572.02 2
572.02 572.28 0
572.28 573.10 1
573.10 573.43 0
573.43 573.86 2
573.86 574.12 0
574.12 575.03 1
575.03 575.06 0
575.06 575.62 2
575.62 575.80 0
575.80 575.87 1
575.87 576.29 3
576.29 581.25 2
581.25 581.28 3
581.28 581.47 1
581.47 581.66 3
581.66 581.87 2
581.87 583.51 0
583.51 584.02 2
584.02 584.09 3
584.09 585.35 1
585.35 585.62 0
585.62 587.03 1
587.03 587.48 0
587.48 593.06 2
593.06 593.87 0
593.87 597.17 2
597.17 597.48 0
597.48 598.08 1
598.08 598.22 0
598.22 598.87 2
598.87 599.31 3
599.31 601.06 1
601.06 601.14 0
601.14 601.66 2
