0.00 3.63 2
3.63 3.97 0
3.97 7.64 2
7.64 7.78 0
7.78 8.17 1
8.17 8.22 0
8.22 9.03 2
9.03 9.18 0
9.18 13.15 2
13.15 13.71 0
13.71 17.20 2
17.20 17.70 0
17.70 18.35 2
18.35 18.57 0
18.57 18.98 1
18.98 19.09 0
19.09 21.76 2
21.76 22.09 3
22.09 22.28 2
22.28 22.87 0
22.87 24.50 2
24.50 25.07 0
25.07 25.51 2
25.51 25.79 0
25.79 27.74 2
27.74 27.96 0
27.96 28.84 2
28.84 28.95 0
28.95 30.68 2
30.68 30.79 3
30.79 30.94 1
30.94 31.13 3
31.13 31.29 2
31.29 31.31 3
31.31 31.60 1
31.60 32.63 0
32.63 34.00 2
34.00 34.71 0
34.71 35.37 2
35.37 35.43 0
35.43 35.74 2
35.74 35.96 0
35.96 37.01 2
37.01 37.07 0
37.07 39.22 2
39.22 40.10 0
40.10 41.82 2
41.82 42.09 0
42.09 43.43 2
43.43 43.50 0
43.50 44.00 1
44.00 44.16 0
44.16 44.54 1
44.54 45.29 0
45.29 45.85 2
45.85 46.24 0
46.24 47.81 1
47.81 48.45 0
48.45 48.72 1
48.72 49.03 3
49.03 51.74 2
51.74 51.78 0
51.78 51.87 1
51.87 52.17 3
52.17 52.33 2
52.33 52.43 3
52.43 52.73 1
52.73 53.22 0
53.22 54.22 1
54.22 55.13 0
55.13 56.34 2
56.34 56.47 0
56.47 56.86 3
56.86 57.20 2
57.20 57.82 3
57.82 58.78 0
58.78 59.30 2
59.30 59.32 0
59.32 60.57 1
60.57 61.22 0
61.22 62.65 2
62.65 63.02 3
63.02 63.07 1
63.07 63.19 3
63.19 64.39 2
64.39 64.69 0
64.69 65.95 2
65.95 66.03 0
66.03 66.36 2
66.36 66.47 0
66.47 67.39 2
67.39 67.49 1
67.49 67.61 3
67.61 68.04 2
68.04 68.64 0
68.64 70.05 2
70.05 71.13 0
71.13 72.58 2
72.58 72.94 0
72.94 73.72 2
73.72 73.95 0
73.95 75.64 2
75.64 75.84 3
75.84 75.97 1
75.97 77.95 0
77.95 79.34 2
79.34 80.06 0
80.06 83.36 2
83.36 83.60 3
83.60 84.01 2
84.01 84.39 0
84.39 84.85 1
84.85 84.92 0
84.92 87.44 2
87.44 87.53 3
87.53 88.16 1
88.16 89.16 0
89.16 91.14 2
91.14 91.29 0
91.29 94.27 2
94.27 94.81 3
94.81 95.20 1
95.20 95.96 0
95.96 96.08 2
96.08 96.61 3
96.61 97.59 1
97.59 97.70 3
97.70 99.55 2
99.55 99.84 0
99.84 101.59 1
101.59 102.16 0
102.16 102.98 2
102.98 103.40 3
103.40 103.55 2
103.55 103.79 0
103.79 105.42 1
105.42 105.53 3
105.53 108.24 1
108.24 108.46 3
108.46 109.95 1
109.95 110.89 0
110.89 110.97 1
110.97 111.37 3
111.37 111.44 2
111.44 111.50 3
111.50 113.35 1
113.35 113.44 3
113.44 113.99 2
113.99 114.41 0
114.41 114.79 1
114.79 114.94 3
114.94 115.05 2
115.05 115.07 0
115.07 116.37 1
116.37 117.24 0
117.24 119.44 1
119.44 119.61 3
119.61 120.96 1
120.96 121.03 0
121.03 123.48 1
123.48 124.04 0
124.04 126.08 2
126.08 126.52 3
126.52 126.73 2
126.73 127.11 0
127.11 128.40 2
128.40 128.46 3
128.46 128.73 1
128.73 128.85 3
128.85 129.00 2
129.00 129.65 0
129.65 134.31 2
134.31 134.42 3
134.42 134.87 1
134.87 135.42 0
135.42 135.91 2
135.91 136.05 0
136.05 136.30 2
136.30 136.66 0
136.66 137.04 2
137.04 137.71 0
137.71 142.17 2
142.17 143.19 3
143.19 143.21 1
143.21 144.07 0
144.07 144.37 2
144.37 144.56 0
144.56 144.65 2
144.65 145.02 3
145.02 146.58 2
146.58 146.71 0
146.71 151.42 2
151.42 151.76 0
151.76 153.68 2
153.68 153.80 0
153.80 154.40 1
154.40 154.96 0
154.96 155.05 1
155.05 155.26 3
155.26 156.88 2
156.88 157.35 0
157.35 157.52 2
157.52 157.87 0
157.87 161.06 1
161.06 161.08 0
161.08 162.51 2
162.51 162.85 0
162.85 164.13 2
164.13 165.11 0
165.11 165.73 2
165.73 166.02 0
166.02 167.98 2
167.98 168.02 0
168.02 169.15 2
169.15 170.08 0
170.08 170.49 1
170.49 171.18 0
171.18 171.60 1
171.60 172.38 0
172.38 172.85 2
172.85 172.90 3
172.90 174.20 1
174.20 174.57 0
174.57 175.37 2
175.37 176.77 3
176.77 176.95 1
176.95 177.24 3
177.24 178.71 2
178.71 178.83 0
178.83 183.43 2
183.43 183.67 3
183.67 185.52 1
185.52 185.65 3
185.65 186.15 2
186.15 186.35 0
186.35 186.58 1
186.58 187.43 0
187.43 190.23 2
190.23 190.43 0
190.43 194.45 1
194.45 195.17 0
195.17 195.92 2
195.92 196.04 0
196.04 196.64 1
196.64 197.30 0
197.30 198.40 1
198.40 199.13 0
199.13 201.11 1
201.11 201.87 0
201.87 202.00 1
202.00 202.46 3
202.46 204.18 1
204.18 205.20 0
205.20 209.23 1
209.23 210.13 0
210.13 210.50 1
210.50 210.96 3
210.96 212.08 1
212.08 212.60 0
212.60 212.63 2
212.63 213.05 3
213.05 214.45 1
214.45 215.08 0
215.08 216.15 2
216.15 216.73 3
216.73 217.59 1
217.59 218.33 0
218.33 219.61 1
219.61 220.23 0
220.23 223.99 1
223.99 224.19 3
224.19 225.43 2
225.43 225.90 3
225.90 226.56 1
226.56 227.10 0
227.10 227.57 1
227.57 227.74 3
227.74 228.62 1
228.62 228.74 0
228.74 229.97 1
229.97 230.72 0
230.72 231.10 2
231.10 231.34 3
231.34 231.73 1
231.73 232.61 0
232.61 236.05 1
236.05 236.81 0
236.81 241.94 2
241.94 242.32 3
242.32 242.61 2
242.61 243.27 0
243.27 245.39 2
245.39 245.79 3
245.79 246.21 2
246.21 246.57 3
246.57 246.90 2
246.90 247.09 0
247.09 248.00 2
248.00 248.12 0
248.12 248.39 1
248.39 248.98 0
248.98 249.41 2
249.41 250.09 0
250.09 250.16 2
250.16 250.41 3
250.41 250.56 2
250.56 251.64 0
251.64 254.35 1
254.35 254.91 0
254.91 259.58 2
259.58 259.60 0
259.60 259.99 2
259.99 261.36 0
261.36 262.42 2
262.42 262.46 3
262.46 262.98 1
262.98 264.60 0
264.60 265.25 1
265.25 265.99 0
265.99 267.57 1
267.57 268.35 0
268.35 268.73 2
268.73 268.80 3
268.80 269.75 1
269.75 269.96 0
269.96 271.70 1
271.70 272.39 0
272.39 272.50 2
272.50 273.30 3
273.30 273.66 1
273.66 274.27 0
274.27 274.31 1
274.31 274.89 3
274.89 276.66 1
276.66 276.76 3
276.76 277.00 2
277.00 277.08 0
277.08 277.50 1
277.50 277.98 3
277.98 278.97 1
278.97 279.36 3
279.36 281.17 2
281.17 281.33 0
281.33 283.25 1
283.25 283.83 3
283.83 284.10 2
284.10 284.52 0
284.52 284.66 1
284.66 285.02 3
285.02 285.13 1
285.13 285.22 0
285.22 286.49 1
286.49 286.76 0
286.76 288.55 1
288.55 289.59 0
289.59 292.64 1
292.64 292.88 0
292.88 293.53 1
293.53 293.88 0
293.88 294.64 1
294.64 295.24 0
295.24 295.51 2
295.51 295.95 3
295.95 298.13 1
298.13 298.87 0
298.87 299.49 2
299.49 300.35 0
300.35 301.64 1
301.64 302.61 0
302.61 303.60 2
303.60 303.68 3
303.68 306.03 1
306.03 306.07 0
306.07 306.23 2
306.23 306.24 3
306.24 307.96 1
307.96 308.22 0
308.22 310.59 2
310.59 310.74 3
310.74 312.57 1
312.57 313.29 0
313.29 313.36 1
313.36 313.94 3
313.94 314.23 1
314.23 315.03 0
315.03 318.65 1
318.65 319.35 0
319.35 320.02 2
320.02 320.29 3
320.29 321.92 1
321.92 322.77 0
322.77 323.12 2
323.12 323.22 3
323.22 323.33 1
323.33 323.89 3
323.89 325.06 2
325.06 325.34 3
325.34 325.62 1
325.62 326.20 0
326.20 327.02 2
327.02 327.24 0
327.24 327.59 1
327.59 327.61 0
327.61 327.89 2
327.89 328.25 0
328.25 328.85 1
328.85 329.23 0
329.23 329.83 1
329.83 331.25 0
331.25 336.42 1
336.42 336.84 0
336.84 340.20 2
340.20 340.55 3
340.55 341.67 2
341.67 341.92 3
341.92 342.06 1
342.06 343.84 0
343.84 344.26 1
344.26 344.91 0
344.91 345.25 1
345.25 345.62 3
345.62 346.74 1
346.74 347.51 0
347.51 348.16 2
348.16 348.77 3
348.77 349.86 1
349.86 350.32 3
350.32 351.18 2
351.18 352.32 3
352.32 353.22 1
353.22 353.49 0
353.49 355.04 2
355.04 355.29 3
355.29 356.49 1
356.49 356.69 0
356.69 356.95 1
356.95 357.08 3
357.08 360.56 2
360.56 360.72 0
360.72 363.10 1
363.10 363.62 0
363.62 364.25 2
364.25 364.33 0
364.33 364.68 1
364.68 364.80 0
364.80 365.10 1
365.10 365.46 3
365.46 365.61 1
365.61 365.86 0
365.86 367.33 1
367.33 367.92 0
367.92 368.03 1
368.03 368.43 3
368.43 369.50 1
369.50 369.70 0
369.70 370.66 1
370.66 371.25 0
371.25 371.33 1
371.33 372.05 3
372.05 373.72 1
373.72 374.25 0
374.25 375.02 2
375.02 375.05 3
375.05 375.48 1
375.48 376.23 0
376.23 376.35 1
376.35 376.68 3
376.68 376.87 1
376.87 378.44 0
378.44 379.83 1
379.83 380.56 0
380.56 380.74 1
380.74 381.15 3
381.15 381.21 2
381.21 381.73 0
381.73 382.95 1
382.95 382.98 0
382.98 383.14 2
383.14 383.21 0
383.21 383.56 1
383.56 383.73 0
383.73 383.84 1
383.84 384.34 3
384.34 385.20 1
385.20 385.43 0
385.43 386.07 2
386.07 386.83 3
386.83 389.72 2
389.72 390.13 3
390.13 390.35 2
390.35 390.48 0
390.48 391.05 1
391.05 394.27 0
394.27 397.50 1
397.50 398.09 0
398.09 398.68 2
398.68 398.89 3
398.89 399.45 1
399.45 399.70 0
399.70 400.04 1
400.04 400.54 0
400.54 402.09 1
402.09 402.60 0
402.60 402.79 2
402.79 403.39 3
403.39 404.17 1
404.17 404.70 0
404.70 406.29 1
406.29 407.00 0
407.00 410.48 1
410.48 411.21 3
411.21 411.54 2
411.54 411.64 3
411.64 412.32 1
412.32 412.95 0
412.95 414.30 1
414.30 414.67 0
414.67 415.59 1
415.59 417.09 0
417.09 417.83 1
417.83 418.55 0
418.55 420.59 1
420.59 420.99 0
420.99 422.96 1
422.96 423.96 0
423.96 424.67 2
424.67 425.53 3
425.53 425.90 1
425.90 426.22 3
426.22 427.47 2
427.47 427.57 0
427.57 429.50 2
429.50 429.92 3
429.92 430.64 2
430.64 431.62 3
431.62 433.09 1
433.09 433.29 3
433.29 436.42 2
436.42 439.29 3
439.29 440.75 1
440.75 441.21 0
441.21 443.71 1
443.71 443.99 0
443.99 444.35 1
444.35 444.49 3
444.49 444.66 2
444.66 445.00 0
445.00 445.20 1
445.20 446.15 0
446.15 448.46 1
448.46 448.51 0
448.51 452.05 2
452.05 453.05 3
453.05 456.43 1
456.43 456.70 3
456.70 457.93 2
457.93 459.26 3
459.26 459.75 1
459.75 460.13 0
460.13 460.21 1
460.21 460.41 3
460.41 460.58 2
460.58 461.09 3
461.09 461.27 2
461.27 461.46 3
461.46 461.54 1
461.54 461.79 0
461.79 462.83 2
462.83 463.16 3
463.16 463.52 2
463.52 463.62 0
463.62 463.83 2
463.83 464.33 0
464.33 465.75 2
465.75 466.97 0
466.97 468.86 2
468.86 469.28 3
469.28 471.16 2
471.16 471.67 3
471.67 471.96 1
471.96 472.46 0
472.46 473.79 2
473.79 473.80 3
473.80 476.26 1
476.26 477.12 0
477.12 477.17 1
477.17 477.37 3
477.37 477.51 2
477.51 477.55 0
477.55 478.26 1
478.26 479.02 0
479.02 479.97 2
479.97 480.01 3
480.01 480.22 1
480.22 480.32 3
480.32 482.54 2
482.54 482.57 0
482.57 483.41 1
483.41 483.91 0
483.91 485.73 2
485.73 486.00 0
486.00 488.89 2
488.89 489.04 0
489.04 489.70 2
489.70 489.77 3
489.77 490.04 1
490.04 490.12 0
490.12 491.23 2
491.23 491.45 3
491.45 491.49 1
491.49 491.59 0
491.59 495.04 2
495.04 495.45 3
495.45 495.73 2
495.73 496.05 0
496.05 496.50 1
496.50 497.67 0
497.67 498.54 2
498.54 498.83 0
498.83 499.26 2
499.26 499.35 0
499.35 499.40 2
499.40 499.82 3
499.82 500.05 2
500.05 500.20 0
500.20 501.60 2
501.60 502.42 0
502.42 504.14 2
504.14 504.24 3
504.24 505.35 1
505.35 506.10 0
506.10 506.20 2
506.20 506.62 3
506.62 508.11 1
508.11 508.57 3
508.57 508.93 2
508.93 509.09 3
509.09 509.51 2
509.51 509.80 3
509.80 510.17 2
510.17 510.20 0
510.20 510.29 1
510.29 510.41 3
510.41 511.55 2
511.55 511.64 3
511.64 512.46 1
512.46 512.74 0
512.74 513.17 1
513.17 513.46 3
513.46 513.70 1
513.70 513.93 0
513.93 516.27 1
516.27 517.04 0
517.04 517.93 2
517.93 518.16 3
518.16 518.79 1
518.79 519.25 0
519.25 519.64 1
519.64 519.89 0
519.89 520.18 1
520.18 520.52 0
520.52 521.88 1
521.88 522.33 0
522.33 524.88 1
524.88 525.16 0
525.16 525.38 1
525.38 525.84 3
525.84 528.17 1
528.17 528.95 0
528.95 529.50 2
529.50 529.57 3
529.57 529.97 1
529.97 530.82 0
530.82 532.25 1
532.25 533.10 0
533.10 535.63 1
535.63 536.26 0
536.26 536.90 2
536.90 537.48 3
537.48 539.04 1
539.04 539.63 0
539.63 542.32 1
542.32 542.75 0
542.75 544.79 1
544.79 544.97 0
544.97 545.53 1
545.53 545.95 3
545.95 546.16 1
546.16 546.92 0
546.92 547.32 1
547.32 547.62 0
547.62 550.31 1
550.31 550.68 0
550.68 551.08 1
551.08 551.36 3
551.36 554.05 1
554.05 554.72 0
554.72 555.93 2
555.93 556.59 0
556.59 557.05 1
557.05 557.24 3
557.24 557.78 1
557.78 557.97 0
557.97 558.72 1
558.72 558.73 3
558.73 559.04 2
559.04 559.60 0
559.60 559.95 1
559.95 560.20 0
560.20 564.67 1
564.67 565.00 3
565.00 565.14 2
565.14 565.24 0
565.24 566.11 1
566.11 566.26 3
566.26 567.99 2
567.99 568.20 3
568.20 570.50 1
570.50 570.95 0
570.95 571.98 2
571.98 572.01 3
572.01 573.10 1
573.10 573.95 0
573.95 575.56 1
575.56 575.77 0
575.77 576.38 1
576.38 577.46 3
577.46 577.94 1
577.94 578.10 0
578.10 578.81 2
578.81 579.00 3
579.00 581.51 1
581.51 582.26 0
582.26 584.98 2
584.98 585.69 3
585.69 586.18 1
586.18 586.41 0
586.41 586.92 1
586.92 587.32 3
587.32 594.00 2
594.00 594.27 3
594.27 594.63 2
594.63 594.83 0
594.83 596.68 2
596.68 597.36 0
597.36 599.83 2
599.83 600.25 0
600.25 603.67 2
603.67 604.35 3
604.35 604.86 1
