0.00 10.64 2
10.64 11.10 3
11.10 17.95 2
17.95 18.42 3
18.42 18.79 1
18.79 18.90 3
18.90 20.85 2
20.85 21.13 0
21.13 21.82 1
21.82 22.20 3
22.20 24.98 2
24.98 25.04 3
25.04 25.55 1
25.55 25.74 0
25.74 28.02 2
28.02 28.14 3
28.14 28.42 1
28.42 28.52 3
28.52 30.36 2
30.36 30.39 3
30.39 30.40 1
30.40 30.74 3
30.74 33.11 2
33.11 33.72 0
33.72 39.33 2
39.33 39.80 3
39.80 39.90 2
39.90 39.96 0
39.96 41.88 2
41.88 41.97 3
41.97 43.27 1
43.27 43.91 0
43.91 44.36 2
44.36 44.50 0
44.50 46.83 1
46.83 48.16 0
48.16 49.26 1
49.26 49.61 0
49.61 54.33 2
54.33 54.42 0
54.42 55.35 1
55.35 55.42 0
55.42 59.80 2
59.80 59.83 3
59.83 60.31 1
60.31 60.92 0
60.92 67.31 2
67.31 67.81 0
67.81 70.19 2
70.19 70.36 0
70.36 71.61 2
71.61 71.71 0
71.71 74.53 2
74.53 74.71 0
74.71 76.51 1
76.51 77.44 0
77.44 78.14 2
78.14 78.45 3
78.45 79.52 2
79.52 79.55 0
79.55 86.70 2
86.70 87.57 0
87.57 89.51 2
89.51 89.68 0
89.68 90.76 1
90.76 94.44 2
94.44 94.60 3
94.60 94.65 1
94.65 95.19 3
95.19 95.56 2
95.56 95.66 3
95.66 96.21 1
96.21 97.05 0
97.05 99.50 1
99.50 99.51 0
99.51 100.21 2
100.21 100.31 3
100.31 100.37 1
100.37 100.56 3
100.56 105.97 2
105.97 106.02 3
106.02 107.26 1
107.26 107.70 0
107.70 109.44 2
109.44 109.68 0
109.68 110.07 1
110.07 110.49 3
110.49 111.61 2
111.61 112.12 0
112.12 113.12 1
113.12 114.13 0
114.13 120.16 2
120.16 120.61 0
120.61 123.74 2
123.74 123.93 3
123.93 123.94 1
123.94 124.01 3
124.01 127.74 2
127.74 128.49 0
128.49 130.84 2
130.84 131.68 0
131.68 131.82 1
131.82 131.93 3
131.93 138.21 2
138.21 138.24 0
138.24 144.43 2
144.43 144.47 0
144.47 144.90 1
144.90 145.28 3
145.28 149.09 2
149.09 149.20 0
149.20 150.11 1
150.11 150.14 0
150.14 151.24 2
151.24 151.47 3
151.47 151.49 1
151.49 151.66 3
151.66 156.96 2
156.96 157.11 0
157.11 157.66 1
157.66 157.99 0
157.99 164.14 2
164.14 164.24 0
164.24 164.61 1
164.61 164.68 3
164.68 165.90 2
165.90 166.09 0
166.09 166.69 1
166.69 167.33 0
167.33 167.50 1
167.50 168.44 3
168.44 168.56 1
168.56 169.09 0
169.09 171.41 2
171.41 171.47 0
171.47 173.49 2
173.49 173.77 0
173.77 174.53 1
174.53 174.62 0
174.62 180.71 2
180.71 181.47 0
181.47 185.22 2
185.22 186.61 0
186.61 193.30 2
193.30 193.89 3
193.89 194.03 2
194.03 194.05 0
194.05 199.43 2
199.43 199.50 0
199.50 206.34 2
206.34 207.01 0
207.01 207.53 1
207.53 207.64 3
207.64 212.92 2
212.92 213.61 3
213.61 215.81 1
215.81 216.72 0
216.72 218.33 2
218.33 219.12 3
219.12 221.21 2
221.21 221.71 3
221.71 222.81 1
222.81 224.02 0
224.02 230.93 2
230.93 231.48 3
231.48 231.99 2
231.99 232.24 0
232.24 234.62 2
234.62 235.99 0
235.99 236.40 2
236.40 237.50 0
237.50 237.71 1
237.71 237.80 3
237.80 242.87 2
242.87 243.31 0
243.31 245.95 2
245.95 245.96 0
245.96 249.39 2
249.39 250.21 0
250.21 252.15 2
252.15 252.59 0
252.59 255.21 2
255.21 255.94 0
255.94 256.85 1
256.85 257.93 0
257.93 260.85 2
260.85 262.30 0
262.30 263.52 2
263.52 264.43 0
264.43 267.07 1
267.07 268.06 0
268.06 268.34 1
268.34 268.50 3
268.50 269.79 2
269.79 270.31 3
270.31 270.45 1
270.45 270.83 3
270.83 277.10 2
277.10 277.72 0
277.72 278.17 2
278.17 279.09 0
279.09 281.81 2
281.81 282.37 0
282.37 283.41 1
283.41 284.20 0
284.20 287.16 2
287.16 288.19 0
288.19 292.87 2
292.87 293.11 0
293.11 293.56 1
293.56 293.68 3
293.68 297.08 2
297.08 297.68 0
297.68 300.37 2
300.37 301.18 0
301.18 303.77 2
303.77 305.12 0
305.12 306.22 2
306.22 306.63 0
306.63 307.62 1
307.62 307.84 0
307.84 309.06 2
309.06 309.73 0
309.73 309.97 1
309.97 310.54 3
310.54 312.94 2
312.94 312.97 3
312.97 312.98 1
312.98 313.25 3
313.25 314.34 2
314.34 315.37 0
315.37 316.77 1
316.77 317.91 0
317.91 318.50 2
318.50 318.74 0
318.74 320.60 1
320.60 321.60 0
321.60 322.35 2
322.35 323.48 3
323.48 323.95 1
323.95 324.67 0
324.67 325.17 1
325.17 327.92 3
327.92 328.46 1
328.46 328.76 0
328.76 333.20 2
333.20 334.12 3
334.12 336.51 1
336.51 336.99 3
336.99 339.77 2
339.77 341.05 1
341.05 341.74 0
341.74 342.38 1
342.38 342.88 3
342.88 343.73 1
343.73 344.14 0
344.14 345.89 1
345.89 346.49 0
346.49 346.84 2
346.84 347.69 3
347.69 348.71 1
348.71 349.75 0
349.75 350.57 1
350.57 350.84 3
350.84 351.71 1
351.71 351.77 0
351.77 352.54 1
352.54 353.44 0
353.44 353.95 2
353.95 354.10 3
354.10 354.18 1
354.18 354.29 3
354.29 354.59 2
354.59 355.03 0
355.03 357.52 1
357.52 358.13 3
358.13 358.55 1
358.55 359.28 0
359.28 362.32 1
362.32 363.03 0
363.03 363.38 2
363.38 364.33 3
364.33 364.53 2
364.53 365.32 0
365.32 366.95 2
366.95 367.57 0
367.57 372.64 1
372.64 373.25 2
373.25 373.39 3
373.39 378.54 1
378.54 379.30 0
379.30 379.72 2
379.72 380.03 3
380.03 383.71 1
383.71 384.24 3
384.24 384.96 1
384.96 385.79 0
385.79 387.83 1
387.83 389.18 0
389.18 392.96 2
392.96 393.78 0
393.78 397.68 2
397.68 397.85 0
397.85 397.93 1
397.93 398.39 3
398.39 399.48 2
399.48 400.34 0
400.34 403.30 2
403.30 403.81 0
403.81 404.53 1
404.53 404.63 3
404.63 411.18 2
411.18 411.79 0
411.79 414.18 2
414.18 415.40 0
415.40 416.12 1
416.12 416.16 0
416.16 424.68 2
424.68 426.25 0
426.25 428.66 2
428.66 429.55 0
429.55 431.12 1
431.12 432.13 0
432.13 434.89 2
434.89 434.90 0
434.90 435.61 1
435.61 436.09 0
436.09 437.89 2
437.89 438.27 3
438.27 438.83 1
438.83 439.39 0
439.39 439.42 1
439.42 439.59 3
439.59 439.67 2
439.67 440.55 3
440.55 441.38 1
441.38 441.60 3
441.60 442.10 1
442.10 442.71 0
442.71 442.96 1
442.96 443.47 3
443.47 444.34 2
444.34 444.37 3
444.37 444.78 1
444.78 445.05 3
445.05 446.90 2
446.90 447.24 3
447.24 448.12 1
448.12 448.19 3
448.19 450.10 2
450.10 450.64 0
450.64 452.90 1
452.90 453.49 3
453.49 458.05 2
458.05 459.22 0
459.22 462.03 2
462.03 462.41 3
462.41 469.06 2
469.06 469.15 0
469.15 472.04 2
472.04 472.64 3
472.64 473.68 2
473.68 474.55 0
474.55 475.81 2
475.81 476.89 0
476.89 476.94 1
476.94 477.22 3
477.22 480.05 2
480.05 480.34 0
480.34 480.80 1
480.80 481.09 0
481.09 484.64 2
484.64 485.11 0
485.11 485.81 1
485.81 486.35 0
486.35 493.38 2
493.38 493.88 0
493.88 496.62 2
496.62 497.24 0
497.24 501.00 2
501.00 501.36 0
501.36 502.46 1
502.46 502.84 0
502.84 505.74 2
505.74 506.72 0
506.72 506.74 2
506.74 507.54 3
507.54 508.00 1
508.00 508.37 3
508.37 509.64 2
509.64 510.12 0
510.12 510.42 1
510.42 510.91 3
510.91 513.14 2
513.14 513.25 0
513.25 515.00 1
515.00 515.46 0
515.46 516.08 2
516.08 516.44 3
516.44 519.03 1
519.03 519.80 0
519.80 526.31 1
526.31 526.37 0
526.37 527.18 2
527.18 527.24 3
527.24 529.63 1
529.63 530.78 0
530.78 531.10 2
531.10 532.02 3
532.02 536.47 1
536.47 536.80 3
536.80 537.65 2
537.65 538.31 0
538.31 542.94 1
542.94 543.62 3
543.62 543.81 1
543.81 544.19 0
544.19 545.05 1
545.05 545.86 0
545.86 546.16 1
546.16 546.59 3
546.59 546.66 2
546.66 546.77 3
546.77 549.24 1
549.24 550.61 0
550.61 556.31 1
556.31 556.75 0
556.75 558.92 1
558.92 559.61 0
559.61 560.14 1
560.14 560.53 3
560.53 560.79 2
560.79 561.12 0
561.12 563.10 1
563.10 563.97 0
563.97 564.57 1
564.57 565.66 3
565.66 565.84 1
565.84 565.85 0
565.85 569.26 1
569.26 570.74 0
570.74 571.20 1
571.20 571.96 3
571.96 574.71 1
574.71 575.92 0
575.92 576.47 1
576.47 577.11 3
577.11 578.33 2
578.33 578.49 3
578.49 582.00 1
582.00 583.31 0
583.31 583.49 1
583.49 583.95 3
583.95 584.17 2
584.17 584.71 0
584.71 585.13 1
585.13 586.23 0
586.23 587.11 2
587.11 587.92 3
587.92 588.89 1
588.89 588.93 0
588.93 589.40 2
589.40 589.50 0
589.50 593.82 1
593.82 594.59 0
594.59 597.29 1
597.29 597.63 3
597.63 597.76 2
597.76 598.40 3
598.40 600.25 1
600.25 601.25 0
601.25 601.90 2
601.90 602.21 3
602.21 603.39 1
603.39 603.74 3
603.74 604.12 2
604.12 604.53 0
604.53 605.50 1
605.50 606.67 0
606.67 609.79 1
609.79 610.13 3
610.13 610.55 2
