0.00 0.07 1
0.07 0.38 3
0.38 2.99 1
2.99 4.10 0
4.10 4.60 1
4.60 5.47 0
5.47 6.71 1
6.71 7.45 3
7.45 7.66 1
7.66 7.75 0
7.75 15.52 2
15.52 15.68 0
15.68 16.07 1
16.07 16.11 3
16.11 18.20 2
18.20 18.23 0
18.23 22.90 2
22.90 23.07 0
23.07 23.65 2
23.65 24.28 0
24.28 29.41 2
29.41 29.45 0
29.45 33.27 2
33.27 33.31 0
33.31 35.51 2
35.51 36.01 0
36.01 36.13 2
36.13 36.19 0
36.19 37.41 2
37.41 37.53 0
37.53 37.77 2
37.77 38.05 0
38.05 40.95 2
40.95 40.99 0
40.99 49.22 2
49.22 49.41 0
49.41 53.62 2
53.62 53.67 0
53.67 55.61 2
55.61 56.64 0
56.64 58.15 2
58.15 58.52 0
58.52 59.01 1
59.01 59.02 0
59.02 61.69 2
61.69 62.30 0
62.30 63.00 1
63.00 63.35 0
63.35 65.99 1
65.99 66.35 0
66.35 69.99 2
69.99 70.49 0
70.49 70.94 2
70.94 71.29 0
71.29 73.94 2
73.94 74.40 0
74.40 74.59 1
74.59 74.82 3
74.82 76.41 2
76.41 76.99 3
76.99 78.41 2
78.41 78.53 3
78.53 78.73 2
78.73 79.68 0
79.68 80.73 1
80.73 81.01 0
81.01 81.82 1
81.82 81.98 0
81.98 82.91 1
82.91 83.12 0
83.12 85.45 2
85.45 85.54 0
85.54 89.72 2
89.72 89.76 0
89.76 91.28 2
91.28 91.40 0
91.40 96.34 2
96.34 96.36 0
96.36 102.81 2
102.81 103.18 0
103.18 104.62 2
104.62 105.21 0
105.21 107.19 2
107.19 107.95 0
107.95 111.05 2
111.05 111.10 0
111.10 115.71 2
115.71 115.77 0
115.77 117.71 2
117.71 117.76 0
117.76 120.21 2
120.21 120.27 0
120.27 125.52 2
125.52 125.93 0
125.93 126.12 1
126.12 126.27 3
126.27 130.88 2
130.88 130.89 0
130.89 131.29 2
131.29 131.31 0
131.31 134.44 2
134.44 135.20 0
135.20 138.85 2
138.85 138.96 0
138.96 139.23 2
139.23 139.45 0
139.45 143.02 2
143.02 143.33 0
143.33 145.06 2
145.06 145.10 0
145.10 145.85 2
145.85 145.94 0
145.94 146.61 2
146.61 147.08 0
147.08 147.20 2
147.20 147.33 0
147.33 148.20 2
148.20 148.33 0
148.33 148.96 2
148.96 149.27 0
149.27 152.51 2
152.51 152.85 0
152.85 153.46 2
153.46 153.80 0
153.80 154.21 1
154.21 155.20 0
155.20 155.70 1
155.70 155.91 0
155.91 158.89 1
158.89 158.93 3
158.93 159.25 2
159.25 159.42 0
159.42 159.63 2
159.63 159.76 0
159.76 165.33 2
165.33 165.44 0
165.44 166.24 2
166.24 167.00 0
167.00 169.77 2
169.77 169.95 0
169.95 173.74 2
173.74 174.06 0
174.06 175.63 2
175.63 177.08 0
177.08 177.90 2
177.90 178.10 0
178.10 181.91 2
181.91 182.01 0
182.01 184.53 2
184.53 184.80 3
184.80 184.86 1
184.86 184.98 3
184.98 188.00 2
188.00 188.43 0
188.43 189.16 2
189.16 190.06 0
190.06 193.64 2
193.64 193.67 0
193.67 194.07 2
194.07 194.19 0
194.19 199.43 2
199.43 199.47 0
199.47 201.03 2
201.03 201.11 0
201.11 202.69 2
202.69 202.72 0
202.72 203.81 2
203.81 203.83 0
203.83 205.00 2
205.00 205.20 0
205.20 209.41 2
209.41 209.80 0
209.80 210.15 1
210.15 210.36 3
210.36 213.70 2
213.70 213.78 0
213.78 217.73 2
217.73 217.77 0
217.77 219.05 2
219.05 219.30 0
219.30 219.56 2
219.56 219.89 3
219.89 225.87 2
225.87 225.95 0
225.95 226.51 2
226.51 226.54 0
226.54 228.26 2
228.26 228.80 0
228.80 232.22 2
232.22 232.61 0
232.61 233.14 1
233.14 233.40 0
233.40 233.68 2
233.68 233.78 0
233.78 237.43 2
237.43 237.80 0
237.80 240.57 1
240.57 240.71 3
240.71 242.15 2
242.15 242.29 0
242.29 242.40 2
242.40 242.63 3
242.63 242.70 2
242.70 242.88 3
242.88 243.16 2
243.16 243.20 0
243.20 243.55 2
243.55 243.58 0
243.58 249.73 2
249.73 249.94 0
249.94 250.03 2
250.03 250.50 3
250.50 250.69 1
250.69 250.87 3
250.87 253.83 2
253.83 254.98 0
254.98 258.47 2
258.47 258.56 0
258.56 261.75 2
261.75 261.93 0
261.93 263.89 2
263.89 265.13 0
265.13 265.93 2
265.93 266.30 0
266.30 266.44 2
266.44 266.79 3
266.79 271.48 2
271.48 272.34 0
272.34 274.09 1
274.09 274.16 0
274.16 274.91 2
274.91 275.63 0
275.63 276.16 1
276.16 276.76 0
276.76 277.29 1
277.29 277.71 0
277.71 280.72 1
280.72 280.76 3
280.76 281.03 2
281.03 281.93 0
281.93 282.45 1
282.45 283.03 0
283.03 284.57 1
284.57 284.92 0
284.92 286.08 2
286.08 286.99 0
286.99 287.91 2
287.91 288.18 0
288.18 290.70 1
290.70 290.80 3
290.80 291.06 2
291.06 291.87 0
291.87 292.48 1
292.48 293.62 0
293.62 294.60 1
294.60 295.14 0
295.14 295.62 1
295.62 295.90 0
295.90 297.86 1
297.86 298.19 0
298.19 299.76 1
299.76 299.95 3
299.95 300.15 2
