0.00 2.67 2
2.67 3.00 0
3.00 6.15 2
6.15 6.56 0
6.56 8.28 2
8.28 9.06 0
9.06 9.21 2
9.21 9.35 3
9.35 9.41 2
9.41 9.44 0
9.44 10.55 2
10.55 10.70 0
10.70 10.88 1
10.88 11.20 3
11.20 12.08 2
12.08 12.28 3
12.28 12.43 1
12.43 12.46 0
12.46 13.82 2
13.82 14.22 0
14.22 14.56 1
14.56 14.62 0
14.62 17.32 2
17.32 17.50 0
17.50 18.10 1
18.10 18.24 3
18.24 20.82 2
20.82 21.44 0
21.44 22.11 1
22.11 22.36 3
22.36 23.93 2
23.93 24.16 0
24.16 25.02 1
25.02 26.07 0
26.07 26.30 1
26.30 26.96 3
26.96 27.12 1
27.12 27.44 3
27.44 28.81 2
28.81 30.01 0
30.01 31.31 1
31.31 31.58 0
31.58 32.41 1
32.41 33.12 0
33.12 33.42 2
33.42 33.65 0
33.65 33.67 1
33.67 33.77 3
33.77 34.06 2
34.06 34.22 0
34.22 34.92 1
34.92 35.21 0
35.21 35.77 2
35.77 36.25 0
36.25 38.15 1
38.15 38.38 0
38.38 38.60 1
38.60 39.08 0
39.08 42.75 2
42.75 42.93 0
42.93 43.84 2
43.84 44.18 0
44.18 44.45 1
44.45 44.93 0
44.93 46.09 2
46.09 47.54 0
47.54 47.93 2
47.93 48.73 0
48.73 50.40 2
50.40 50.75 0
50.75 50.80 1
50.80 51.09 3
51.09 52.89 2
52.89 53.01 0
53.01 53.44 1
53.44 53.69 0
53.69 54.03 1
54.03 54.34 0
54.34 56.81 2
56.81 56.85 0
56.85 59.50 2
59.50 59.59 0
59.59 59.76 1
59.76 59.87 3
59.87 62.55 2
62.55 62.80 0
62.80 63.16 1
63.16 63.58 0
63.58 66.33 2
66.33 66.55 0
66.55 67.19 1
67.19 67.40 0
67.40 67.51 2
67.51 67.56 3
67.56 67.95 1
67.95 68.46 3
68.46 68.79 2
68.79 69.03 0
69.03 72.95 2
72.95 73.40 0
73.40 73.47 1
73.47 73.71 3
73.71 75.01 2
75.01 75.05 0
75.05 75.09 1
75.09 75.16 3
75.16 75.55 2
75.55 75.66 0
75.66 76.24 1
76.24 76.77 3
76.77 76.82 2
76.82 76.84 0
76.84 76.95 1
76.95 77.19 3
77.19 79.12 2
79.12 79.52 3
79.52 79.56 1
79.56 80.24 0
80.24 82.81 2
82.81 82.91 0
82.91 86.24 2
86.24 86.47 3
86.47 86.78 1
86.78 87.12 3
87.12 87.38 2
87.38 88.67 0
88.67 89.09 2
89.09 89.37 0
89.37 89.68 1
89.68 89.69 0
89.69 89.88 2
89.88 90.13 0
90.13 90.34 2
90.34 90.53 0
90.53 92.41 2
92.41 92.48 3
92.48 92.80 1
92.80 92.85 0
92.85 93.51 2
93.51 93.69 0
93.69 93.79 1
93.79 94.35 3
94.35 95.03 1
95.03 95.33 0
95.33 95.42 1
95.42 95.52 3
95.52 95.89 2
95.89 95.90 3
95.90 96.22 1
96.22 96.37 3
96.37 96.53 2
96.53 96.56 3
96.56 97.94 1
97.94 98.18 0
98.18 98.37 2
98.37 99.20 0
99.20 99.59 2
99.59 99.91 0
99.91 100.17 1
100.17 100.38 0
100.38 103.02 1
103.02 103.36 0
103.36 106.81 2
106.81 107.00 0
107.00 108.33 2
108.33 108.35 3
108.35 109.56 1
109.56 110.26 0
110.26 112.30 2
112.30 112.41 3
112.41 112.59 1
112.59 113.03 3
113.03 114.74 2
114.74 114.92 0
114.92 115.83 1
115.83 116.19 3
116.19 116.92 2
116.92 117.16 0
117.16 117.53 1
117.53 118.19 0
118.19 118.49 2
118.49 119.14 0
119.14 119.31 1
119.31 119.59 3
119.59 122.92 2
122.92 123.16 0
123.16 123.33 1
123.33 123.54 3
123.54 125.82 2
125.82 126.03 0
126.03 126.96 1
126.96 127.06 0
127.06 132.20 2
132.20 132.49 0
132.49 132.92 1
132.92 133.16 3
133.16 135.87 2
135.87 136.34 3
136.34 137.84 1
137.84 137.88 0
137.88 139.30 2
139.30 139.41 3
139.41 139.69 1
139.69 139.91 3
139.91 140.58 2
140.58 140.62 0
140.62 141.14 1
141.14 141.66 3
141.66 144.39 2
144.39 144.92 0
144.92 145.33 1
145.33 146.30 0
146.30 152.05 2
152.05 152.77 0
152.77 157.31 2
157.31 157.61 0
157.61 157.83 1
157.83 157.86 0
157.86 160.99 2
160.99 161.16 0
161.16 161.56 1
161.56 165.43 2
165.43 165.76 3
165.76 166.11 2
166.11 166.32 0
166.32 168.31 2
168.31 168.46 0
168.46 168.71 1
168.71 168.99 3
168.99 169.11 2
169.11 169.77 0
169.77 175.36 2
175.36 175.93 3
175.93 176.28 2
176.28 176.61 0
176.61 178.46 2
178.46 178.58 3
178.58 178.59 2
178.59 178.71 0
178.71 180.04 2
180.04 180.33 0
180.33 180.69 1
180.69 180.80 0
180.80 185.82 2
185.82 185.87 0
185.87 186.19 1
186.19 186.25 3
186.25 187.96 2
187.96 188.15 3
188.15 189.16 1
189.16 189.51 0
189.51 190.63 2
190.63 191.09 0
191.09 192.20 1
192.20 193.93 3
193.93 194.86 2
194.86 195.28 0
195.28 196.08 1
196.08 196.11 3
196.11 199.96 2
199.96 200.52 0
200.52 204.76 2
204.76 205.18 3
205.18 205.63 1
205.63 206.13 3
206.13 207.12 2
207.12 207.61 3
207.61 207.83 1
207.83 208.41 0
208.41 213.53 2
213.53 213.74 0
213.74 214.16 1
214.16 214.42 3
214.42 216.92 2
216.92 218.37 3
218.37 218.41 1
218.41 218.83 3
218.83 219.02 2
219.02 219.11 3
219.11 219.75 1
219.75 220.06 3
220.06 221.69 2
221.69 221.90 3
221.90 222.15 1
222.15 222.83 3
222.83 225.70 2
225.70 225.91 3
225.91 226.77 1
226.77 227.31 3
227.31 227.82 2
227.82 227.99 0
227.99 230.29 1
230.29 230.37 3
230.37 231.36 2
231.36 231.67 3
231.67 233.66 1
233.66 233.67 0
233.67 233.71 2
233.71 233.95 3
233.95 234.82 1
234.82 235.31 3
235.31 236.14 2
236.14 236.26 3
236.26 239.27 1
239.27 239.58 3
239.58 239.82 2
239.82 240.25 3
240.25 243.80 1
243.80 243.87 0
243.87 246.65 1
246.65 246.97 0
246.97 250.44 1
250.44 250.57 3
250.57 250.83 2
250.83 251.20 0
251.20 252.69 1
252.69 253.14 3
253.14 254.46 2
254.46 254.98 0
254.98 257.54 1
257.54 257.86 0
257.86 258.21 2
258.21 258.35 3
258.35 259.65 2
259.65 260.07 0
260.07 261.62 2
261.62 261.76 0
261.76 264.00 1
264.00 264.86 0
264.86 265.90 1
265.90 266.48 3
266.48 267.39 2
267.39 267.69 3
267.69 269.67 1
269.67 270.09 3
270.09 270.79 2
270.79 270.84 3
270.84 270.98 1
270.98 272.20 3
272.20 273.20 2
273.20 273.64 0
273.64 274.15 1
274.15 274.31 3
274.31 277.32 2
277.32 277.56 0
277.56 277.94 1
277.94 278.11 3
278.11 280.62 2
280.62 280.66 0
280.66 280.76 1
280.76 280.93 3
280.93 283.88 2
283.88 284.03 0
284.03 286.62 2
286.62 286.90 3
286.90 289.90 1
289.90 290.28 0
290.28 292.92 2
292.92 293.22 0
293.22 296.60 2
296.60 296.95 3
296.95 297.47 1
297.47 297.82 0
297.82 300.04 2
