0.00 0.33 2
0.33 0.57 3
0.57 4.17 2
4.17 4.50 0
4.50 4.58 1
4.58 4.68 3
4.68 8.27 2
8.27 8.86 0
8.86 11.15 2
11.15 11.74 0
11.74 12.30 2
12.30 12.65 0
12.65 14.93 2
14.93 15.43 0
15.43 19.25 2
19.25 19.76 0
19.76 22.46 2
22.46 23.11 0
23.11 24.56 2
24.56 24.59 0
24.59 26.14 2
26.14 27.05 0
27.05 30.42 2
30.42 31.03 0
31.03 32.46 2
32.46 32.73 0
32.73 34.56 2
34.56 34.95 0
34.95 37.50 2
37.50 38.23 0
38.23 40.65 2
40.65 40.92 0
40.92 46.12 2
46.12 46.34 0
46.34 47.15 1
47.15 47.80 0
47.80 50.36 1
50.36 51.42 0
51.42 53.37 2
53.37 53.48 0
53.48 56.12 1
56.12 57.17 0
57.17 58.45 2
58.45 59.01 0
59.01 62.31 2
62.31 62.64 0
62.64 64.71 2
64.71 65.14 0
65.14 69.98 2
69.98 70.62 0
70.62 72.43 1
72.43 72.73 3
72.73 73.36 2
73.36 73.48 3
73.48 74.46 1
74.46 74.94 3
74.94 75.05 1
75.05 75.16 0
75.16 78.37 1
78.37 78.98 0
78.98 79.42 2
79.42 79.83 0
79.83 80.23 1
80.23 80.47 3
80.47 81.02 2
81.02 81.23 0
81.23 86.69 1
86.69 87.05 0
87.05 91.12 1
91.12 91.24 0
91.24 95.07 1
95.07 95.79 0
95.79 96.52 2
96.52 96.63 3
96.63 98.68 1
98.68 98.79 0
98.79 99.48 1
99.48 99.97 3
99.97 100.47 1
100.47 100.96 0
100.96 102.65 1
102.65 103.39 0
103.39 103.90 1
103.90 104.30 0
104.30 105.62 1
105.62 106.00 0
106.00 107.12 1
107.12 107.42 3
107.42 112.53 1
112.53 113.91 0
113.91 116.73 2
116.73 117.31 0
117.31 119.03 2
119.03 119.64 0
119.64 122.60 2
122.60 123.64 0
123.64 125.19 2
125.19 125.33 0
125.33 125.72 1
125.72 127.00 3
127.00 128.46 2
128.46 128.58 3
128.58 129.08 1
129.08 129.59 3
129.59 131.37 2
131.37 131.58 0
131.58 135.99 1
135.99 136.50 0
136.50 139.17 1
139.17 139.57 0
139.57 142.27 1
142.27 142.81 0
142.81 143.50 2
143.50 143.61 3
143.61 144.32 1
144.32 144.71 0
144.71 146.64 1
146.64 146.95 0
146.95 151.83 1
151.83 152.23 0
152.23 152.66 1
152.66 153.05 3
153.05 154.85 1
154.85 155.14 0
155.14 157.58 1
157.58 158.10 0
158.10 160.86 1
160.86 161.72 0
161.72 162.40 2
162.40 162.54 3
162.54 163.54 1
163.54 163.67 0
163.67 165.95 1
165.95 166.39 0
166.39 168.63 1
168.63 169.45 0
169.45 175.10 1
175.10 175.55 0
175.55 178.14 1
178.14 178.61 0
178.61 179.23 1
179.23 180.31 3
180.31 184.14 2
184.14 186.79 0
186.79 189.28 2
189.28 189.40 0
189.40 189.54 2
189.54 189.69 3
189.69 189.97 1
189.97 190.06 3
190.06 191.17 2
191.17 192.26 0
192.26 192.28 1
192.28 192.83 3
192.83 194.71 2
194.71 195.06 0
195.06 198.32 2
198.32 199.09 0
199.09 199.34 2
199.34 199.92 3
199.92 199.99 1
199.99 200.60 0
200.60 205.82 2
205.82 205.99 0
205.99 207.89 2
207.89 208.01 3
208.01 208.60 1
208.60 208.83 3
208.83 212.29 2
212.29 212.68 0
212.68 215.08 2
215.08 215.67 0
215.67 219.59 2
219.59 220.32 0
220.32 223.36 1
223.36 224.13 0
224.13 224.17 2
224.17 224.64 3
224.64 225.01 1
225.01 225.15 3
225.15 227.66 2
227.66 227.85 0
227.85 228.57 1
228.57 228.78 3
228.78 229.78 1
229.78 230.30 3
230.30 232.06 2
232.06 232.56 0
232.56 234.55 2
234.55 234.88 0
234.88 235.17 1
235.17 235.52 3
235.52 240.32 2
240.32 241.04 0
241.04 244.52 2
244.52 244.74 0
244.74 245.11 1
245.11 245.45 0
245.45 247.42 2
247.42 247.69 0
247.69 248.14 1
248.14 248.56 3
248.56 249.65 2
249.65 249.83 3
249.83 252.13 1
252.13 252.60 3
252.60 252.98 2
252.98 253.60 3
253.60 256.76 1
256.76 256.81 0
256.81 259.86 1
259.86 260.55 0
260.55 260.80 2
260.80 260.83 0
260.83 261.56 1
261.56 262.08 0
262.08 266.24 2
266.24 266.64 0
266.64 267.84 2
267.84 268.23 0
268.23 272.49 2
272.49 272.66 3
272.66 274.05 1
274.05 274.66 0
274.66 274.87 2
274.87 275.45 0
275.45 276.24 1
276.24 276.97 0
276.97 276.99 2
276.99 277.25 3
277.25 277.55 1
277.55 277.65 3
277.65 278.35 2
278.35 278.83 0
278.83 282.80 2
282.80 283.11 0
283.11 287.59 2
287.59 288.09 0
288.09 288.16 1
288.16 288.37 3
288.37 288.53 1
288.53 288.88 3
288.88 292.41 2
292.41 292.55 3
292.55 292.96 1
292.96 293.55 3
293.55 293.92 2
293.92 294.71 0
294.71 301.02 1
