0.00 1.93 2
1.93 2.00 0
2.00 2.52 1
2.52 2.75 3
2.75 2.86 1
2.86 3.11 3
3.11 3.72 2
3.72 4.34 0
4.34 6.86 2
6.86 7.00 0
7.00 7.05 1
7.05 7.35 3
7.35 8.03 2
8.03 8.26 0
8.26 9.21 2
9.21 9.36 0
9.36 10.58 2
10.58 10.94 0
10.94 12.38 2
12.38 12.61 0
12.61 14.74 2
14.74 15.00 0
15.00 20.02 2
20.02 20.42 0
20.42 24.78 2
24.78 25.51 0
25.51 25.75 1
25.75 26.01 0
26.01 26.31 1
26.31 26.46 0
26.46 28.24 1
28.24 29.72 0
29.72 30.16 2
30.16 30.75 0
30.75 31.38 1
31.38 32.38 0
32.38 32.86 2
32.86 33.64 0
33.64 34.52 1
34.52 34.68 0
34.68 37.03 1
37.03 38.57 0
38.57 39.41 2
39.41 39.74 0
39.74 42.30 2
42.30 42.56 0
42.56 42.87 1
42.87 43.55 3
43.55 43.68 2
43.68 44.75 0
44.75 45.38 2
45.38 45.48 0
45.48 45.73 1
45.73 45.88 3
45.88 48.72 1
48.72 49.03 0
49.03 50.09 1
50.09 50.52 3
50.52 51.87 2
51.87 52.01 3
52.01 52.17 1
52.17 52.68 3
52.68 54.11 2
54.11 54.48 0
54.48 54.90 1
54.90 55.67 3
55.67 56.53 2
56.53 56.71 0
56.71 57.13 2
57.13 57.32 0
57.32 61.28 2
61.28 61.44 0
61.44 61.91 2
61.91 62.10 0
62.10 63.26 2
63.26 63.45 0
63.45 66.77 2
66.77 66.90 0
66.90 67.39 2
67.39 68.60 0
68.60 71.82 2
71.82 71.93 0
71.93 72.44 2
72.44 72.59 0
72.59 73.91 2
73.91 74.22 0
74.22 77.88 2
77.88 78.53 3
78.53 78.89 2
78.89 78.99 3
78.99 79.70 1
79.70 79.88 3
79.88 81.98 1
81.98 82.27 3
82.27 82.46 2
82.46 82.60 0
82.60 83.01 2
83.01 83.33 3
83.33 84.80 1
84.80 85.02 3
85.02 85.25 2
85.25 85.47 0
85.47 85.74 1
85.74 85.75 3
85.75 86.18 2
86.18 86.53 0
86.53 87.48 1
87.48 88.40 0
88.40 88.87 1
88.87 89.40 0
89.40 89.84 1
89.84 90.49 3
90.49 94.26 2
94.26 94.41 3
94.41 94.64 1
94.64 95.27 0
95.27 95.53 1
95.53 96.04 3
96.04 96.08 2
96.08 96.46 0
96.46 97.59 2
97.59 97.73 0
97.73 97.87 2
97.87 98.01 0
98.01 99.09 2
99.09 99.24 0
99.24 101.27 2
101.27 101.48 0
101.48 101.92 2
101.92 102.67 0
102.67 104.80 2
104.80 105.32 0
105.32 112.81 2
112.81 112.98 0
112.98 113.54 2
113.54 114.30 0
114.30 114.58 2
114.58 115.36 0
115.36 118.58 2
118.58 118.72 0
118.72 121.35 2
121.35 121.53 0
121.53 121.97 2
121.97 122.88 0
122.88 124.20 2
124.20 124.33 0
124.33 126.51 2
126.51 126.79 0
126.79 128.72 2
128.72 128.84 0
128.84 128.92 2
128.92 129.20 3
129.20 132.02 2
132.02 132.22 0
132.22 132.82 2
132.82 133.14 0
133.14 133.39 2
133.39 133.98 0
133.98 135.77 2
135.77 136.18 0
136.18 140.07 2
140.07 140.22 0
140.22 141.58 2
141.58 141.85 0
141.85 143.77 2
143.77 143.92 0
143.92 144.17 2
144.17 144.33 0
144.33 144.79 2
144.79 145.66 3
145.66 146.67 1
146.67 147.20 0
147.20 147.81 2
147.81 147.92 0
147.92 149.89 1
149.89 150.27 3
150.27 152.80 2
152.80 153.20 0
153.20 153.91 1
153.91 154.38 0
154.38 155.13 1
155.13 156.25 0
156.25 156.91 2
156.91 156.97 3
156.97 157.15 1
157.15 157.32 0
157.32 160.65 2
160.65 160.77 0
160.77 162.06 2
162.06 162.20 1
162.20 163.18 3
163.18 163.48 1
163.48 163.93 0
163.93 165.35 2
165.35 165.56 0
165.56 165.79 1
165.79 165.84 0
165.84 166.06 2
166.06 166.60 0
166.60 166.90 1
166.90 166.94 0
166.94 169.36 2
169.36 169.93 3
169.93 172.04 1
172.04 174.09 0
174.09 174.70 2
174.70 174.97 0
174.97 176.55 1
176.55 177.85 0
177.85 178.28 1
178.28 178.50 0
178.50 180.03 1
180.03 181.85 0
181.85 183.11 2
183.11 184.39 0
184.39 185.27 1
185.27 185.48 0
185.48 187.65 2
187.65 187.69 0
187.69 188.17 1
188.17 188.42 0
188.42 189.52 1
189.52 192.42 0
192.42 193.14 2
193.14 193.54 0
193.54 194.27 1
194.27 194.52 0
194.52 194.97 1
194.97 195.15 3
195.15 196.52 2
196.52 197.10 3
197.10 197.41 1
197.41 197.93 3
197.93 198.10 1
198.10 198.33 3
198.33 200.93 2
200.93 201.09 0
201.09 201.85 2
201.85 202.81 0
202.81 204.23 1
204.23 204.70 0
204.70 205.09 1
205.09 205.34 0
205.34 207.26 1
207.26 208.17 0
208.17 212.97 2
212.97 213.10 0
213.10 213.34 2
213.34 213.48 0
213.48 214.47 2
214.47 215.19 0
215.19 216.22 2
216.22 216.29 0
216.29 218.18 2
218.18 218.66 0
218.66 219.06 1
219.06 219.47 3
219.47 219.64 1
219.64 220.33 0
220.33 221.15 1
221.15 222.25 0
222.25 222.96 2
222.96 223.47 0
223.47 224.32 2
224.32 224.34 0
224.34 224.47 1
224.47 224.53 3
224.53 225.60 2
225.60 225.69 0
225.69 225.93 2
225.93 226.86 3
226.86 229.77 1
229.77 229.85 0
229.85 233.47 2
233.47 233.64 0
233.64 235.40 2
235.40 235.55 0
235.55 235.93 2
235.93 236.06 0
236.06 237.10 2
237.10 237.32 0
237.32 238.34 2
238.34 238.76 0
238.76 240.48 2
240.48 240.84 0
240.84 241.27 2
241.27 242.90 0
242.90 245.63 2
245.63 246.20 0
246.20 246.38 1
246.38 247.19 3
247.19 247.60 2
247.60 247.98 3
247.98 248.26 1
248.26 248.44 0
248.44 250.42 1
250.42 250.79 0
250.79 252.68 1
252.68 253.25 3
253.25 254.97 2
254.97 255.06 0
255.06 259.52 2
259.52 259.94 0
259.94 260.22 1
260.22 260.85 3
260.85 260.89 2
260.89 261.08 0
261.08 261.78 1
261.78 262.28 0
262.28 262.97 2
262.97 263.16 0
263.16 265.51 2
265.51 266.15 0
266.15 269.86 1
269.86 271.55 0
271.55 271.84 1
271.84 272.76 0
272.76 274.91 1
274.91 275.49 0
275.49 276.42 2
276.42 276.46 0
276.46 276.89 1
276.89 277.51 0
277.51 278.72 2
278.72 279.00 0
279.00 279.49 1
279.49 280.11 0
280.11 283.27 1
283.27 285.22 0
285.22 286.27 2
286.27 287.97 0
287.97 288.18 2
288.18 288.30 0
288.30 296.13 2
296.13 296.22 0
296.22 296.50 2
296.50 297.41 0
297.41 297.90 2
297.90 299.70 0
299.70 300.26 2
