0	0.01	0
0.01	2.5	1
2.5	2.6	3
2.6	3.8	1
3.8	3.9	3
3.9	6.33	1
6.33	6.84	0
6.84	7.3	2
7.3	7.4	3
7.4	7.7	2
7.7	7.8	3
7.8	7.9	2
7.9	8	3
8	8.16	2
8.16	9.18	1
9.18	10.2	2
10.2	11.22	1
11.22	16.83	2
16.83	17.34	0
17.34	19.89	2
19.89	20.4	0
20.4	21.42	1
21.42	24.48	2
24.48	24.99	0
24.99	31.62	2
31.62	32.13	0
32.13	33.4	2
33.4	33.5	3
33.5	34.27	2
34.27	34.78	0
34.78	35.8	1
35.8	36.82	2
36.82	37.33	1
37.33	43.45	2
43.45	44.47	1
44.47	46.51	2
46.51	47.02	1
47.02	48.04	2
48.04	48.55	0
48.55	51.61	2
51.61	52.12	1
52.12	55.18	2
55.18	55.69	1
55.69	56.2	2
56.2	57.22	1
57.22	59.1	2
59.1	59.2	3
59.2	60.3	2
60.3	60.4	3
60.4	64.05	2
64.05	64.56	1
64.56	67.62	2
67.62	68.13	1
68.13	75.78	2
75.78	77.31	1
77.31	77.82	2
77.82	78.33	1
78.33	80.37	2
80.37	80.88	0
80.88	88.02	2
88.02	89.04	1
89.04	90.06	2
90.06	90.4	1
90.4	90.5	3
90.5	91	1
91	91.7	3
91.7	91.8	1
91.8	91.9	3
91.9	93	1
93	95.04	2
95.04	95.55	0
95.55	97.59	2
97.59	99.63	1
99.63	101.5	2
101.5	101.6	3
101.6	104.8	2
104.8	105	3
105	108.09	2
108.09	108.6	0
108.6	110.13	1
110.13	111.2	2
111.2	111.3	3
111.3	113.8	2
113.8	115.33	1
115.33	116.35	2
116.35	116.86	1
116.86	118.9	2
118.9	119.41	0
119.41	119.5	1
119.5	119.6	3
119.6	123.08	1
123.08	126.6	2
126.6	126.7	3
126.7	126.75	2
126.75	127.26	1
127.26	134.4	2
134.4	134.91	1
134.91	136.95	2
136.95	137.46	0
137.46	137.97	1
137.97	138.99	2
138.99	140.52	1
140.52	141.03	2
141.03	141.54	1
141.54	146.3	2
146.3	146.4	3
146.4	147.25	2
147.25	148.78	1
148.78	149.29	2
149.29	149.8	1
149.8	150.31	2
150.31	150.82	0
150.82	153.88	2
153.88	154.39	0
154.39	156.94	2
156.94	157.2	1
157.2	157.3	3
157.3	157.55	1
157.55	158.06	0
158.06	158.57	2
158.57	159.9	1
159.9	160.1	3
160.1	160.8	1
160.8	161	3
161	161.52	1
161.52	168.8	2
168.8	168.9	3
168.9	170.5	2
170.5	170.7	3
170.7	171.4	2
171.4	171.5	3
171.5	176.2	2
176.2	176.71	0
176.71	177.5	1
177.5	177.6	3
177.6	178.34	1
178.34	178.85	2
178.85	179.36	1
179.36	180.38	2
180.38	180.89	1
180.89	181.91	2
181.91	182.42	0
182.42	185.5	2
185.5	185.6	3
185.6	187.11	2
187.11	188.13	1
188.13	195.7	2
195.7	195.8	3
195.8	196.1	2
196.1	196.2	3
196.2	196.4	2
196.4	196.5	3
196.5	197.61	2
197.61	198.12	0
198.12	199.14	2
199.14	199.65	1
199.65	200.67	2
200.67	202.2	1
202.2	202.71	2
202.71	204.24	1
204.24	207.2	2
207.2	207.3	3
207.3	207.4	2
207.4	207.91	0
207.91	209.95	2
209.95	210.46	1
210.46	212.7	2
212.7	212.9	3
212.9	214.3	2
214.3	214.4	3
214.4	216.88	2
216.88	217.39	1
217.39	217.9	2
217.9	220.45	1
220.45	220.96	2
220.96	221.98	1
221.98	223	2
223	223.3	1
223.3	223.4	3
223.4	223.61	1
223.61	224.63	2
224.63	226.16	1
226.16	226.7	2
226.7	226.8	3
226.8	227.28	2
227.28	227.8	1
227.8	228	3
228	228.5	1
228.5	229.9	2
229.9	230	3
230	230.13	2
230.13	230.7	1
230.7	231.1	3
231.1	231.55	1
231.55	232.06	2
232.06	233.6	1
233.6	233.7	3
233.7	234.2	1
234.2	236.75	2
236.75	237	1
237	237.1	3
237.1	237.36	1
237.36	237.87	2
237.87	238.38	1
238.38	239.91	2
239.91	240.42	1
240.42	241.95	2
241.95	242.1	1
242.1	242.2	3
242.2	242.4	1
242.4	242.5	3
242.5	246.74	1
246.74	247.25	0
247.25	248.78	1
248.78	249.29	0
249.29	251.84	1
251.84	252.3	0
252.3	252.7	3
252.7	252.75	0
252.75	254.28	2
254.28	254.3	1
254.3	254.5	3
254.5	255.3	1
255.3	255.4	3
255.4	257.64	1
257.64	258.15	0
258.15	258.66	1
258.66	259.17	0
259.17	260.19	1
260.19	261.5	2
261.5	261.6	3
261.6	262.33	2
262.33	263	1
263	263.1	3
263.1	263.7	1
263.7	263.8	3
263.8	264.2	1
264.2	264.3	3
264.3	264.4	1
264.4	264.5	3
264.5	264.77	1
264.77	265.79	2
265.79	266.1	1
266.1	266.3	3
266.3	268.3	1
268.3	268.6	3
268.6	269	1
269	269.1	3
269.1	271.5	1
271.5	271.7	3
271.7	272.2	1
272.2	272.7	2
272.7	272.8	3
272.8	273	2
273	273.1	3
273.1	274.44	2
274.44	274.95	1
274.95	275.1	2
275.1	275.2	3
275.2	276.07	2
276.07	276.7	1
276.7	276.8	3
276.8	277.7	1
277.7	278.21	0
278.21	278.72	1
278.72	279.23	2
279.23	279.6	1
279.6	279.7	3
279.7	280.35	1
280.35	281.37	2
281.37	281.9	1
281.9	282.1	3
282.1	282.3	1
282.3	282.4	3
282.4	282.9	1
282.9	283	3
283	283.3	1
283.3	283.4	3
283.4	284.42	1
284.42	285.44	2
285.44	285.95	0
285.95	287.48	1
287.48	289.01	2
289.01	289.1	1
289.1	289.2	3
289.2	289.3	1
289.3	289.4	3
289.4	289.72	1
289.72	293.29	2
293.29	293.8	0
293.8	294.31	1
294.31	295.84	2
295.84	296.35	0
296.35	296.86	1
296.86	297.37	2
297.37	298.9	1
298.9	301.45	2
301.45	301.96	0
301.96	309.61	2
309.61	310.4	1
310.4	310.5	3
310.5	311.24	1
311.24	313.79	2
313.79	313.9	1
313.9	314	3
314	314.4	1
314.4	314.91	0
314.91	315.93	1
315.93	316.44	2
316.44	317.1	1
317.1	317.2	3
317.2	319.5	1
319.5	319.6	3
319.6	319.7	1
319.7	320.21	2
320.21	320.72	1
320.72	321.23	2
321.23	321.74	1
321.74	323.27	2
323.27	324	1
324	324.3	3
324.3	324.4	1
324.4	324.5	3
324.5	325.71	1
325.71	325.9	2
325.9	326.3	3
326.3	328.66	2
328.66	329.17	0
329.17	331.21	1
331.21	333.6	2
333.6	333.7	3
333.7	334.7	2
334.7	334.8	3
334.8	338.55	2
338.55	339.06	1
339.06	341.1	2
341.1	341.61	0
341.61	342.12	1
342.12	350.28	2
350.28	351.3	1
351.3	352.83	2
352.83	353.85	1
353.85	363.03	2
363.03	363.54	1
363.54	364.56	2
364.56	365.07	1
365.07	369.66	2
369.66	370.17	1
370.17	374.25	2
374.25	374.76	0
374.76	378.84	2
378.84	379.1	1
379.1	379.2	3
379.2	379.45	1
379.45	387.61	2
387.61	388.12	0
388.12	388.63	2
388.63	389.14	1
389.14	390.16	2
390.16	390.67	1
390.67	397.3	2
397.3	397.81	1
397.81	402.4	2
402.4	403.42	1
403.42	406.9	2
406.9	407	3
407	418.31	2
418.31	418.82	1
418.82	421.2	2
421.2	421.3	3
421.3	421.7	2
421.7	421.8	3
421.8	422	2
422	422.1	3
422.1	422.69	2
422.69	423.2	1
423.2	423.4	3
423.4	424.9	1
424.9	425	3
425	425.03	1
425.03	425.54	2
425.54	425.9	1
425.9	426	3
426	427.17	1
427.17	427.9	2
427.9	428.1	3
428.1	429.4	2
429.4	429.5	3
429.5	430.5	2
430.5	430.7	3
430.7	431.75	2
431.75	432.26	1
432.26	433.28	2
433.28	433.6	1
433.6	433.7	3
433.7	436.95	1
436.95	438.48	2
438.48	439.5	1
439.5	440.6	2
440.6	440.7	3
440.7	443.68	2
443.68	444.19	0
444.19	445.21	1
445.21	447.1	2
447.1	447.4	3
447.4	447.55	2
447.55	449.08	1
449.08	449.4	2
449.4	449.5	3
449.5	451.73	2
451.73	452.24	1
452.24	459.89	2
459.89	460.1	1
460.1	460.2	3
460.2	461.01	1
461.01	462.03	2
462.03	462.54	0
462.54	465.6	2
465.6	465.9	1
465.9	466	3
466	468.2	1
468.2	468.3	3
468.3	468.4	1
468.4	468.5	3
468.5	468.9	1
468.9	469.3	3
469.3	469.36	1
469.36	469.87	2
469.87	470.2	1
470.2	470.3	3
470.3	470.4	1
470.4	470.5	3
470.5	470.58	1
470.58	471.6	2
471.6	471.7	3
471.7	473.23	1
473.23	473.74	2
473.74	476.29	1
476.29	477.2	2
477.2	477.3	3
477.3	477.5	2
477.5	477.6	3
477.6	477.8	2
477.8	477.9	3
477.9	480.6	2
480.6	480.7	3
480.7	481.28	2
481.28	486.8	1
486.8	487	3
487	487.09	1
487.09	487.6	2
487.6	487.7	1
487.7	487.8	3
487.8	489.74	1
489.74	490.4	2
490.4	490.5	3
490.5	490.86	2
490.86	491.37	1
491.37	492.9	2
492.9	494.43	1
494.43	496.2	2
496.2	496.3	3
496.3	497.08	2
497.08	497.59	0
497.59	498.1	2
498.1	500.14	1
500.14	500.65	2
500.65	501.16	0
501.16	505.1	1
505.1	505.2	3
505.2	505.85	1
505.85	506.36	2
506.36	507.3	1
507.3	507.4	3
507.4	510.54	1
510.54	511.05	2
511.05	516.1	1
516.1	516.2	3
516.2	516.3	1
516.3	516.5	3
516.5	517.98	1
517.98	519.4	2
519.4	519.8	3
519.8	519.91	2
519.91	525.1	1
525.1	525.2	3
525.2	525.62	1
525.62	525.9	2
525.9	526.1	3
526.1	526.84	2
526.84	527.35	1
527.35	528.2	2
528.2	528.3	3
528.3	530	2
530	530.4	1
530.4	530.5	3
530.5	531.63	1
531.63	534.2	2
534.2	534.3	3
534.3	536.1	2
536.1	536.4	3
536.4	536.62	2
536.62	538.66	1
538.66	539.68	2
539.68	540.19	0
540.19	540.3	1
540.3	540.4	3
540.4	540.5	1
540.5	540.6	3
540.6	540.7	1
540.7	540.8	3
540.8	541.51	1
541.51	541.6	2
541.6	541.7	3
541.7	544.67	2
544.67	547.22	1
547.22	548.7	2
548.7	548.8	3
548.8	550	2
550	550.1	3
550.1	550.48	2
550.48	550.99	1
550.99	551.5	0
551.5	553.03	1
553.03	554	2
554	554.1	3
554.1	554.66	2
554.66	555.7	1
555.7	555.8	3
555.8	556	1
556	556.1	3
556.1	558.3	1
558.3	558.5	3
558.5	558.6	1
558.6	558.7	3
558.7	558.73	1
558.73	559.24	2
559.24	560.6	1
560.6	560.7	3
560.7	561.3	1
561.3	561.4	3
561.4	563.01	1
563.01	564.03	0
564.03	564.9	1
564.9	565	3
565	568.21	1
568.21	568.5	2
568.5	568.6	3
568.6	569.33	2
569.33	569.9	1
569.9	570.1	3
570.1	571.57	1
571.57	571.9	2
571.9	572.2	3
572.2	574	2
574	574.1	3
574.1	577.7	2
577.7	577.9	3
577.9	580.84	2
580.84	581.35	0
581.35	581.86	2
581.86	582.37	0
582.37	586.45	2
586.45	589	1
589	589.1	3
589.1	589.2	1
589.2	589.3	3
589.3	589.71	1
589.71	592.77	2
592.77	593.1	1
593.1	593.2	3
593.2	595.42	1
595.42	596.44	2
596.44	596.95	1
596.95	599.5	2
599.5	600.96	1
