0	0.01	0
0.01	0.1	2
0.1	0.2	3
0.2	1	2
1	1.1	3
1.1	1.3	2
1.3	1.4	3
1.4	2.35	2
2.35	3.37	0
3.37	3.7	1
3.7	3.8	3
3.8	7.55	1
7.55	7.6	2
7.6	7.7	3
7.7	8.6	2
8.6	8.7	3
8.7	8.77	2
8.77	10.81	1
10.81	12.2	2
12.2	12.4	3
12.4	15.09	2
15.09	15.6	0
15.6	17.64	2
17.64	18.66	0
18.66	20.7	1
20.7	21.2	2
21.2	21.4	3
21.4	22.9	2
22.9	23	3
23	23.2	2
23.2	23.3	3
23.3	23.8	2
23.8	24	3
24	25	2
25	25.1	3
25.1	27.01	2
27.01	28.03	0
28.03	28.54	1
28.54	28.7	2
28.7	28.8	3
28.8	29.2	2
29.2	29.3	3
29.3	31.7	2
31.7	31.8	3
31.8	34.96	2
34.96	35.47	0
35.47	37.51	2
37.51	38.02	0
38.02	38.8	2
38.8	38.9	3
38.9	39.6	2
39.6	39.7	3
39.7	43.3	2
43.3	43.4	3
43.4	45.3	2
45.3	45.4	3
45.4	46.2	2
46.2	46.3	3
46.3	48	2
48	48.1	3
48.1	49.5	2
49.5	49.6	3
49.6	50	2
50	50.1	3
50.1	51.3	2
51.3	51.4	3
51.4	52.18	2
52.18	52.69	0
52.69	53.2	2
53.2	53.3	3
53.3	57.4	2
57.4	57.5	3
57.5	61.1	2
61.1	61.3	3
61.3	62	2
62	62.1	3
62.1	63.4	2
63.4	63.5	3
63.5	66.1	2
66.1	66.2	3
66.2	66.4	2
66.4	66.5	3
66.5	67.3	2
67.3	67.4	3
67.4	67.9	2
67.9	68	3
68	69.5	2
69.5	70.6	1
70.6	70.8	3
70.8	71.2	1
71.2	71.3	3
71.3	72.2	1
72.2	72.4	3
72.4	72.5	1
72.5	72.8	3
72.8	72.85	1
72.85	73	2
73	73.1	3
73.1	73.2	2
73.2	73.4	3
73.4	75.19	2
75.19	76.21	1
76.21	76.72	2
76.72	78.76	1
78.76	78.9	2
78.9	79	3
79	79.2	2
79.2	79.3	3
79.3	81.2	2
81.2	81.3	3
81.3	81.8	2
81.8	81.9	3
81.9	86.6	2
86.6	86.7	3
86.7	87.8	2
87.8	87.9	3
87.9	88.4	2
88.4	88.5	3
88.5	88.64	2
88.64	89.15	0
89.15	89.8	2
89.8	89.9	3
89.9	91.6	2
91.6	91.7	3
91.7	91.9	2
91.9	92.41	0
92.41	93.1	2
93.1	93.2	3
93.2	93.4	2
93.4	93.5	3
93.5	94.1	2
94.1	94.2	3
94.2	96.5	2
96.5	96.6	3
96.6	97.2	2
97.2	97.3	3
97.3	97.4	2
97.4	97.5	3
97.5	100.8	2
100.8	101	3
101	102.5	2
102.5	102.6	3
102.6	102.9	2
102.9	103	3
103	105.2	2
105.2	105.4	3
105.4	110.6	2
110.6	110.8	3
110.8	115.23	2
115.23	115.74	0
115.74	116.25	1
116.25	116.6	2
116.6	116.7	3
116.7	119.2	2
119.2	119.3	3
119.3	126.8	2
126.8	127	3
127	127.1	2
127.1	127.2	3
127.2	128.8	2
128.8	128.9	3
128.9	132.66	2
132.66	134.19	0
134.19	135.21	2
135.21	135.3	1
135.3	135.4	3
135.4	135.82	1
135.82	136.33	0
136.33	141.43	1
141.43	141.94	0
141.94	142.4	2
142.4	142.6	3
142.6	142.8	2
142.8	142.9	3
142.9	143.7	2
143.7	143.8	3
143.8	144.9	2
144.9	145.1	3
145.1	147.1	2
147.1	147.2	3
147.2	148.1	2
148.1	148.2	3
148.2	148.35	2
148.35	148.86	0
148.86	149.2	2
149.2	149.3	3
149.3	149.7	2
149.7	149.8	3
149.8	150.3	2
150.3	150.4	3
150.4	151.7	2
151.7	151.8	3
151.8	151.81	2
151.81	152.32	1
152.32	153	2
153	153.1	3
153.1	153.3	2
153.3	153.5	3
153.5	153.7	2
153.7	153.8	3
153.8	154.5	2
154.5	154.9	3
154.9	155.4	2
155.4	155.5	3
155.5	155.8	2
155.8	155.9	3
155.9	157.4	2
157.4	157.5	3
157.5	158.8	2
158.8	158.9	3
158.9	164.1	2
164.1	164.2	3
164.2	165.1	2
165.1	165.4	3
165.4	167	2
167	167.1	3
167.1	168.81	2
168.81	169.32	0
169.32	170.34	2
170.34	174.42	0
174.42	175.44	2
175.44	175.95	0
175.95	176.97	1
176.97	177.48	2
177.48	177.8	1
177.8	178.1	3
178.1	179.31	1
179.31	180.3	2
180.3	180.4	3
180.4	180.43	2
180.43	187.57	1
187.57	188.08	0
188.08	199.81	1
199.81	200.32	0
200.32	202.87	1
202.87	203.38	0
203.38	207.46	1
207.46	208.2	2
208.2	208.3	3
208.3	210.1	2
210.1	210.2	3
210.2	211	2
211	211.1	3
211.1	213.6	2
213.6	213.7	3
213.7	214.8	2
214.8	214.9	3
214.9	215	2
215	215.1	3
215.1	217.4	2
217.4	217.5	3
217.5	218.8	2
218.8	218.9	3
218.9	220.5	2
220.5	220.6	3
220.6	220.8	2
220.8	220.9	3
220.9	222.7	2
222.7	222.9	3
222.9	223.3	2
223.3	223.4	3
223.4	224	2
224	224.1	3
224.1	227.2	2
227.2	227.4	3
227.4	228.1	2
228.1	228.4	3
228.4	231.4	2
231.4	231.5	3
231.5	232.4	2
232.4	232.6	3
232.6	233.8	2
233.8	233.9	3
233.9	237.5	2
237.5	237.6	3
237.6	237.91	2
237.91	238.93	0
238.93	239.44	1
239.44	240.5	2
240.5	240.6	3
240.6	242.9	2
242.9	243	3
243	244	2
244	244.1	3
244.1	244.6	2
244.6	244.7	3
244.7	248.51	2
248.51	248.7	1
248.7	248.8	3
248.8	250.65	1
250.65	251.1	2
251.1	251.2	3
251.2	251.4	2
251.4	251.5	3
251.5	252.7	2
252.7	252.8	3
252.8	252.9	2
252.9	253.2	3
253.2	253.29	2
253.29	253.8	0
253.8	254.1	2
254.1	254.2	3
254.2	254.7	2
254.7	254.8	3
254.8	254.9	2
254.9	255	3
255	255.6	2
255.6	255.8	3
255.8	255.9	2
255.9	256	3
256	258.48	2
258.48	258.99	0
258.99	259.5	1
259.5	262.5	2
262.5	262.6	3
262.6	264.4	2
264.4	264.6	3
264.6	264.9	2
264.9	265	3
265	268	2
268	268.1	3
268.1	268.3	2
268.3	268.4	3
268.4	268.5	2
268.5	268.6	3
268.6	269.4	2
269.4	269.5	3
269.5	269.8	2
269.8	269.9	3
269.9	270.7	2
270.7	270.8	3
270.8	274.27	2
274.27	275.29	0
275.29	275.8	1
275.8	276.8	2
276.8	277.1	3
277.1	277.12	2
277.12	278.14	1
278.14	278.2	2
278.2	278.4	3
278.4	281.4	2
281.4	282.42	0
282.42	285.48	1
285.48	287.2	2
287.2	287.5	3
287.5	289.86	2
289.86	292.3	1
292.3	292.7	3
292.7	292.9	1
292.9	293.6	3
293.6	296.57	1
296.57	296.6	2
296.6	296.9	3
296.9	297.1	2
297.1	297.2	3
297.2	297.5	2
297.5	297.6	3
297.6	298.6	2
298.6	299.4	1
299.4	299.5	3
299.5	302.78	1
302.78	303.5	2
303.5	303.6	3
303.6	303.7	2
303.7	303.9	3
303.9	304.1	2
304.1	304.2	3
304.2	308.28	2
308.28	308.79	0
308.79	309.6	2
309.6	309.7	3
309.7	309.8	2
309.8	309.9	3
309.9	310.2	2
310.2	310.3	3
310.3	311.6	2
311.6	311.8	3
311.8	313.88	2
313.88	314.9	1
314.9	316.6	2
316.6	316.8	3
316.8	317.1	2
317.1	317.2	3
317.2	317.75	2
317.75	318.26	0
318.26	318.7	2
318.7	318.8	3
318.8	318.87	2
318.87	319.38	1
319.38	320.91	0
320.91	322.1	2
322.1	322.2	3
322.2	323.56	2
323.56	324.07	0
324.07	327.64	2
327.64	328.15	0
328.15	329.17	1
329.17	330.1	2
330.1	330.2	3
330.2	330.29	2
330.29	330.3	1
330.3	330.4	3
330.4	330.5	1
330.5	330.7	3
330.7	335.69	1
335.69	336.9	2
336.9	337	3
337	338.9	2
338.9	339	3
339	340.99	2
340.99	342.01	0
342.01	342.5	1
342.5	342.6	3
342.6	342.62	1
342.62	342.8	2
342.8	342.9	3
342.9	344.3	2
344.3	344.4	3
344.4	348.43	2
348.43	349.45	0
349.45	350.5	2
350.5	350.6	3
350.6	350.7	2
350.7	350.8	3
350.8	351.4	2
351.4	351.5	3
351.5	352.81	2
352.81	354.34	0
354.34	358.93	1
358.93	359.95	2
359.95	360.46	0
360.46	361.48	2
361.48	361.99	0
361.99	362.2	2
362.2	362.3	3
362.3	362.6	2
362.6	362.8	3
362.8	365.7	2
365.7	365.8	3
365.8	371.1	2
371.1	371.2	3
371.2	373.8	2
373.8	373.9	3
373.9	374.83	2
374.83	375.34	0
375.34	376.36	1
376.36	376.5	2
376.5	376.6	3
376.6	376.8	2
376.8	376.9	3
376.9	378.2	2
378.2	378.3	3
378.3	379.72	2
379.72	380.74	0
380.74	383.29	1
383.29	383.7	2
383.7	384.1	3
384.1	385.22	2
385.22	385.73	1
385.73	386.4	2
386.4	386.5	3
386.5	386.8	2
386.8	386.9	3
386.9	387.97	2
387.97	388.99	0
388.99	398.17	1
398.17	398.6	2
398.6	398.9	3
398.9	398.98	2
398.98	401.02	1
401.02	404.08	2
404.08	404.59	0
404.59	406.8	2
406.8	406.9	3
406.9	409.1	2
409.1	409.3	3
409.3	409.6	2
409.6	409.7	3
409.7	410.6	2
410.6	411.11	0
411.11	411.2	2
411.2	411.3	3
411.3	411.6	2
411.6	411.7	3
411.7	412	2
412	412.2	3
412.2	419.16	2
419.16	419.67	0
419.67	421	2
421	421.1	3
421.1	421.81	2
421.81	422.83	0
422.83	424.36	1
424.36	425.8	2
425.8	425.9	3
425.9	426.5	2
426.5	426.6	3
426.6	426.9	2
426.9	427	3
427	427.5	2
427.5	427.6	3
427.6	430.88	2
430.88	431.1	1
431.1	431.2	3
431.2	434.04	1
434.04	434.3	2
434.3	434.7	3
434.7	435.6	2
435.6	435.7	3
435.7	435.8	2
435.8	435.9	3
435.9	436.17	2
436.17	436.68	0
436.68	436.9	2
436.9	437	3
437	437.7	2
437.7	437.8	3
437.8	438.1	2
438.1	438.4	3
438.4	442.1	2
442.1	442.2	3
442.2	444.1	2
444.1	444.3	3
444.3	444.5	2
444.5	444.6	3
444.6	445.4	2
445.4	445.5	3
445.5	445.84	2
445.84	446.35	0
446.35	446.86	2
446.86	447.37	1
447.37	447.7	2
447.7	447.8	3
447.8	449.51	2
449.51	450.53	0
450.53	451.04	1
451.04	451.1	2
451.1	451.2	3
451.2	452.4	2
452.4	452.6	3
452.6	453.89	2
453.89	454.4	0
454.4	454.8	2
454.8	454.9	3
454.9	455.01	2
455.01	455.52	0
455.52	457	2
457	457.2	3
457.2	457.4	2
457.4	457.5	3
457.5	458.37	2
458.37	459.39	0
459.39	460.3	2
460.3	460.4	3
460.4	460.5	2
460.5	460.6	3
460.6	460.61	2
460.61	463.67	1
463.67	464.1	2
464.1	464.2	3
464.2	464.5	2
464.5	464.6	3
464.6	466.93	2
466.93	467.44	0
467.44	467.7	2
467.7	467.8	3
467.8	468.56	2
468.56	469.58	0
469.58	470.09	1
470.09	470.6	2
470.6	470.8	3
470.8	470.9	2
470.9	471	3
471	471.8	2
471.8	471.9	3
471.9	472.3	2
472.3	472.7	3
472.7	473.6	2
473.6	473.7	3
473.7	474.56	2
474.56	477	1
477	477.1	3
477.1	477.72	1
477.72	478.2	2
478.2	478.4	3
478.4	478.8	2
478.8	479.1	3
479.1	482.3	2
482.3	482.6	1
482.6	482.8	3
482.8	483.52	1
483.52	483.6	2
483.6	483.7	3
483.7	483.9	2
483.9	484.1	3
484.1	484.2	2
484.2	484.3	3
484.3	484.5	2
484.5	484.6	3
484.6	489.4	2
489.4	489.5	3
489.5	493.1	2
493.1	493.2	3
493.2	493.3	2
493.3	493.4	3
493.4	493.8	2
493.8	493.9	3
493.9	494.62	2
494.62	495.13	0
495.13	496.1	2
496.1	496.3	3
496.3	496.35	2
496.35	501.45	1
501.45	501.9	2
501.9	502	3
502	503.08	2
503.08	503.2	1
503.2	503.6	3
503.6	508.07	1
508.07	508.58	0
508.58	513.17	1
513.17	514.7	2
514.7	514.9	3
514.9	515.4	2
515.4	515.5	3
515.5	516.53	2
516.53	516.9	1
516.9	517.1	3
517.1	520.2	1
520.2	520.3	3
520.3	521.42	1
521.42	521.8	2
521.8	521.9	3
521.9	528.2	2
528.2	528.3	3
528.3	528.6	2
528.6	528.9	3
528.9	531.6	2
531.6	531.7	3
531.7	532	2
532	532.1	3
532.1	532.32	2
532.32	532.83	1
532.83	536.91	2
536.91	537.93	0
537.93	541.9	2
541.9	542	3
542	542.11	2
542.11	542.62	0
542.62	543	2
543	543.1	3
543.1	544.1	2
544.1	544.2	3
544.2	544.3	2
544.3	544.4	3
544.4	545.98	2
545.98	548.02	0
548.02	549.55	2
549.55	550.06	0
550.06	550.3	2
550.3	550.4	3
550.4	551.69	2
551.69	552.2	0
552.2	553.73	2
553.73	554.24	0
554.24	557.4	2
557.4	557.5	3
557.5	558.42	2
558.42	558.93	1
558.93	559.95	2
559.95	560.46	0
560.46	560.6	2
560.6	560.7	3
560.7	562	2
562	562.2	3
562.2	564.7	2
564.7	564.8	3
564.8	568.2	2
568.2	568.3	3
568.3	569.12	2
569.12	570.14	0
570.14	571.16	1
571.16	571.5	2
571.5	571.6	3
571.6	571.9	2
571.9	572	3
572	572.2	2
572.2	572.3	3
572.3	572.48	2
572.48	572.5	1
572.5	572.6	3
572.6	575.64	1
575.64	575.9	2
575.9	576	3
576	576.7	2
576.7	576.8	3
576.8	578	2
578	578.1	3
578.1	578.7	2
578.7	578.8	3
578.8	582.2	2
582.2	582.3	3
582.3	587.36	2
587.36	588.38	1
588.38	588.7	2
588.7	588.8	3
588.8	589	2
589	589.1	3
589.1	589.6	2
589.6	590.11	0
590.11	590.4	2
590.4	590.5	3
590.5	590.9	2
590.9	591.1	3
591.1	597.7	2
597.7	597.8	3
597.8	598.16	2
598.16	599.18	0
599.18	600.71	2
600.71	601.73	0
601.73	602.5	2
602.5	602.7	3
602.7	602.95	2
602.95	603.97	1
603.97	604.4	2
604.4	604.5	3
604.5	606.2	2
606.2	606.3	3
606.3	609.78	2
609.78	609.92	1
