0	0.52	0
0.52	0.7	2
0.7	0.9	3
0.9	1.74	2
1.74	2.25	0
2.25	3.78	1
3.78	4.29	2
4.29	11.43	1
11.43	11.94	0
11.94	13.47	2
13.47	14.49	1
14.49	14.7	2
14.7	14.9	3
14.9	15.7	2
15.7	15.8	3
15.8	15.81	2
15.81	17.34	1
17.34	17.85	0
17.85	19.38	2
19.38	22.44	1
22.44	22.95	0
22.95	23.46	1
23.46	23.97	2
23.97	31.11	1
31.11	31.62	2
31.62	32.13	0
32.13	37.5	1
37.5	37.6	3
37.6	39.88	1
39.88	40.39	0
40.39	40.9	2
40.9	41.92	1
41.92	45.3	2
45.3	45.4	3
45.4	46.5	2
46.5	46.6	3
46.6	47.73	2
47.73	48.24	0
48.24	48.75	2
48.75	49.26	0
49.26	54.87	1
54.87	55.89	2
55.89	58.44	1
58.44	58.95	0
58.95	59.97	1
59.97	61.5	2
61.5	61.7	1
61.7	61.8	3
61.8	62.62	1
62.62	62.7	2
62.7	62.8	3
62.8	63.23	2
63.23	67.31	1
67.31	67.82	2
67.82	71.39	1
71.39	71.9	0
71.9	72.92	1
72.92	77.51	2
77.51	80.06	1
80.06	80.57	2
80.57	81.08	0
81.08	85.67	1
85.67	86.18	0
86.18	90.77	1
90.77	93.32	2
93.32	93.4	1
93.4	93.8	3
93.8	102.39	1
102.39	102.9	0
102.9	103.41	2
103.41	105.96	1
105.96	106.47	0
106.47	106.7	1
106.7	107.1	3
107.1	107.89	1
107.89	108.91	2
108.91	113.5	1
113.5	114.52	2
114.52	118	1
118	118.1	3
118.1	119.72	1
119.72	120.74	2
120.74	121.25	1
121.25	122.27	0
122.27	122.8	1
122.8	123	3
123	124.51	1
124.51	127.06	2
127.06	131.65	1
131.65	135.22	2
135.22	147.97	1
147.97	148.99	2
148.99	149.5	0
149.5	152.05	1
152.05	152.56	0
152.56	154.09	1
154.09	154.6	2
154.6	156.64	1
156.64	157.15	2
157.15	157.66	0
157.66	160.21	1
160.21	160.6	2
160.6	160.7	3
160.7	160.82	2
160.82	162.35	1
162.35	162.86	2
162.86	164.39	1
164.39	165.41	0
165.41	167.1	1
167.1	167.3	3
167.3	171.22	1
171.22	172.6	2
172.6	172.7	3
172.7	173.87	2
173.87	177.44	1
177.44	177.95	0
177.95	178.97	2
178.97	182.54	1
182.54	183.05	0
183.05	186.11	1
186.11	186.62	2
186.62	190.7	1
190.7	191.21	0
191.21	191.72	2
191.72	192.74	1
192.74	193.76	0
193.76	198.35	1
198.35	199.37	2
199.37	199.88	0
199.88	206	1
206	206.5	2
206.5	206.6	3
206.6	206.61	2
206.61	210.69	1
210.69	211.2	0
211.2	217.32	1
217.32	218.34	2
218.34	219.87	1
219.87	220.89	0
220.89	224.97	1
224.97	225.48	2
225.48	228.03	1
228.03	228.54	2
228.54	233.13	1
233.13	233.64	0
233.64	235.68	1
235.68	236.7	2
236.7	237.72	1
237.72	238.74	0
238.74	243.84	1
243.84	244.5	2
244.5	244.6	3
244.6	245.47	2
245.47	245.98	0
245.98	248.53	1
248.53	249.04	0
249.04	249.55	2
249.55	251.59	1
251.59	251.7	2
251.7	252	3
252	252.91	2
252.91	253.3	1
253.3	253.4	3
253.4	253.52	1
253.52	255.8	2
255.8	256.2	3
256.2	256.47	2
256.47	257.49	1
257.49	258	0
258	258.1	3
258.1	263.71	1
263.71	264.22	2
264.22	265.75	1
265.75	266.26	0
266.26	271.36	1
271.36	273.1	2
273.1	273.6	3
273.6	274.1	2
274.1	274.5	3
274.5	274.7	2
274.7	274.9	3
274.9	275.01	2
275.01	284.7	1
284.7	285.72	0
285.72	289.8	1
289.8	290.31	2
290.31	290.82	0
290.82	304.08	1
304.08	304.59	0
304.59	306.5	1
306.5	307	3
307	309.68	1
309.68	310.7	2
310.7	311.72	1
311.72	312.23	2
312.23	312.74	1
312.74	313.25	0
313.25	316.31	1
316.31	316.82	2
316.82	317	1
317	317.3	3
317.3	318.65	1
318.65	320.18	2
320.18	323.24	1
323.24	328.1	2
328.1	328.4	3
328.4	329.15	2
329.15	329.66	1
329.66	330.17	0
330.17	333.23	2
333.23	333.74	1
333.74	334.25	2
334.25	338.33	1
338.33	338.84	2
338.84	339.35	0
339.35	344.45	1
344.45	344.96	0
344.96	346.49	2
346.49	347	0
347	347.51	2
347.51	349.04	1
349.04	349.55	0
349.55	350.06	2
350.06	354.14	1
354.14	355.16	2
355.16	355.4	1
355.4	355.5	3
355.5	356.5	1
356.5	356.6	3
356.6	358.5	1
358.5	358.6	3
358.6	363.11	1
363.11	363.62	0
363.62	367.19	1
367.19	367.7	0
367.7	372.29	1
372.29	372.8	2
372.8	373.82	1
373.82	374.33	0
374.33	377.39	1
377.39	377.9	2
377.9	378.92	0
378.92	379.43	2
379.43	379.6	1
379.6	379.7	3
379.7	383.61	1
383.61	384.63	2
384.63	385.2	1
385.2	385.3	3
385.3	385.5	1
385.5	385.6	3
385.6	385.7	1
385.7	385.8	3
385.8	385.95	1
385.95	387.2	2
387.2	387.3	3
387.3	387.4	2
387.4	388	3
388	388.18	2
388.18	391.75	1
391.75	392.26	2
392.26	392.77	0
392.77	396.34	1
396.34	396.85	0
396.85	397	1
397	397.2	3
397.2	397.9	1
397.9	398.1	3
398.1	399.6	1
399.6	399.8	3
399.8	402.04	1
402.04	403.06	2
403.06	403.57	0
403.57	403.7	2
403.7	404	3
404	404.89	2
404.89	407.44	1
407.44	408.46	2
408.46	415.09	1
415.09	415.2	2
415.2	415.4	3
415.4	416.82	2
416.82	421.41	1
421.41	421.92	2
421.92	422.94	1
422.94	423.96	0
423.96	429.57	1
429.57	430.08	0
430.08	432.63	1
432.63	433.14	2
433.14	436.2	1
436.2	436.71	0
436.71	437.22	2
437.22	439.77	1
439.77	440.79	0
440.79	442.83	1
442.83	444.87	2
444.87	446.4	1
446.4	446.91	0
446.91	454.56	1
454.56	455.5	2
455.5	455.6	3
455.6	455.68	2
455.68	458.23	1
458.23	461.8	2
461.8	462.31	1
462.31	475.06	2
475.06	475.57	0
475.57	478.12	2
478.12	478.63	1
478.63	480	2
480	480.1	3
480.1	481.79	2
481.79	482.3	1
482.3	482.7	2
482.7	483	3
483	483.1	2
483.1	483.2	3
483.2	488.82	2
488.82	489.33	1
489.33	490.3	2
490.3	490.5	3
490.5	490.55	2
490.55	491.06	1
491.06	491.9	2
491.9	492	3
492	492.18	2
492.18	492.69	1
492.69	493.71	2
493.71	496.26	1
496.26	496.77	0
496.77	501.87	1
501.87	502.89	0
502.89	505.95	1
505.95	506.46	2
506.46	510.03	1
510.03	510.4	2
510.4	510.6	3
510.6	510.74	2
510.74	515.33	1
515.33	515.6	2
515.6	515.7	3
515.7	515.94	2
515.94	517.47	1
517.47	517.98	2
517.98	522.06	1
522.06	522.57	0
522.57	523.59	1
523.59	524.61	2
524.61	528.18	1
528.18	529.3	2
529.3	529.4	3
529.4	531.8	2
531.8	532	3
532	532.56	2
532.56	533.07	1
533.07	533.58	2
533.58	537.66	1
537.66	538.17	0
538.17	540.6	1
540.6	540.7	3
540.7	541.8	1
541.8	542	3
542	542.55	1
542.55	544.4	2
544.4	544.5	3
544.5	544.7	2
544.7	544.9	3
544.9	545.91	2
545.91	546.42	0
546.42	548.46	1
548.46	548.97	0
548.97	559.68	1
559.68	560.19	0
560.19	571.92	1
571.92	572.94	2
572.94	574.4	1
574.4	574.6	3
574.6	574.67	1
574.67	575.69	0
575.69	576.2	2
576.2	576.3	3
576.3	577	2
577	577.1	3
577.1	577.2	2
577.2	577.4	3
577.4	578.1	2
578.1	578.4	3
578.4	578.94	2
578.94	581.49	1
581.49	582	0
582	583.53	1
583.53	584.04	0
584.04	589.65	1
589.65	590.16	2
590.16	591.18	1
591.18	592.2	0
592.2	595.1	1
595.1	595.2	3
595.2	595.4	1
595.4	595.5	3
595.5	598.01	1
598.01	599.7	2
599.7	599.8	3
599.8	603.6	2
603.6	604	3
604	604.9	2
604.9	605	3
605	605.06	2
