0	0.01	0
0.01	0.8	2
0.8	1.1	3
1.1	1.2	2
1.2	1.3	3
1.3	13.67	2
13.67	14.5	1
14.5	14.7	3
14.7	14.89	1
14.89	15.6	2
15.6	15.7	3
15.7	17.03	2
17.03	17.54	0
17.54	23.66	2
23.66	27.74	1
27.74	28.25	2
28.25	28.7	1
28.7	28.8	3
28.8	30.9	1
30.9	31.9	2
31.9	32.1	3
32.1	32.12	2
32.12	32.2	1
32.2	32.4	3
32.4	33.34	1
33.34	38.44	2
38.44	44.7	1
44.7	44.8	3
44.8	46.19	1
46.19	46.4	2
46.4	46.5	3
46.5	46.8	2
46.8	51.39	1
51.39	51.7	2
51.7	51.9	3
51.9	52.1	2
52.1	56.5	1
56.5	56.6	3
56.6	58.6	1
58.6	58.7	3
58.7	58.8	1
58.8	59.3	3
59.3	64.53	1
64.53	65.4	2
65.4	65.6	3
65.6	65.75	2
65.75	72.9	1
72.9	73	3
73	76.56	1
76.56	78.09	2
78.09	79.62	1
79.62	81.66	2
81.66	82.17	1
82.17	82.68	0
82.68	83.19	2
83.19	85.23	1
85.23	87	2
87	87.3	3
87.3	87.57	2
87.57	88.1	1
88.1	88.4	3
88.4	88.89	1
88.89	88.9	2
88.9	89	3
89	89.1	2
89.1	89.2	3
89.2	89.3	2
89.3	89.4	3
89.4	94.5	2
94.5	94.7	3
94.7	96.9	2
96.9	97	3
97	97.1	2
97.1	97.4	3
97.4	101.01	2
101.01	101.52	1
101.52	102.03	0
102.03	103.4	2
103.4	103.6	3
103.6	109.88	2
109.88	117.2	1
117.2	117.3	3
117.3	119.1	1
119.1	119.3	3
119.3	119.36	1
119.36	119.87	2
119.87	120.38	0
120.38	123.2	1
123.2	123.3	3
123.3	125.07	1
125.07	125.58	2
125.58	129.8	1
129.8	129.9	3
129.9	130.27	1
130.27	131.29	2
131.29	136.9	1
136.9	137.92	2
137.92	138.43	1
138.43	139.45	0
139.45	144.7	1
144.7	144.8	3
144.8	148.22	1
148.22	148.73	2
148.73	158.42	1
158.42	158.93	2
158.93	160.5	1
160.5	160.6	3
160.6	161.5	1
161.5	161.8	3
161.8	163.41	1
163.41	166.47	2
166.47	166.5	1
166.5	166.6	3
166.6	169.63	1
169.63	170.14	2
170.14	172.18	1
172.18	173.71	2
173.71	174.22	0
174.22	174.7	2
174.7	174.8	3
174.8	174.83	2
174.83	175.34	1
175.34	178.91	2
178.91	184.52	1
184.52	185.03	0
185.03	186.56	1
186.56	187.07	2
187.07	191.8	1
191.8	191.9	3
191.9	197.37	1
197.37	198.9	2
198.9	200.3	1
200.3	200.5	3
200.5	203.8	1
203.8	204	3
204	204.4	1
204.4	204.5	3
204.5	206.03	1
206.03	206.2	2
206.2	206.3	3
206.3	206.8	2
206.8	206.9	3
206.9	208	2
208	208.2	3
208.2	208.98	2
208.98	210	1
210	210.9	2
210.9	211	3
211	211.63	2
211.63	213.16	1
213.16	213.67	2
213.67	214.18	1
214.18	215.2	2
215.2	216.22	1
216.22	218.77	2
218.77	219.28	1
219.28	219.79	0
219.79	221.83	1
221.83	223.36	2
223.36	223.87	0
223.87	225.91	2
225.91	226.42	0
226.42	228.46	1
228.46	229.48	2
229.48	229.99	0
229.99	232.03	1
232.03	232.54	2
232.54	237.64	1
237.64	238.15	2
238.15	240.19	1
240.19	244.27	2
244.27	244.78	1
244.78	245.29	2
245.29	245.8	1
245.8	246.31	0
246.31	248.86	2
248.86	249.37	1
249.37	249.88	2
249.88	253.96	1
253.96	254.98	2
254.98	257.02	1
257.02	257.3	2
257.3	257.4	3
257.4	258.14	2
258.14	264.26	1
264.26	265.28	0
265.28	266.81	1
266.81	267.32	0
267.32	267.83	2
267.83	270.89	1
270.89	272.1	2
272.1	272.2	3
272.2	272.52	2
272.52	273.54	1
273.54	275.58	2
275.58	277.62	1
277.62	278.13	2
278.13	278.64	1
278.64	279.66	0
279.66	282.72	1
282.72	283.74	2
283.74	284.25	0
284.25	285.27	2
285.27	286.29	0
286.29	287.31	2
287.31	288.33	1
288.33	289.35	2
289.35	290.37	0
290.37	292.92	1
292.92	293.3	2
293.3	293.5	3
293.5	293.63	2
293.63	294.65	1
294.65	296.18	2
296.18	298.22	1
298.22	298.73	2
298.73	306.89	1
306.89	307.91	2
307.91	308.42	1
308.42	309.95	2
309.95	310.46	1
310.46	310.97	2
310.97	311.48	0
311.48	314.54	2
314.54	315.05	0
315.05	316.6	1
316.6	316.8	3
316.8	316.9	1
316.9	317	3
317	317.9	1
317.9	318.41	2
318.41	321.47	1
321.47	321.98	2
321.98	324.02	1
324.02	326.06	2
326.06	327.59	1
327.59	328.1	2
328.1	330.1	1
330.1	330.2	3
330.2	330.75	1
330.75	331.26	2
331.26	333.2	1
333.2	333.3	3
333.3	334.4	1
334.4	334.5	3
334.5	335.54	1
335.54	336.56	2
336.56	338.7	1
338.7	338.8	3
338.8	342.27	1
342.27	342.78	2
342.78	344.82	1
344.82	345.33	0
345.33	350.5	1
350.5	350.8	3
350.8	350.9	1
350.9	351	3
351	351.3	1
351.3	351.6	3
351.6	351.64	1
351.64	352.6	2
352.6	352.7	3
352.7	352.9	2
352.9	353.1	3
353.1	353.47	2
353.47	355.51	1
355.51	356.02	2
356.02	356.2	1
356.2	356.3	3
356.3	356.63	1
356.63	356.9	2
356.9	357	3
357	358.26	2
358.26	358.77	0
358.77	359.79	2
359.79	363.36	1
363.36	363.87	0
363.87	365.91	1
365.91	366.42	2
366.42	367.44	1
367.44	367.95	0
367.95	368.46	2
368.46	369.48	1
369.48	370.5	2
370.5	379.17	1
379.17	379.68	2
379.68	380.19	0
380.19	384.27	1
384.27	384.78	0
384.78	387.84	2
387.84	387.9	1
387.9	388	3
388	389.98	1
389.98	393.55	0
393.55	395.08	1
395.08	397.12	0
397.12	406.4	1
406.4	406.5	3
406.5	408.9	1
408.9	409	3
409	409.05	1
409.05	409.1	2
409.1	409.2	3
409.2	410.68	2
410.68	411	1
411	411.2	3
411.2	411.6	1
411.6	411.8	3
411.8	412.2	1
412.2	412.3	3
412.3	412.4	1
412.4	412.7	3
412.7	415.5	1
415.5	416	3
416	416.06	1
416.06	416.57	0
416.57	418.1	2
418.1	418.2	1
418.2	418.3	3
418.3	433.5	1
433.5	434.01	2
434.01	439.2	1
439.2	439.3	3
439.3	440.74	1
440.74	441.76	2
441.76	442.78	1
442.78	442.8	2
442.8	443	3
443	443.2	2
443.2	443.3	3
443.3	444.1	2
444.1	444.2	1
444.2	444.4	3
444.4	444.5	1
444.5	444.6	3
444.6	444.7	1
444.7	444.8	3
444.8	444.9	1
444.9	445.1	3
445.1	445.2	1
445.2	445.3	3
445.3	445.31	1
445.31	447.8	2
447.8	448.1	3
448.1	448.16	2
448.16	452.2	1
452.2	452.5	3
452.5	455.09	1
455.09	455.4	2
455.4	455.6	3
455.6	457.7	2
457.7	457.8	3
457.8	457.94	2
457.94	458.45	1
458.45	458.5	2
458.5	459	3
459	459.46	2
459.46	459.5	1
459.5	459.6	3
459.6	459.8	1
459.8	459.9	3
459.9	463.3	1
463.3	463.5	3
463.5	463.94	1
463.94	464.45	0
464.45	466.49	1
466.49	467	2
467	468.53	1
468.53	472.61	2
472.61	479.75	1
479.75	480.26	0
480.26	481.79	2
481.79	482.3	0
482.3	482.81	1
482.81	485.36	0
485.36	487.4	2
487.4	489.44	1
489.44	490.46	2
490.46	490.97	1
490.97	491	2
491	491.1	3
491.1	491.58	2
491.58	492	1
492	492.3	3
492.3	494.43	1
494.43	495.45	0
495.45	496.4	1
496.4	496.7	3
496.7	502.89	1
502.89	503.4	0
503.4	503.91	2
503.91	508.8	1
508.8	509	3
509	509.2	1
509.2	509.4	3
509.4	509.5	1
509.5	509.6	3
509.6	509.7	1
509.7	509.9	3
509.9	512.26	1
512.26	512.77	2
512.77	514.3	1
514.3	514.81	2
514.81	515.83	1
515.83	517.36	2
517.36	523.48	1
523.48	523.99	2
523.99	524.5	1
524.5	525.01	0
525.01	527.56	1
527.56	528.58	0
528.58	531.13	1
531.13	531.6	2
531.6	531.7	3
531.7	531.74	2
531.74	536.84	1
536.84	537.35	2
537.35	542.8	1
542.8	542.9	3
542.9	550.71	1
550.71	551.22	2
551.22	557.3	1
557.3	557.5	3
557.5	558.05	1
558.05	558.56	2
558.56	562.4	1
562.4	562.6	3
562.6	566.2	1
566.2	566.6	3
566.6	566.7	1
566.7	566.9	3
566.9	568.54	1
568.54	570.58	2
570.58	573.7	1
573.7	574	3
574	575.47	1
575.47	576	2
576	576.1	3
576.1	576.59	2
576.59	577.1	0
577.1	578.63	1
578.63	579.14	2
579.14	588.32	1
588.32	589.34	0
589.34	594.3	1
594.3	594.5	3
594.5	601.5	1
601.5	601.8	3
601.8	601.9	1
601.9	602	3
602	602.1	1
602.1	602.2	3
602.2	602.3	1
602.3	602.4	3
602.4	603.67	1
