0	0.52	0
0.52	5.11	2
5.11	5.62	0
5.62	16.84	2
16.84	17.86	0
17.86	18.88	2
18.88	21.94	0
21.94	31.12	2
31.12	31.63	1
31.63	34.18	2
34.18	34.69	1
34.69	38.77	2
38.77	39.28	0
39.28	41.83	2
41.83	42.34	0
42.34	54.7	2
54.7	54.8	3
54.8	56.72	2
56.72	57.23	0
57.23	58.25	2
58.25	58.76	0
58.76	69.47	2
69.47	69.98	1
69.98	70.49	2
70.49	71	0
71	74.57	2
74.57	75.08	0
75.08	78.65	2
78.65	79.67	0
79.67	83.75	2
83.75	84.77	0
84.77	84.8	2
84.8	84.9	3
84.9	85.89	2
85.89	86.91	0
86.91	93.03	2
93.03	94.05	0
94.05	95.58	2
95.58	96.09	1
96.09	98.9	2
98.9	99	3
99	103.33	2
103.33	104.86	0
104.86	112	2
112	112.51	0
112.51	114.55	2
114.55	115	1
115	115.2	3
115.2	115.26	1
115.26	115.77	2
115.77	119.34	1
119.34	119.6	2
119.6	119.7	3
119.7	119.95	2
119.95	123.52	1
123.52	124.03	0
124.03	126.07	2
126.07	132.19	1
132.19	133.21	0
133.21	134.23	1
134.23	137.29	0
137.29	137.4	2
137.4	137.5	3
137.5	137.6	2
137.6	137.8	3
137.8	138.61	2
138.61	139.63	1
139.63	142.18	0
142.18	149.32	1
149.32	151.36	2
151.36	152.38	1
152.38	153.4	0
153.4	153.91	1
153.91	154.93	0
154.93	155.1	2
155.1	155.2	3
155.2	158.09	2
158.09	160.13	1
160.13	160.64	0
160.64	163.5	2
163.5	163.6	3
163.6	166.86	2
166.86	168.39	1
168.39	168.9	0
168.9	169.41	1
169.41	172.9	2
172.9	173	3
173	175.12	2
175.12	175.63	1
175.63	176.65	0
176.65	180.9	2
180.9	181	3
181	181.1	2
181.1	181.4	3
181.4	181.64	2
181.64	182.66	0
182.66	185.72	2
185.72	186.74	1
186.74	187.25	0
187.25	188.78	1
188.78	189.8	0
189.8	190.4	1
190.4	190.6	3
190.6	190.7	1
190.7	191	3
191	191.1	1
191.1	191.2	3
191.2	191.42	1
191.42	192.44	0
192.44	204.68	2
204.68	205.7	0
205.7	208.25	1
208.25	209.27	0
209.27	214.2	2
214.2	214.5	3
214.5	214.67	2
214.67	214.7	1
214.7	214.8	3
214.8	217.83	1
217.83	218.85	0
218.85	219.36	1
219.36	219.87	0
219.87	224.46	2
224.46	224.97	1
224.97	234.66	2
234.66	235.17	1
235.17	240.27	2
240.27	240.78	0
240.78	244.86	2
244.86	245.37	0
245.37	247.41	2
247.41	247.92	0
247.92	248.94	2
248.94	249.45	0
249.45	250.98	2
250.98	252.1	1
252.1	252.3	3
252.3	252.5	1
252.5	252.6	3
252.6	259.44	1
259.44	260.46	0
260.46	265.05	2
265.05	265.5	1
265.5	265.7	3
265.7	265.76	1
265.76	278.5	2
278.5	279.1	3
279.1	279.62	2
279.62	280.13	1
280.13	280.64	0
280.64	281.15	2
281.15	283.19	1
283.19	283.7	0
283.7	284.21	1
284.21	285.23	2
285.23	285.74	0
285.74	302.06	2
302.06	304.1	1
304.1	305.12	0
305.12	317.36	2
317.36	318.38	0
318.38	319.4	2
319.4	320.42	1
320.42	322.46	0
322.46	328.07	2
328.07	328.58	1
328.58	329.6	0
329.6	331.64	2
331.64	332.66	1
332.66	333.17	0
333.17	338.27	2
338.27	339.29	0
339.29	341.84	2
341.84	342.86	1
342.86	343.37	0
343.37	344.9	1
344.9	345.41	2
345.41	345.92	1
345.92	348.98	2
348.98	349.49	0
349.49	349.6	2
349.6	349.7	3
349.7	353.6	2
353.6	353.7	3
353.7	359.38	2
359.38	359.89	0
359.89	367.54	1
367.54	368.05	0
368.05	369	2
369	369.1	3
369.1	369.5	2
369.5	369.6	3
369.6	369.78	2
369.78	370.29	0
370.29	380.49	2
380.49	381	1
381	381.51	0
381.51	386.61	2
386.61	387.12	0
387.12	387.63	2
387.63	388.14	0
388.14	389.16	2
389.16	389.67	0
389.67	390.69	2
390.69	391.2	0
391.2	396.81	2
396.81	397.32	0
397.32	398.34	2
398.34	398.85	0
398.85	400.89	1
400.89	401.4	0
401.4	408.54	2
408.54	409.2	1
409.2	409.3	3
409.3	412.21	1
412.21	412.72	0
412.72	413.4	2
413.4	413.8	3
413.8	413.9	2
413.9	414	3
414	415.3	2
415.3	415.6	3
415.6	421.68	2
421.68	422.19	1
422.19	422.3	2
422.3	422.4	3
422.4	423.82	2
423.82	424.33	0
424.33	424.8	1
424.8	424.9	3
424.9	431.06	1
431.06	432.08	0
432.08	432.5	2
432.5	432.7	3
432.7	433.3	2
433.3	433.81	0
433.81	436.87	2
436.87	437.38	0
437.38	438.91	1
438.91	439.42	0
439.42	449.11	1
449.11	449.62	0
449.62	451.66	2
451.66	452.17	0
452.17	455.5	2
455.5	455.7	3
455.7	456.8	2
456.8	457	3
457	457.67	2
457.67	463.28	1
463.28	463.79	0
463.79	464.3	1
464.3	466.34	2
466.34	471.44	1
471.44	471.95	0
471.95	473.4	2
473.4	473.5	3
473.5	475.11	2
475.11	475.2	1
475.2	475.3	3
475.3	477.2	1
477.2	477.3	3
477.3	477.35	1
477.35	477.4	2
477.4	477.6	3
477.6	477.7	2
477.7	477.8	3
477.8	478.1	2
478.1	478.2	3
478.2	483.87	2
483.87	485.4	0
485.4	485.91	2
485.91	486.42	1
486.42	486.93	0
486.93	492.54	1
492.54	493.56	0
493.56	495.6	1
495.6	496.11	0
496.11	503.25	1
503.25	503.76	0
503.76	507.84	1
507.84	508.1	2
508.1	508.2	3
508.2	512.53	2
512.53	513.04	0
513.04	518.65	2
518.65	519.16	1
519.16	528.85	2
528.85	529.87	0
529.87	530.1	2
530.1	530.4	3
530.4	530.68	2
530.68	531.7	0
531.7	532.21	2
532.21	532.72	0
532.72	538.84	2
538.84	539.35	0
539.35	543.3	2
543.3	543.5	3
543.5	552.1	2
552.1	552.3	3
552.3	553.52	2
553.52	555.05	0
555.05	555.56	1
555.56	556.07	0
556.07	557.6	1
557.6	558.11	0
558.11	558.62	2
558.62	559.64	1
559.64	560.15	0
560.15	562.5	2
562.5	562.6	3
562.6	563.31	2
563.31	563.82	0
563.82	564.33	1
564.33	565.35	0
565.35	566.88	1
566.88	567.39	0
567.39	568.92	1
568.92	575.04	2
575.04	576.06	0
576.06	578.61	2
578.61	580.14	0
580.14	583.71	2
583.71	584.22	1
584.22	585.75	2
585.75	586.26	0
586.26	588.3	1
588.3	588.5	2
588.5	588.6	3
588.6	589.1	2
589.1	589.2	3
589.2	589.5	2
589.5	589.7	3
589.7	594.82	2
594.82	595.33	1
595.33	595.84	0
595.84	606.05	2
