0.00 0.46 2
0.46 0.50 3
0.50 1.30 1
1.30 1.82 0
1.82 2.63 2
2.63 3.47 0
3.47 3.97 1
3.97 4.03 3
4.03 5.50 2
5.50 5.79 0
5.79 6.42 1
6.42 6.96 0
6.96 7.69 2
7.69 7.75 3
7.75 8.72 1
8.72 9.82 0
9.82 11.58 2
11.58 12.27 0
12.27 14.13 2
14.13 15.59 0
15.59 19.07 2
19.07 19.92 0
19.92 22.74 2
22.74 23.26 0
23.26 23.70 1
23.70 24.63 0
24.63 25.23 2
25.23 25.81 0
25.81 28.49 2
28.49 28.60 3
28.60 30.03 1
30.03 30.66 0
30.66 31.16 2
31.16 31.70 0
31.70 32.27 1
32.27 32.54 0
32.54 35.04 2
35.04 35.57 0
35.57 35.88 1
35.88 36.26 0
36.26 40.38 2
40.38 40.42 0
40.42 41.42 1
41.42 41.88 3
41.88 44.07 2
44.07 44.10 3
44.10 46.46 1
46.46 47.32 0
47.32 48.51 2
48.51 49.20 0
49.20 53.25 2
53.25 54.41 0
54.41 57.60 2
57.60 57.64 0
57.64 58.70 1
58.70 59.52 3
59.52 61.23 1
61.23 61.94 0
61.94 62.88 2
62.88 62.99 3
62.99 63.93 1
63.93 64.01 0
64.01 64.70 2
64.70 64.77 0
64.77 65.56 1
65.56 65.58 3
65.58 66.40 2
66.40 66.71 3
66.71 67.50 2
67.50 67.52 0
67.52 68.51 2
68.51 68.86 0
68.86 69.32 1
69.32 70.60 0
70.60 71.91 2
71.91 72.31 0
72.31 72.79 1
72.79 73.79 0
73.79 74.82 2
74.82 75.34 0
75.34 75.59 1
75.59 75.63 3
75.63 77.83 2
77.83 79.02 0
79.02 79.62 2
79.62 80.27 0
80.27 80.71 2
80.71 81.59 0
81.59 85.52 2
85.52 86.35 0
86.35 88.61 2
88.61 90.09 0
90.09 93.00 2
93.00 94.11 0
94.11 95.09 2
95.09 95.42 0
95.42 96.62 1
96.62 97.66 0
97.66 98.56 2
98.56 100.75 0
100.75 101.61 2
101.61 102.19 0
102.19 103.37 2
103.37 103.55 0
103.55 105.83 1
105.83 106.52 0
106.52 107.09 2
107.09 107.48 0
107.48 107.78 1
107.78 107.92 3
107.92 112.08 2
112.08 112.27 0
112.27 113.86 1
113.86 114.86 0
114.86 116.47 2
116.47 116.66 3
116.66 118.70 1
118.70 119.46 0
119.46 121.07 2
121.07 121.67 0
121.67 124.16 2
124.16 124.64 0
124.64 125.00 1
125.00 126.10 3
126.10 127.36 2
127.36 128.09 0
128.09 131.37 2
131.37 131.77 0
131.77 132.21 1
132.21 132.33 3
132.33 137.10 2
137.10 137.26 0
137.26 140.48 1
140.48 141.55 0
141.55 144.89 2
144.89 146.08 0
146.08 147.13 2
147.13 147.71 0
147.71 150.35 2
150.35 151.70 0
151.70 152.64 2
152.64 152.86 0
152.86 153.42 1
153.42 154.21 0
154.21 154.67 2
154.67 154.93 0
154.93 155.42 1
155.42 156.91 0
156.91 158.30 2
158.30 158.93 0
158.93 159.16 1
159.16 159.60 3
159.60 160.59 1
160.59 161.09 0
161.09 161.93 2
161.93 163.14 0
163.14 165.49 2
165.49 166.52 0
166.52 167.65 2
167.65 169.66 0
169.66 171.79 2
171.79 172.14 0
172.14 172.49 1
172.49 172.55 0
172.55 172.96 2
172.96 174.57 3
174.57 175.40 1
175.40 176.30 0
176.30 177.11 2
177.11 177.18 3
177.18 178.14 1
178.14 178.35 0
178.35 179.33 2
179.33 179.96 3
179.96 180.43 1
180.43 180.82 0
180.82 182.20 2
182.20 182.55 3
182.55 185.23 1
185.23 186.71 3
186.71 189.83 1
189.83 190.16 0
190.16 191.88 2
191.88 192.68 0
192.68 192.73 2
192.73 193.48 3
193.48 194.01 2
194.01 194.63 0
194.63 198.93 2
198.93 199.93 0
199.93 202.41 2
202.41 203.39 0
203.39 204.80 2
204.80 205.67 0
205.67 206.09 1
206.09 212.34 2
212.34 212.36 3
212.36 218.69 1
218.69 221.24 0
221.24 221.80 2
221.80 222.81 3
222.81 223.06 2
223.06 223.27 0
223.27 225.00 2
225.00 225.75 0
225.75 227.13 2
227.13 228.13 3
228.13 229.08 1
229.08 229.97 0
229.97 230.43 2
230.43 231.25 0
231.25 234.07 1
234.07 234.78 0
234.78 235.26 2
235.26 236.12 0
236.12 241.05 2
241.05 241.99 0
241.99 243.18 1
243.18 243.91 3
243.91 245.33 1
245.33 246.57 3
246.57 248.58 2
248.58 248.85 0
248.85 250.85 1
250.85 250.94 0
250.94 252.08 2
252.08 252.36 0
252.36 255.16 2
255.16 256.18 0
256.18 259.86 2
259.86 260.42 3
260.42 260.57 2
260.57 261.53 0
261.53 262.28 2
262.28 262.37 3
262.37 266.84 1
266.84 267.74 0
267.74 268.39 2
268.39 268.45 3
268.45 269.43 1
269.43 270.68 0
270.68 272.48 2
272.48 272.96 0
272.96 273.55 1
273.55 273.97 3
273.97 273.99 2
273.99 274.80 0
274.80 277.10 1
277.10 278.21 0
278.21 283.37 1
283.37 284.67 0
284.67 285.21 1
285.21 286.65 0
286.65 289.31 1
289.31 289.95 3
289.95 291.17 1
291.17 292.00 0
292.00 293.46 2
293.46 293.51 0
293.51 300.78 1
300.78 300.93 3
300.93 302.73 2
302.73 303.37 0
303.37 303.75 1
303.75 304.90 0
304.90 306.44 2
306.44 306.61 3
306.61 307.24 1
307.24 307.65 0
307.65 308.13 1
308.13 308.76 3
308.76 309.83 2
309.83 309.93 3
309.93 310.85 1
310.85 311.00 3
311.00 315.35 2
315.35 316.47 0
316.47 317.29 2
317.29 318.17 0
318.17 318.67 1
318.67 319.63 0
319.63 322.47 1
322.47 322.97 3
322.97 324.77 1
324.77 325.46 0
325.46 326.53 2
326.53 327.65 0
327.65 329.85 2
329.85 329.97 3
329.97 330.96 1
330.96 332.17 0
332.17 333.59 1
333.59 334.55 0
334.55 335.28 2
335.28 335.37 0
335.37 335.80 1
335.80 336.06 3
336.06 337.92 2
337.92 338.02 3
338.02 341.61 1
341.61 341.66 0
341.66 343.29 2
343.29 343.68 1
343.68 344.69 3
344.69 344.73 2
344.73 345.92 3
345.92 346.59 2
346.59 346.61 3
346.61 347.19 1
347.19 348.93 3
348.93 349.14 2
349.14 349.26 3
349.26 350.33 1
350.33 350.58 3
350.58 351.35 1
351.35 351.90 3
351.90 352.75 2
352.75 353.97 3
353.97 354.07 1
354.07 354.49 0
354.49 357.54 3
357.54 358.29 1
358.29 358.42 0
358.42 360.88 2
360.88 361.82 0
361.82 363.89 2
363.89 364.16 3
364.16 365.25 1
365.25 365.82 3
365.82 367.84 2
367.84 367.99 0
367.99 368.64 1
368.64 369.08 0
369.08 370.98 2
370.98 371.10 0
371.10 371.96 1
371.96 372.48 0
372.48 374.15 2
374.15 374.17 0
374.17 374.22 2
374.22 374.66 3
374.66 374.89 2
374.89 375.01 0
375.01 376.22 1
376.22 376.31 0
376.31 377.23 2
377.23 379.09 0
379.09 383.39 2
383.39 383.70 0
383.70 384.21 1
384.21 384.31 0
384.31 384.83 2
384.83 385.52 0
385.52 385.84 1
385.84 386.42 3
386.42 387.68 1
387.68 388.57 0
388.57 390.87 1
390.87 391.29 3
391.29 391.54 1
391.54 391.62 3
391.62 392.17 2
392.17 392.88 3
392.88 395.14 2
395.14 395.62 3
395.62 395.70 1
395.70 396.20 0
396.20 397.48 2
397.48 397.54 3
397.54 398.84 1
398.84 399.09 0
399.09 400.13 2
400.13 401.11 0
401.11 401.87 2
401.87 402.85 0
402.85 408.11 2
408.11 409.26 0
409.26 416.79 2
416.79 417.00 0
417.00 417.37 1
417.37 417.62 0
417.62 420.49 2
420.49 420.83 0
420.83 421.41 1
421.41 421.46 0
421.46 424.50 2
424.50 425.40 0
425.40 427.11 2
427.11 427.71 0
427.71 428.32 1
428.32 429.10 0
429.10 429.74 2
429.74 430.10 0
430.10 430.82 1
430.82 430.95 3
430.95 432.57 2
432.57 432.86 0
432.86 433.49 1
433.49 433.61 3
433.61 437.29 2
437.29 438.07 0
438.07 440.78 2
440.78 442.26 0
442.26 444.48 2
444.48 445.04 0
445.04 447.01 1
447.01 448.32 0
448.32 451.02 2
451.02 451.67 0
451.67 451.90 1
451.90 453.42 0
453.42 453.74 2
453.74 453.94 0
453.94 457.48 1
457.48 457.76 0
457.76 460.07 2
460.07 460.68 0
460.68 462.32 1
462.32 462.57 3
462.57 466.20 1
466.20 466.66 3
466.66 467.46 2
467.46 467.93 3
467.93 469.93 2
469.93 470.12 0
470.12 470.89 1
470.89 471.85 3
471.85 472.88 2
472.88 473.36 0
473.36 474.36 1
474.36 475.49 0
475.49 477.85 2
477.85 478.02 0
478.02 478.52 1
478.52 483.54 2
483.54 484.00 3
484.00 485.17 0
485.17 487.05 2
487.05 487.32 0
487.32 488.32 1
488.32 489.21 0
489.21 490.68 2
490.68 491.40 0
491.40 491.70 2
491.70 493.05 0
493.05 493.63 2
493.63 493.88 3
493.88 495.30 1
495.30 495.82 0
495.82 499.19 2
499.19 500.03 0
500.03 500.65 2
500.65 502.66 0
502.66 506.50 2
506.50 507.99 0
507.99 508.74 2
508.74 509.07 0
509.07 509.62 1
509.62 510.20 0
510.20 511.00 2
511.00 512.25 0
512.25 513.51 2
513.51 513.96 0
513.96 516.68 2
516.68 516.77 0
516.77 517.39 1
517.39 517.81 0
517.81 519.57 2
519.57 520.11 0
520.11 523.77 2
523.77 524.31 0
524.31 525.25 2
525.25 525.42 3
525.42 526.07 1
526.07 526.94 0
526.94 530.06 2
530.06 530.21 0
530.21 530.98 1
530.98 531.67 0
531.67 532.58 2
532.58 533.40 0
533.40 534.33 1
534.33 535.03 0
535.03 535.76 2
535.76 535.78 0
535.78 537.31 1
537.31 538.67 3
538.67 539.55 2
539.55 540.53 0
540.53 542.24 2
542.24 542.28 0
542.28 542.78 1
542.78 543.83 0
543.83 544.29 2
544.29 544.92 0
544.92 545.44 1
545.44 546.17 0
546.17 548.20 1
548.20 549.03 0
549.03 550.45 1
550.45 551.21 0
551.21 552.04 2
552.04 554.43 1
554.43 555.30 0
555.30 556.93 2
556.93 557.02 3
557.02 557.58 1
557.58 558.23 0
558.23 560.53 2
560.53 560.72 0
560.72 561.26 1
561.26 561.99 0
561.99 562.72 2
562.72 562.85 3
562.85 564.50 1
564.50 565.40 0
565.40 566.21 2
566.21 567.13 0
567.13 568.34 2
568.34 569.22 0
569.22 569.56 1
569.56 570.41 3
570.41 570.56 1
570.56 572.00 0
572.00 574.32 2
574.32 574.95 0
574.95 575.74 1
575.74 576.75 0
576.75 577.27 2
577.27 578.23 0
578.23 579.90 2
579.90 580.19 0
580.19 580.84 1
580.84 581.51 0
581.51 583.01 2
583.01 583.29 0
583.29 584.54 1
584.54 585.01 0
585.01 585.34 2
585.34 585.95 3
585.95 588.33 1
588.33 591.35 0
591.35 591.96 2
591.96 592.66 0
592.66 592.98 1
592.98 593.19 0
593.19 595.75 2
595.75 595.91 0
595.91 596.52 1
596.52 597.44 0
597.44 597.85 2
597.85 599.30 0
599.30 601.63 1
601.63 602.39 0
602.39 602.81 2
602.81 603.79 0
603.79 604.80 1
