0.00 1.74 1
1.74 1.92 0
1.92 2.70 2
2.70 2.82 0
2.82 3.45 1
3.45 3.46 0
3.46 5.94 2
5.94 6.18 0
6.18 13.19 2
13.19 13.38 0
13.38 13.81 1
13.81 13.90 3
13.90 15.94 2
15.94 15.96 0
15.96 16.59 1
16.59 20.33 2
20.33 21.11 0
21.11 24.01 1
24.01 24.09 0
24.09 29.93 2
29.93 30.32 3
30.32 30.77 2
30.77 31.62 0
31.62 35.87 2
35.87 36.60 0
36.60 37.75 1
37.75 37.88 3
37.88 38.06 1
38.06 38.38 0
38.38 40.95 1
40.95 41.01 3
41.01 41.09 2
41.09 41.40 3
41.40 44.20 1
44.20 44.57 0
44.57 45.27 2
45.27 45.32 3
45.32 47.70 1
47.70 48.27 0
48.27 48.87 2
48.87 48.94 3
48.94 51.63 1
51.63 51.78 3
51.78 52.70 2
52.70 52.90 3
52.90 59.17 1
59.17 60.07 0
60.07 60.11 1
60.11 60.45 3
60.45 66.23 1
66.23 66.79 0
66.79 67.42 2
67.42 67.72 0
67.72 73.19 1
73.19 74.06 0
74.06 74.92 2
74.92 75.01 3
75.01 78.93 1
78.93 79.81 0
79.81 80.39 1
80.39 81.76 0
81.76 86.69 1
86.69 88.02 0
88.02 89.38 2
89.38 89.76 0
89.76 94.82 1
94.82 95.36 0
95.36 95.85 2
95.85 95.98 0
95.98 96.72 1
96.72 99.30 0
99.30 101.90 1
101.90 101.96 3
101.96 105.90 2
105.90 108.01 0
108.01 109.08 2
109.08 109.38 3
109.38 115.84 1
115.84 118.09 0
118.09 124.39 1
124.39 124.90 0
124.90 125.46 2
125.46 126.02 0
126.02 134.01 1
134.01 134.35 0
134.35 134.55 1
134.55 135.02 3
135.02 135.04 2
135.04 135.70 0
135.70 136.05 1
136.05 136.21 3
136.21 136.36 2
136.36 136.77 0
136.77 140.85 1
140.85 141.30 0
141.30 142.95 2
142.95 143.97 3
143.97 147.98 1
147.98 148.42 0
148.42 148.97 2
148.97 149.08 3
149.08 149.46 1
149.46 150.03 3
150.03 151.17 2
151.17 151.27 3
151.27 153.69 1
153.69 153.80 3
153.80 154.14 2
154.14 154.51 3
154.51 160.72 1
160.72 160.73 0
160.73 164.44 1
164.44 164.61 3
164.61 164.96 2
164.96 165.10 3
165.10 167.02 1
167.02 167.13 0
167.13 169.92 2
169.92 170.00 3
170.00 170.44 1
170.44 170.77 0
170.77 173.29 2
173.29 173.94 3
173.94 175.84 1
175.84 176.07 3
176.07 176.21 2
176.21 176.47 3
176.47 178.53 1
178.53 178.62 3
178.62 181.91 2
181.91 181.93 0
181.93 182.21 1
182.21 182.33 3
182.33 183.79 2
183.79 185.13 3
185.13 185.66 1
185.66 185.95 0
185.95 191.85 2
191.85 192.13 3
192.13 192.37 1
192.37 192.38 0
192.38 197.29 2
197.29 197.65 0
197.65 201.43 2
201.43 201.88 0
201.88 202.33 1
202.33 202.91 0
202.91 203.63 2
203.63 203.83 3
203.83 204.59 1
204.59 205.05 0
205.05 206.17 2
206.17 206.27 3
206.27 206.85 1
206.85 207.21 0
207.21 212.90 2
212.90 214.26 0
214.26 219.46 2
219.46 219.82 3
219.82 220.61 1
220.61 220.77 3
220.77 221.63 1
221.63 222.26 0
222.26 229.07 2
229.07 229.21 3
229.21 229.55 1
229.55 229.93 0
229.93 236.60 2
236.60 236.82 3
236.82 237.34 1
237.34 237.74 3
237.74 238.46 2
238.46 239.40 3
239.40 239.91 1
239.91 240.02 0
240.02 245.62 2
245.62 246.94 0
246.94 251.85 2
251.85 253.00 0
253.00 255.55 2
255.55 255.77 0
255.77 256.30 1
256.30 256.56 0
256.56 259.25 2
259.25 259.35 3
259.35 262.49 1
262.49 262.93 0
262.93 266.25 2
266.25 266.66 3
266.66 268.98 1
268.98 269.26 0
269.26 269.89 2
269.89 269.96 0
269.96 270.55 1
270.55 270.89 3
270.89 277.19 2
277.19 277.38 0
277.38 277.78 1
277.78 277.87 0
277.87 285.70 2
285.70 285.71 0
285.71 286.13 1
286.13 286.71 0
286.71 289.15 2
289.15 289.36 0
289.36 291.45 1
291.45 291.61 0
291.61 293.79 2
293.79 293.86 3
293.86 294.46 1
294.46 294.50 3
294.50 297.33 2
297.33 297.55 3
297.55 297.95 1
297.95 298.17 0
298.17 300.27 2
300.27 300.84 3
300.84 301.37 1
301.37 302.85 3
302.85 304.89 2
304.89 304.92 0
304.92 313.48 2
313.48 314.65 0
314.65 317.54 1
317.54 317.63 3
317.63 319.30 2
319.30 320.74 3
320.74 320.75 2
320.75 321.61 0
321.61 325.19 2
325.19 325.36 0
325.36 325.86 1
325.86 326.29 0
326.29 329.32 2
329.32 329.75 3
329.75 330.23 1
330.23 331.83 3
331.83 333.59 2
333.59 333.61 0
333.61 333.86 1
333.86 334.24 0
334.24 336.16 2
336.16 336.18 0
336.18 336.24 1
336.24 336.43 3
336.43 337.77 2
337.77 338.53 0
338.53 342.00 2
342.00 342.29 0
342.29 345.85 2
345.85 346.15 3
346.15 346.58 1
346.58 346.90 0
346.90 348.92 2
348.92 363.24 0
363.24 366.86 2
366.86 366.91 3
366.91 367.22 1
367.22 367.51 3
367.51 368.74 2
368.74 368.76 3
368.76 368.77 1
368.77 369.06 3
369.06 370.07 2
370.07 370.56 3
370.56 373.08 1
373.08 373.41 0
373.41 374.23 2
374.23 374.25 0
374.25 375.88 1
375.88 376.19 0
376.19 377.10 2
377.10 377.42 3
377.42 377.79 2
377.79 378.17 0
378.17 378.25 2
378.25 378.75 3
378.75 381.07 1
381.07 381.31 0
381.31 381.86 2
381.86 381.87 0
381.87 383.72 1
383.72 383.88 0
383.88 384.51 2
384.51 384.80 0
384.80 385.27 1
385.27 385.29 3
385.29 387.56 2
387.56 387.74 3
387.74 387.79 1
387.79 387.85 3
387.85 389.06 2
389.06 389.11 3
389.11 390.74 1
390.74 391.36 0
391.36 391.60 2
391.60 392.08 3
392.08 400.28 1
400.28 400.35 3
400.35 401.52 2
401.52 401.91 3
401.91 404.57 1
404.57 405.67 0
405.67 407.44 1
407.44 407.91 0
407.91 408.56 2
408.56 408.94 0
408.94 410.82 1
410.82 411.07 0
411.07 411.97 2
411.97 412.14 0
412.14 413.28 1
413.28 413.63 0
413.63 417.64 2
417.64 418.52 0
418.52 422.38 2
422.38 422.86 0
422.86 423.31 1
423.31 423.51 0
423.51 425.32 2
425.32 425.54 3
425.54 425.66 1
425.66 425.94 0
425.94 432.41 2
432.41 432.58 3
432.58 433.16 2
433.16 434.88 0
434.88 435.85 2
435.85 436.82 3
436.82 437.77 2
437.77 438.62 0
438.62 443.30 2
443.30 443.33 0
443.33 443.83 1
443.83 443.95 0
443.95 446.23 2
446.23 447.38 0
447.38 451.57 2
451.57 451.83 0
451.83 452.51 1
452.51 452.86 0
452.86 456.88 2
456.88 457.24 3
457.24 457.57 1
457.57 457.89 0
457.89 461.12 2
461.12 461.56 0
461.56 467.01 2
467.01 467.03 0
467.03 469.60 1
469.60 469.92 0
469.92 471.17 2
471.17 471.78 3
471.78 472.01 1
472.01 472.63 0
472.63 479.16 2
479.16 479.56 0
479.56 483.43 2
483.43 484.08 0
484.08 491.54 2
491.54 491.59 0
491.59 491.97 1
491.97 492.92 0
492.92 498.18 2
498.18 498.22 0
498.22 501.87 2
501.87 503.43 3
503.43 507.49 1
507.49 507.69 0
507.69 514.25 2
514.25 514.28 0
514.28 519.24 2
519.24 519.26 0
519.26 523.92 2
523.92 523.93 0
523.93 524.07 1
524.07 524.40 3
524.40 526.99 2
526.99 528.73 0
528.73 536.72 2
536.72 539.64 0
539.64 541.82 2
541.82 541.90 0
541.90 543.32 1
543.32 543.62 0
543.62 544.91 2
544.91 545.38 0
545.38 552.26 2
552.26 553.07 0
553.07 555.68 2
555.68 555.70 3
555.70 558.23 1
558.23 558.29 3
558.29 558.72 2
558.72 558.77 0
558.77 558.97 1
558.97 560.11 3
560.11 560.81 2
560.81 561.63 0
561.63 567.46 2
567.46 567.65 0
567.65 572.55 2
572.55 572.93 0
572.93 576.39 2
576.39 577.06 0
577.06 578.02 1
578.02 578.31 0
578.31 581.17 2
581.17 581.55 0
581.55 583.31 1
583.31 584.48 0
584.48 587.37 1
587.37 588.65 0
588.65 590.62 2
590.62 590.99 0
590.99 592.73 1
592.73 594.47 0
594.47 595.37 2
595.37 595.68 3
595.68 596.08 1
596.08 596.27 0
596.27 598.83 2
598.83 599.43 0
599.43 602.45 2
602.45 602.53 0
602.53 602.88 1
602.88 602.91 3
602.91 606.32 2
606.32 606.68 0
606.68 611.13 1
