0.00 0.71 1
0.71 1.68 0
1.68 6.23 2
6.23 8.46 0
8.46 9.06 1
9.06 9.17 0
9.17 9.48 2
9.48 9.86 0
9.86 11.07 2
11.07 11.35 0
11.35 15.20 1
15.20 15.96 0
15.96 18.20 2
18.20 18.33 0
18.33 22.95 1
22.95 24.34 0
24.34 25.34 1
25.34 26.18 0
26.18 27.30 2
27.30 27.36 0
27.36 27.86 1
27.86 28.50 0
28.50 31.29 2
31.29 32.00 0
32.00 34.28 2
34.28 34.81 0
34.81 35.84 2
35.84 36.12 0
36.12 36.44 1
36.44 36.52 3
36.52 39.69 2
39.69 40.11 0
40.11 40.86 2
40.86 41.23 0
41.23 42.02 1
42.02 42.85 0
42.85 42.88 1
42.88 43.34 3
43.34 44.64 2
44.64 44.79 3
44.79 45.19 1
45.19 46.11 0
46.11 46.53 1
46.53 46.78 3
46.78 46.87 2
46.87 47.59 0
47.59 50.70 1
50.70 51.66 0
51.66 51.68 2
51.68 52.01 3
52.01 55.28 1
55.28 56.27 0
56.27 56.97 2
56.97 57.08 0
57.08 60.01 1
60.01 60.65 0
60.65 61.17 2
61.17 61.62 0
61.62 66.68 1
66.68 67.86 0
67.86 68.91 2
68.91 69.14 0
69.14 72.18 1
72.18 72.45 3
72.45 72.50 2
72.50 72.95 0
72.95 73.70 1
73.70 73.95 3
73.95 74.02 2
74.02 74.10 0
74.10 75.59 1
75.59 75.77 0
75.77 77.92 1
77.92 78.71 0
78.71 80.54 2
80.54 80.73 0
80.73 83.70 1
83.70 84.54 0
84.54 84.88 2
84.88 85.05 0
85.05 86.67 1
86.67 87.17 0
87.17 88.04 1
88.04 88.13 3
88.13 88.23 2
88.23 88.68 0
88.68 90.89 2
90.89 91.66 0
91.66 93.39 1
93.39 94.82 0
94.82 94.85 1
94.85 95.72 3
95.72 99.29 1
99.29 100.32 0
100.32 100.63 2
100.63 100.90 0
100.90 101.32 1
101.32 101.64 0
101.64 102.84 1
102.84 103.72 0
103.72 104.11 2
104.11 104.93 0
104.93 107.11 1
107.11 107.96 0
107.96 108.64 1
108.64 110.69 0
110.69 112.01 1
112.01 112.62 0
112.62 113.71 1
113.71 114.65 0
114.65 116.65 1
116.65 117.17 0
117.17 117.88 1
117.88 118.03 0
118.03 119.47 1
119.47 121.02 0
121.02 121.61 1
121.61 121.87 3
121.87 124.76 1
124.76 124.92 0
124.92 126.18 1
126.18 126.51 0
126.51 129.04 2
129.04 129.17 0
129.17 129.52 1
129.52 130.64 0
130.64 130.69 1
130.69 130.95 3
130.95 133.33 2
133.33 133.63 0
133.63 137.92 1
137.92 139.36 0
139.36 141.35 1
141.35 141.70 3
141.70 143.27 2
143.27 143.92 0
143.92 147.27 1
147.27 147.58 0
147.58 149.98 1
149.98 150.51 0
150.51 151.65 1
151.65 153.40 0
153.40 158.91 1
158.91 159.42 0
159.42 159.82 1
159.82 160.40 3
160.40 163.62 2
163.62 164.08 0
164.08 164.84 1
164.84 165.19 0
165.19 165.46 1
165.46 165.75 3
165.75 166.95 1
166.95 167.45 0
167.45 169.54 1
169.54 170.38 0
170.38 173.31 1
173.31 174.81 0
174.81 175.55 1
175.55 177.06 0
177.06 177.80 1
177.80 178.23 0
178.23 180.60 1
180.60 180.88 0
180.88 182.07 1
182.07 183.32 0
183.32 183.46 2
183.46 183.59 3
183.59 185.98 1
185.98 188.08 0
188.08 188.40 1
188.40 188.76 0
188.76 188.95 2
188.95 190.28 0
190.28 192.38 1
192.38 193.31 0
193.31 196.02 2
196.02 196.25 0
196.25 196.59 1
196.59 196.83 0
196.83 197.57 2
197.57 198.13 0
198.13 198.39 1
198.39 198.75 3
198.75 198.91 2
198.91 199.05 0
199.05 200.48 1
200.48 200.91 0
200.91 201.87 1
201.87 203.60 0
203.60 204.87 2
204.87 205.95 0
205.95 207.62 2
207.62 208.11 0
208.11 208.93 2
208.93 209.57 0
209.57 211.20 2
211.20 212.18 0
212.18 213.36 2
213.36 213.94 0
213.94 215.08 2
215.08 215.89 0
215.89 222.48 2
222.48 222.62 0
222.62 223.10 1
223.10 223.67 0
223.67 225.52 2
225.52 226.39 0
226.39 228.38 2
228.38 228.98 0
228.98 232.03 2
232.03 232.76 0
232.76 234.60 2
234.60 235.38 0
235.38 238.86 2
238.86 239.17 0
239.17 239.64 1
239.64 239.88 0
239.88 239.90 1
239.90 240.94 3
240.94 243.19 2
243.19 243.27 3
243.27 243.48 1
243.48 244.27 0
244.27 244.96 2
244.96 245.41 0
245.41 247.01 1
247.01 247.90 0
247.90 248.22 1
248.22 248.49 3
248.49 249.68 1
249.68 251.00 0
251.00 252.16 2
252.16 252.30 0
252.30 252.47 1
252.47 253.21 3
253.21 255.62 1
255.62 256.18 0
256.18 256.52 1
256.52 256.69 3
256.69 256.76 2
256.76 257.77 0
257.77 257.97 2
257.97 258.15 0
258.15 258.17 1
258.17 258.60 3
258.60 262.07 2
262.07 262.35 0
262.35 262.72 1
262.72 262.79 3
262.79 264.68 2
264.68 265.46 0
265.46 266.52 2
266.52 267.18 0
267.18 268.44 2
268.44 269.06 0
269.06 271.08 2
271.08 272.01 0
272.01 272.88 2
272.88 274.21 0
274.21 275.35 2
275.35 276.27 0
276.27 276.41 2
276.41 276.62 0
276.62 276.85 2
276.85 276.99 0
276.99 278.59 2
278.59 279.34 0
279.34 279.83 1
279.83 280.13 0
280.13 280.96 2
280.96 281.09 0
281.09 282.28 2
282.28 283.04 0
283.04 286.17 2
286.17 286.85 0
286.85 289.03 2
289.03 290.09 0
290.09 290.64 1
290.64 290.76 3
290.76 291.38 2
291.38 291.77 0
291.77 292.55 1
292.55 293.62 0
293.62 294.46 2
294.46 295.12 0
295.12 297.85 2
297.85 298.87 0
298.87 301.04 2
301.04 301.34 0
301.34 301.71 1
301.71 301.83 0
301.83 302.79 2
302.79 303.15 0
303.15 305.31 2
305.31 305.79 0
305.79 306.76 2
306.76 307.11 0
307.11 308.00 2
308.00 308.82 0
308.82 310.65 2
310.65 310.85 0
310.85 312.53 2
312.53 312.95 0
312.95 313.83 2
313.83 314.57 0
314.57 318.09 2
318.09 318.80 0
318.80 321.38 2
321.38 321.52 0
321.52 321.98 1
321.98 321.99 3
321.99 324.49 2
324.49 324.69 3
324.69 327.49 2
327.49 327.75 0
327.75 336.07 2
336.07 336.69 0
336.69 338.01 2
338.01 338.80 0
338.80 339.13 1
339.13 339.74 3
339.74 339.81 1
339.81 341.37 0
341.37 341.42 1
341.42 341.64 3
341.64 341.90 2
341.90 342.22 3
342.22 342.60 2
342.60 342.80 0
342.80 343.12 1
343.12 343.46 0
343.46 343.60 2
343.60 343.82 0
343.82 344.65 2
344.65 345.69 0
345.69 346.21 2
346.21 346.54 0
346.54 348.23 2
348.23 348.27 0
348.27 348.48 1
348.48 349.69 0
349.69 350.82 2
350.82 351.11 0
351.11 351.46 1
351.46 353.06 0
353.06 354.05 2
354.05 354.62 0
354.62 356.46 2
356.46 356.70 0
356.70 358.41 2
358.41 359.02 0
359.02 361.52 2
361.52 362.31 0
362.31 364.47 2
364.47 365.44 0
365.44 365.95 2
365.95 366.16 0
366.16 368.08 2
368.08 368.51 0
368.51 370.07 1
370.07 370.13 3
370.13 370.52 2
370.52 371.08 0
371.08 371.45 2
371.45 371.82 0
371.82 372.65 2
372.65 373.80 0
373.80 375.14 2
375.14 375.88 0
375.88 377.64 2
377.64 378.00 0
378.00 380.02 2
380.02 380.39 0
380.39 380.85 1
380.85 381.79 0
381.79 382.83 2
382.83 383.05 0
383.05 384.28 2
384.28 384.67 3
384.67 386.06 1
386.06 386.41 0
386.41 388.86 1
388.86 389.74 0
389.74 390.12 1
390.12 390.39 3
390.39 390.97 2
390.97 391.38 0
391.38 392.17 1
392.17 392.43 3
392.43 392.58 1
392.58 393.03 3
393.03 394.32 1
394.32 394.72 3
394.72 395.24 1
395.24 396.95 0
396.95 399.37 2
399.37 399.56 0
399.56 399.67 1
399.67 399.94 3
399.94 401.08 2
401.08 403.34 0
403.34 404.51 2
404.51 404.60 0
404.60 407.15 1
407.15 408.06 0
408.06 409.38 1
409.38 409.86 0
409.86 411.63 2
411.63 411.68 3
411.68 412.11 1
412.11 413.19 0
413.19 413.57 2
413.57 413.86 0
413.86 414.54 2
414.54 415.30 0
415.30 417.76 2
417.76 418.32 3
418.32 418.42 1
418.42 419.17 0
419.17 419.45 2
419.45 419.54 3
419.54 421.25 1
421.25 421.58 3
421.58 421.75 2
421.75 421.91 0
421.91 422.09 2
422.09 423.01 0
423.01 423.37 2
423.37 423.56 0
423.56 424.46 2
424.46 425.20 0
425.20 426.70 2
426.70 427.64 0
427.64 428.53 2
428.53 429.50 0
429.50 429.58 1
429.58 430.09 3
430.09 430.71 2
430.71 431.68 0
431.68 432.50 2
432.50 432.88 0
432.88 434.84 2
434.84 435.60 0
435.60 437.27 2
437.27 439.46 0
439.46 441.99 2
441.99 442.99 0
442.99 446.33 2
446.33 446.53 0
446.53 447.28 1
447.28 447.70 3
447.70 448.11 2
448.11 448.55 0
448.55 448.88 2
448.88 449.17 0
449.17 450.19 1
450.19 451.58 0
451.58 452.84 1
452.84 453.61 0
453.61 453.86 2
453.86 454.66 0
454.66 457.39 1
457.39 459.88 0
459.88 463.97 2
463.97 464.33 0
464.33 464.89 1
464.89 464.97 3
464.97 465.44 2
465.44 466.02 0
466.02 469.63 2
469.63 469.87 0
469.87 470.72 1
470.72 471.54 0
471.54 471.85 2
471.85 472.11 0
472.11 473.00 1
473.00 475.61 0
475.61 477.58 2
477.58 478.27 3
478.27 478.57 2
478.57 479.83 0
479.83 482.76 2
482.76 483.77 0
483.77 485.35 2
485.35 487.41 0
487.41 490.02 2
490.02 490.05 0
490.05 490.63 1
490.63 491.03 0
491.03 494.66 2
494.66 494.93 0
494.93 495.85 1
495.85 497.64 0
497.64 500.36 2
500.36 501.05 0
501.05 501.82 2
501.82 502.01 0
502.01 502.44 1
502.44 502.45 3
502.45 508.86 2
508.86 509.04 0
509.04 510.62 1
510.62 511.83 0
511.83 512.70 2
512.70 514.06 0
514.06 516.50 2
516.50 516.90 0
516.90 518.58 1
518.58 519.63 0
519.63 521.20 2
521.20 523.05 0
523.05 528.17 2
528.17 528.44 0
528.44 528.77 1
528.77 528.84 3
528.84 530.15 2
530.15 530.63 0
530.63 530.74 1
530.74 530.83 3
530.83 535.94 2
535.94 536.07 3
536.07 538.21 1
538.21 539.15 0
539.15 541.60 2
541.60 542.38 0
542.38 542.51 1
542.51 542.83 3
542.83 545.06 2
545.06 546.25 0
546.25 546.29 2
546.29 546.89 3
546.89 548.68 2
548.68 549.37 0
549.37 553.98 2
553.98 556.10 0
556.10 557.23 2
557.23 558.04 0
558.04 558.76 2
558.76 560.10 0
560.10 563.05 2
563.05 564.02 0
564.02 565.27 2
565.27 565.92 0
565.92 566.90 2
566.90 567.06 3
567.06 567.16 2
567.16 568.02 0
568.02 575.40 2
575.40 577.35 0
577.35 579.76 2
579.76 580.43 0
580.43 580.58 1
580.58 580.80 3
580.80 581.55 2
581.55 582.17 0
582.17 583.08 1
583.08 583.90 0
583.90 583.92 2
583.92 585.58 3
585.58 588.44 2
588.44 588.69 0
588.69 595.33 1
595.33 596.33 0
596.33 598.24 1
598.24 600.19 0
600.19 600.88 1
