0.00 1.94 2
1.94 2.04 3
2.04 3.66 1
3.66 4.00 0
4.00 4.40 2
4.40 5.89 1
5.89 5.99 3
5.99 6.73 2
6.73 7.59 0
7.59 11.98 1
11.98 12.25 3
12.25 13.05 2
13.05 13.28 3
13.28 18.72 1
18.72 19.29 0
19.29 26.62 1
26.62 26.96 0
26.96 27.38 2
27.38 27.40 3
27.40 32.20 1
32.20 32.62 0
32.62 33.05 1
33.05 33.85 3
33.85 35.62 1
35.62 35.89 0
35.89 37.50 2
37.50 37.55 0
37.55 38.87 1
38.87 38.98 0
38.98 39.86 2
39.86 39.96 0
39.96 40.63 1
40.63 41.12 0
41.12 41.60 2
41.60 43.79 1
43.79 44.04 0
44.04 47.04 1
47.04 47.43 3
47.43 47.55 2
47.55 47.63 0
47.63 49.16 1
49.16 49.82 0
49.82 55.04 1
55.04 55.38 0
55.38 58.11 1
58.11 58.68 3
58.68 60.72 1
60.72 60.95 0
60.95 62.36 2
62.36 63.09 0
63.09 63.60 1
63.60 63.98 0
63.98 64.37 2
64.37 64.52 0
64.52 66.01 1
66.01 66.24 3
66.24 66.45 1
66.45 66.90 0
66.90 68.96 1
68.96 69.77 0
69.77 74.66 1
74.66 75.36 0
75.36 79.16 1
79.16 79.19 3
79.19 80.57 2
80.57 81.25 0
81.25 88.00 1
88.00 88.40 0
88.40 92.80 1
92.80 93.17 3
93.17 94.04 2
94.04 94.55 0
94.55 99.58 1
99.58 99.84 0
99.84 100.61 2
100.61 101.20 1
101.20 101.66 3
101.66 102.32 2
102.32 102.88 3
102.88 103.77 1
103.77 104.10 3
104.10 105.45 2
105.45 106.60 3
106.60 112.88 1
112.88 113.77 0
113.77 121.50 1
121.50 122.80 0
122.80 126.83 1
126.83 127.20 0
127.20 130.15 1
130.15 130.51 0
130.51 135.55 1
135.55 136.03 0
136.03 136.44 2
136.44 136.58 3
136.58 140.36 1
140.36 140.73 0
140.73 144.02 1
144.02 144.48 3
144.48 144.77 1
144.77 145.07 0
145.07 146.36 1
146.36 146.71 3
146.71 147.25 2
147.25 147.46 0
147.46 148.67 1
148.67 149.02 0
149.02 150.78 2
150.78 150.95 0
150.95 156.96 1
156.96 157.76 3
157.76 159.69 1
159.69 160.07 3
160.07 161.16 2
161.16 161.32 0
161.32 162.75 1
162.75 163.44 0
163.44 164.37 1
164.37 165.14 0
165.14 174.18 1
174.18 174.53 3
174.53 175.16 1
175.16 175.37 0
175.37 177.75 1
177.75 178.00 3
178.00 189.91 1
189.91 189.93 3
189.93 190.50 2
190.50 190.56 3
190.56 200.69 1
200.69 201.03 3
201.03 201.91 2
201.91 202.35 0
202.35 212.83 1
212.83 212.92 0
212.92 213.44 2
213.44 226.19 1
226.19 226.26 0
226.26 226.68 2
226.68 227.29 0
227.29 234.38 1
234.38 234.79 3
234.79 234.89 1
234.89 235.64 0
235.64 236.87 1
236.87 237.64 0
237.64 239.66 1
239.66 240.53 0
240.53 242.06 1
242.06 242.62 0
242.62 245.00 1
245.00 245.17 3
245.17 245.62 2
245.62 245.81 0
245.81 247.97 1
247.97 248.64 0
248.64 251.30 1
251.30 251.51 0
251.51 252.07 2
252.07 252.13 0
252.13 254.66 1
254.66 255.12 0
255.12 257.45 1
257.45 258.06 0
258.06 258.55 1
258.55 258.92 3
258.92 259.88 2
259.88 260.24 3
260.24 260.48 2
260.48 260.56 3
260.56 263.21 1
263.21 263.33 3
263.33 263.71 2
263.71 263.77 0
263.77 265.26 1
265.26 265.99 0
265.99 270.22 1
270.22 270.88 0
270.88 271.98 1
271.98 272.36 0
272.36 273.61 1
273.61 274.36 0
274.36 277.23 1
277.23 277.57 0
277.57 286.70 1
286.70 287.24 0
287.24 289.85 1
289.85 290.12 3
290.12 293.61 1
293.61 294.21 0
294.21 299.79 1
299.79 299.84 0
299.84 301.23 2
301.23 301.34 3
301.34 303.43 1
303.43 303.85 3
303.85 304.22 2
304.22 304.31 3
304.31 306.04 1
306.04 306.20 3
306.20 306.98 2
306.98 307.04 0
307.04 312.17 1
312.17 312.41 3
312.41 312.60 2
312.60 312.68 3
312.68 313.89 1
313.89 315.07 0
315.07 315.76 1
315.76 316.05 0
316.05 318.43 2
318.43 318.91 3
318.91 319.43 2
319.43 319.51 3
319.51 320.98 1
320.98 321.57 0
321.57 324.51 1
324.51 325.45 0
325.45 330.08 1
330.08 330.39 0
330.39 330.42 2
330.42 330.83 3
330.83 333.40 1
333.40 333.71 3
333.71 333.96 2
333.96 334.57 0
334.57 336.48 1
336.48 337.19 3
337.19 338.08 1
338.08 338.64 0
338.64 340.48 1
340.48 341.07 0
341.07 346.77 1
346.77 347.26 0
347.26 350.52 1
350.52 351.08 0
351.08 358.12 1
358.12 358.44 0
358.44 362.37 1
362.37 362.43 3
362.43 362.62 2
362.62 362.75 3
362.75 366.13 1
366.13 366.57 3
366.57 368.07 1
368.07 368.57 0
368.57 368.94 1
368.94 369.41 0
369.41 370.64 1
370.64 371.38 3
371.38 371.62 1
371.62 372.22 0
372.22 372.49 1
372.49 372.85 3
372.85 372.94 2
372.94 373.23 0
373.23 374.26 2
374.26 375.11 3
375.11 376.39 1
376.39 376.64 0
376.64 378.52 1
378.52 379.03 0
379.03 379.56 1
379.56 380.23 0
380.23 382.29 1
382.29 383.48 3
383.48 384.33 2
384.33 384.51 3
384.51 385.69 1
385.69 386.05 0
386.05 387.94 1
387.94 388.12 0
388.12 392.70 1
392.70 393.60 0
393.60 394.69 1
394.69 395.07 0
395.07 398.81 2
398.81 398.94 0
398.94 399.20 2
399.20 399.33 0
399.33 403.49 1
403.49 403.60 0
403.60 404.13 2
404.13 404.16 0
404.16 407.50 1
407.50 407.68 0
407.68 409.22 2
409.22 409.51 0
409.51 409.69 2
409.69 409.79 3
409.79 411.83 1
411.83 412.61 0
412.61 414.00 1
414.00 414.38 0
414.38 415.69 1
415.69 416.18 3
416.18 417.06 1
417.06 417.37 0
417.37 419.32 1
419.32 419.57 0
419.57 423.07 1
423.07 423.66 0
423.66 426.79 1
426.79 427.67 3
427.67 428.25 1
428.25 428.68 0
428.68 432.52 1
432.52 432.62 0
432.62 433.12 2
433.12 433.18 0
433.18 434.44 1
434.44 435.07 0
435.07 437.63 1
437.63 438.12 0
438.12 441.20 1
441.20 441.61 0
441.61 442.01 2
442.01 442.13 3
442.13 443.10 1
443.10 443.52 0
443.52 446.18 1
446.18 446.40 0
446.40 449.73 1
449.73 449.93 0
449.93 450.19 2
450.19 450.32 3
450.32 453.57 1
453.57 453.87 0
453.87 454.54 2
454.54 454.61 0
454.61 456.80 1
456.80 457.02 0
457.02 457.28 1
457.28 458.12 3
458.12 463.28 1
463.28 463.77 0
463.77 466.69 1
466.69 467.65 0
467.65 475.93 1
475.93 476.47 0
476.47 483.64 1
483.64 484.12 3
484.12 484.16 1
484.16 484.69 0
484.69 487.52 1
487.52 487.98 3
487.98 488.28 2
488.28 488.68 3
488.68 493.02 1
493.02 493.36 0
493.36 493.65 2
493.65 493.75 3
493.75 496.01 1
496.01 496.54 0
496.54 498.41 1
498.41 498.82 0
498.82 502.91 1
502.91 503.28 0
503.28 506.51 1
506.51 506.93 0
506.93 508.57 1
508.57 508.85 3
508.85 509.03 2
509.03 509.10 3
509.10 509.71 1
509.71 510.30 0
510.30 511.04 1
511.04 511.42 0
511.42 513.05 2
513.05 513.10 3
513.10 515.30 1
515.30 516.04 0
516.04 517.72 1
517.72 518.80 0
518.80 521.65 1
521.65 522.14 0
522.14 523.21 1
523.21 523.76 0
523.76 526.24 1
526.24 526.33 0
526.33 526.77 2
526.77 526.88 3
526.88 529.41 1
529.41 529.89 0
529.89 534.17 1
534.17 534.80 0
534.80 534.97 1
534.97 535.59 3
535.59 536.48 1
536.48 536.59 0
536.59 538.18 1
538.18 538.50 3
538.50 539.38 2
539.38 539.82 0
539.82 545.75 1
545.75 545.94 0
545.94 546.57 2
546.57 546.89 0
546.89 550.76 1
550.76 551.10 0
551.10 551.71 1
551.71 552.93 0
552.93 558.10 1
558.10 558.60 0
558.60 562.05 1
562.05 562.80 0
562.80 563.92 1
563.92 564.16 3
564.16 564.72 2
564.72 564.96 3
564.96 565.23 1
565.23 565.54 0
565.54 569.23 1
569.23 569.31 0
569.31 569.74 2
569.74 569.97 0
569.97 572.66 1
572.66 573.40 0
573.40 575.38 1
575.38 575.91 0
575.91 577.45 1
577.45 577.86 0
577.86 578.28 2
578.28 578.85 3
578.85 582.19 1
582.19 582.66 0
582.66 583.10 1
583.10 583.42 0
583.42 584.85 2
584.85 585.08 3
585.08 585.39 1
585.39 585.58 3
585.58 586.36 1
586.36 586.57 0
586.57 591.49 1
591.49 591.89 0
591.89 594.42 1
594.42 594.94 0
594.94 594.98 2
594.98 595.77 3
595.77 596.03 2
596.03 596.77 0
596.77 598.34 1
598.34 598.82 0
598.82 601.60 1
601.60 602.40 0
602.40 605.82 1
605.82 606.80 0
606.80 610.25 1
610.25 610.78 0
610.78 613.42 1
