0.00 4.89 1
4.89 5.42 3
5.42 5.46 1
5.46 5.48 0
5.48 7.19 1
7.19 7.53 0
7.53 7.69 2
7.69 7.82 3
7.82 13.69 1
13.69 14.15 0
14.15 14.28 1
14.28 14.53 3
14.53 21.01 1
21.01 21.93 3
21.93 22.36 1
22.36 22.39 3
22.39 22.91 2
22.91 23.29 0
23.29 23.83 1
23.83 24.60 0
24.60 24.74 2
24.74 25.09 3
25.09 30.18 1
30.18 30.40 0
30.40 31.02 2
31.02 31.23 3
31.23 33.40 1
33.40 33.74 0
33.74 36.70 2
36.70 37.38 3
37.38 39.11 1
39.11 39.89 0
39.89 41.37 1
41.37 41.50 0
41.50 42.03 2
42.03 42.21 3
42.21 45.94 1
45.94 46.53 0
46.53 47.00 2
47.00 49.15 0
49.15 51.49 2
51.49 51.61 3
51.61 51.92 1
51.92 52.18 0
52.18 54.52 1
54.52 54.78 3
54.78 54.81 2
54.81 54.84 0
54.84 55.60 1
55.60 55.75 0
55.75 56.16 2
56.16 56.34 0
56.34 59.34 1
59.34 59.73 0
59.73 62.06 1
62.06 62.11 0
62.11 62.77 2
62.77 63.14 3
63.14 64.44 1
64.44 64.55 0
64.55 65.14 2
65.14 65.37 0
65.37 66.32 1
66.32 66.59 0
66.59 73.65 1
73.65 73.76 0
73.76 75.61 2
75.61 75.68 3
75.68 77.05 1
77.05 77.51 3
77.51 78.66 1
78.66 78.75 0
78.75 80.27 2
80.27 80.83 0
80.83 81.96 1
81.96 82.01 0
82.01 82.32 2
82.32 82.64 3
82.64 84.30 1
84.30 84.53 3
84.53 87.75 2
87.75 88.15 0
88.15 88.93 1
88.93 89.26 0
89.26 89.31 2
89.31 89.64 3
89.64 91.08 1
91.08 91.47 0
91.47 91.65 2
91.65 91.77 3
91.77 93.65 1
93.65 94.50 0
94.50 95.20 1
95.20 95.85 0
95.85 96.98 1
96.98 97.65 0
97.65 97.82 1
97.82 97.95 3
97.95 98.21 2
98.21 98.32 3
98.32 99.78 1
99.78 100.18 0
100.18 100.39 2
100.39 100.75 3
100.75 100.90 1
100.90 101.64 0
101.64 102.11 1
102.11 103.01 0
103.01 104.81 1
104.81 105.18 0
105.18 107.22 1
107.22 107.73 0
107.73 109.33 1
109.33 109.68 0
109.68 115.93 1
115.93 116.31 0
116.31 116.40 2
116.40 116.73 3
116.73 121.05 1
121.05 121.15 0
121.15 121.98 2
121.98 122.13 0
122.13 124.66 1
124.66 124.78 0
124.78 124.88 2
124.88 125.28 3
125.28 126.43 1
126.43 126.62 0
126.62 126.84 1
126.84 130.61 3
130.61 133.02 2
133.02 133.27 0
133.27 135.49 1
135.49 135.74 0
135.74 135.82 1
135.82 136.60 3
136.60 138.23 1
138.23 138.63 0
138.63 138.77 1
138.77 139.00 3
139.00 139.28 2
139.28 139.49 0
139.49 139.51 1
139.51 143.40 3
143.40 144.00 1
144.00 144.23 3
144.23 147.90 2
147.90 147.95 3
147.95 149.19 1
149.19 149.84 3
149.84 151.61 1
151.61 152.71 3
152.71 152.98 1
152.98 153.41 0
153.41 156.32 2
156.32 156.38 3
156.38 156.82 1
156.82 157.00 0
157.00 159.20 2
159.20 159.36 3
159.36 159.56 1
159.56 159.74 0
159.74 161.18 2
161.18 161.37 3
161.37 161.71 1
161.71 162.16 0
162.16 167.51 2
167.51 168.34 0
168.34 169.13 1
169.13 170.21 0
170.21 171.18 1
171.18 171.27 3
171.27 174.27 2
174.27 174.34 3
174.34 174.82 1
174.82 174.96 0
174.96 177.70 2
177.70 178.58 0
178.58 182.32 2
182.32 182.85 0
182.85 183.70 1
183.70 183.72 0
183.72 183.95 2
183.95 184.44 3
184.44 185.07 1
185.07 185.19 0
185.19 185.78 2
185.78 186.02 3
186.02 186.05 1
186.05 186.65 0
186.65 187.25 1
187.25 187.65 3
187.65 192.11 1
192.11 192.62 3
192.62 192.75 1
192.75 192.93 0
192.93 193.37 2
193.37 193.62 0
193.62 196.61 1
196.61 197.00 0
197.00 200.86 1
200.86 200.90 0
200.90 203.84 1
203.84 203.95 0
203.95 209.30 1
209.30 209.39 0
209.39 212.78 1
212.78 213.49 0
213.49 213.69 2
213.69 214.03 3
214.03 214.06 2
214.06 214.45 0
214.45 218.72 1
218.72 218.99 0
218.99 220.82 2
220.82 221.26 0
221.26 225.41 1
225.41 225.84 0
225.84 229.25 1
229.25 229.44 0
229.44 229.67 2
229.67 229.95 3
229.95 232.85 1
232.85 233.00 0
233.00 236.29 2
236.29 236.60 0
236.60 237.25 1
237.25 237.63 0
237.63 237.75 2
237.75 238.17 3
238.17 238.55 2
238.55 238.76 0
238.76 240.23 1
240.23 240.96 0
240.96 242.54 2
242.54 242.85 0
242.85 244.96 1
244.96 245.09 0
245.09 247.83 2
247.83 248.37 0
248.37 249.05 1
249.05 249.31 0
249.31 250.14 2
250.14 251.08 3
251.08 251.21 1
251.21 251.38 0
251.38 251.75 2
251.75 251.79 0
251.79 252.86 1
252.86 253.40 0
253.40 256.56 2
256.56 256.83 3
256.83 257.32 1
257.32 257.61 3
257.61 257.98 2
257.98 258.49 3
258.49 262.81 2
262.81 263.03 0
263.03 263.40 1
263.40 263.79 3
263.79 265.56 2
265.56 265.75 0
265.75 266.96 1
266.96 267.18 0
267.18 271.88 2
271.88 272.29 0
272.29 273.02 1
273.02 273.40 3
273.40 276.24 2
276.24 276.31 0
276.31 279.64 2
279.64 279.89 3
279.89 282.21 1
282.21 282.78 3
282.78 284.19 2
284.19 284.66 0
284.66 287.75 1
287.75 287.93 0
287.93 290.31 2
290.31 290.45 3
290.45 290.97 1
290.97 291.19 0
291.19 291.82 2
291.82 292.29 0
292.29 293.66 2
293.66 293.74 0
293.74 295.93 2
295.93 296.24 0
296.24 296.84 1
296.84 296.90 0
296.90 297.90 2
297.90 298.47 3
298.47 299.17 1
299.17 299.45 0
299.45 299.66 2
299.66 300.09 3
300.09 300.75 2
300.75 301.06 0
301.06 301.76 1
301.76 302.14 0
302.14 302.56 2
302.56 302.58 0
302.58 304.72 1
304.72 304.93 0
304.93 306.35 2
306.35 306.69 3
306.69 308.00 2
308.00 308.04 3
308.04 309.15 1
309.15 309.32 3
309.32 310.33 2
310.33 310.57 0
310.57 310.72 1
310.72 316.37 2
316.37 316.64 3
316.64 317.07 1
317.07 317.45 3
317.45 318.38 2
318.38 319.12 0
319.12 319.62 1
319.62 319.81 0
319.81 320.43 2
320.43 320.73 3
320.73 322.66 1
322.66 322.83 3
322.83 323.02 2
323.02 323.24 3
323.24 324.34 1
324.34 324.61 0
324.61 324.63 2
324.63 324.92 3
324.92 327.62 1
327.62 327.85 0
327.85 330.21 2
330.21 330.25 0
330.25 333.88 1
333.88 334.12 0
334.12 334.96 2
334.96 335.43 3
335.43 337.39 1
337.39 337.69 0
337.69 339.43 2
339.43 339.76 3
339.76 340.72 1
340.72 341.29 3
341.29 342.36 2
342.36 342.54 3
342.54 343.44 1
343.44 344.00 0
344.00 344.25 1
344.25 344.28 3
344.28 344.61 2
344.61 344.84 0
344.84 346.21 1
346.21 346.98 3
346.98 352.34 1
352.34 352.94 0
352.94 355.18 2
355.18 355.49 3
355.49 356.72 2
356.72 356.92 0
356.92 357.39 1
357.39 357.76 0
357.76 358.40 2
358.40 358.84 3
358.84 360.40 1
360.40 360.43 0
360.43 363.40 2
363.40 363.81 0
363.81 364.38 3
364.38 367.25 2
367.25 367.65 3
367.65 367.86 1
367.86 368.35 0
368.35 370.23 2
370.23 370.64 3
370.64 371.22 1
371.22 371.39 0
371.39 375.39 2
375.39 378.53 3
378.53 378.55 2
378.55 379.75 0
379.75 383.00 1
383.00 383.12 3
383.12 383.51 2
383.51 383.89 0
383.89 384.32 1
384.32 385.07 3
385.07 387.02 1
387.02 387.79 0
387.79 390.49 1
390.49 391.20 0
391.20 392.86 1
392.86 393.10 0
393.10 393.89 2
393.89 394.25 3
394.25 395.78 1
395.78 396.04 0
396.04 396.17 2
396.17 397.54 3
397.54 398.21 1
398.21 398.59 0
398.59 399.88 2
399.88 400.00 0
400.00 400.25 2
400.25 401.17 3
401.17 401.86 2
401.86 402.20 0
402.20 405.32 1
405.32 405.74 0
405.74 406.42 2
406.42 406.73 0
406.73 407.48 1
407.48 407.83 0
407.83 409.62 2
409.62 410.02 3
410.02 411.09 1
411.09 411.28 3
411.28 412.95 2
412.95 413.17 0
413.17 413.70 1
413.70 414.13 0
414.13 415.59 2
415.59 416.33 3
416.33 420.34 1
420.34 420.54 0
420.54 421.31 1
421.31 421.38 0
421.38 422.05 2
422.05 422.66 3
422.66 423.79 2
423.79 424.60 0
424.60 425.52 1
425.52 425.96 0
425.96 426.34 1
426.34 426.64 0
426.64 432.37 1
432.37 432.66 3
432.66 433.01 2
433.01 433.05 3
433.05 433.16 1
433.16 433.54 3
433.54 436.08 2
436.08 436.29 0
436.29 438.28 1
438.28 438.58 0
438.58 439.52 2
439.52 439.53 0
439.53 440.60 1
440.60 440.76 3
440.76 443.39 2
443.39 443.77 0
443.77 445.46 1
445.46 446.93 0
446.93 447.48 2
447.48 447.56 3
447.56 448.87 1
448.87 449.47 3
449.47 449.50 1
449.50 450.19 0
450.19 453.22 2
453.22 453.61 0
453.61 455.61 2
455.61 456.33 0
456.33 457.21 1
457.21 457.33 0
457.33 458.48 2
458.48 459.02 0
459.02 460.91 1
460.91 461.23 0
461.23 461.44 2
461.44 462.04 3
462.04 462.57 1
462.57 462.69 0
462.69 463.30 2
463.30 463.39 3
463.39 464.62 1
464.62 465.36 3
465.36 465.70 1
465.70 466.08 0
466.08 469.50 2
469.50 469.89 0
469.89 471.34 2
471.34 471.80 0
471.80 472.46 1
472.46 472.51 3
472.51 473.47 2
473.47 474.36 0
474.36 477.66 2
477.66 479.50 0
479.50 479.68 2
479.68 480.78 3
480.78 483.79 1
483.79 484.21 0
484.21 484.90 2
484.90 485.13 3
485.13 490.69 1
490.69 491.29 0
491.29 491.59 1
491.59 492.52 3
492.52 493.82 0
493.82 495.85 1
495.85 496.43 0
496.43 497.49 2
497.49 497.55 0
497.55 497.81 1
497.81 497.91 3
497.91 501.33 2
501.33 501.43 0
501.43 508.37 1
508.37 508.88 0
508.88 509.00 2
509.00 509.29 3
509.29 513.99 1
513.99 514.22 0
514.22 514.92 2
514.92 515.01 3
515.01 515.61 1
515.61 515.63 3
515.63 522.94 2
522.94 523.14 0
523.14 525.41 1
525.41 525.57 0
525.57 527.82 2
527.82 528.16 3
528.16 529.65 1
529.65 529.96 0
529.96 533.42 1
533.42 533.73 0
533.73 535.03 2
535.03 535.14 3
535.14 535.94 1
535.94 536.10 0
536.10 537.93 1
537.93 538.12 0
538.12 538.18 2
538.18 538.75 3
538.75 543.85 1
543.85 543.94 0
543.94 545.12 2
545.12 545.54 3
545.54 548.26 1
548.26 548.48 0
548.48 552.03 2
552.03 552.22 0
552.22 554.14 1
554.14 554.23 0
554.23 555.12 2
555.12 556.96 3
556.96 557.79 2
557.79 558.32 0
558.32 561.53 2
561.53 561.87 0
561.87 562.74 1
562.74 564.13 3
564.13 564.52 2
564.52 567.29 3
567.29 567.40 1
567.40 568.22 3
568.22 568.35 2
568.35 569.46 3
569.46 570.22 1
570.22 570.83 3
570.83 574.16 2
574.16 574.26 3
574.26 575.15 1
575.15 575.77 3
575.77 577.18 2
577.18 577.35 3
577.35 578.69 1
578.69 579.08 0
579.08 581.34 2
581.34 581.63 0
581.63 581.66 1
581.66 582.01 3
582.01 584.68 2
584.68 584.76 3
584.76 585.69 1
585.69 585.96 0
585.96 586.69 2
586.69 586.82 0
586.82 588.18 1
588.18 588.61 3
588.61 589.43 1
589.43 589.45 0
589.45 589.69 1
589.69 591.14 3
591.14 592.57 1
592.57 593.14 3
593.14 593.64 2
593.64 593.82 3
593.82 596.36 1
596.36 596.94 0
596.94 597.60 2
597.60 597.84 0
597.84 598.47 1
598.47 598.57 0
598.57 599.54 2
599.54 599.69 3
599.69 600.53 1
