0.00 7.07 2
7.07 7.08 0
7.08 12.73 1
12.73 13.48 0
13.48 24.47 2
24.47 25.04 3
25.04 31.57 1
31.57 31.86 0
31.86 33.82 2
33.82 34.25 0
34.25 34.57 1
34.57 35.08 0
35.08 35.23 2
35.23 35.76 0
35.76 36.44 1
36.44 36.82 0
36.82 39.22 2
39.22 40.93 0
40.93 45.94 2
45.94 46.33 0
46.33 51.32 2
51.32 51.75 0
51.75 53.90 2
53.90 54.00 3
54.00 54.70 1
54.70 55.81 0
55.81 59.46 1
59.46 59.87 0
59.87 63.13 2
63.13 63.21 3
63.21 63.89 1
63.89 63.95 0
63.95 66.12 2
66.12 67.49 0
67.49 69.25 1
69.25 69.92 0
69.92 72.99 2
72.99 74.44 0
74.44 80.31 2
80.31 81.41 0
81.41 81.84 1
81.84 82.35 0
82.35 82.61 2
82.61 83.99 0
83.99 84.92 1
84.92 85.75 0
85.75 86.27 2
86.27 86.40 0
86.40 93.05 1
93.05 93.40 3
93.40 93.64 1
93.64 93.88 0
93.88 101.89 2
101.89 102.56 3
102.56 103.06 1
103.06 103.18 3
103.18 105.62 2
105.62 105.98 3
105.98 106.30 1
106.30 106.96 3
106.96 108.89 2
108.89 108.90 0
108.90 109.10 1
109.10 110.39 3
110.39 111.25 2
111.25 111.28 3
111.28 111.67 1
111.67 111.70 0
111.70 112.39 2
112.39 112.97 0
112.97 114.18 1
114.18 115.58 0
115.58 123.80 1
123.80 124.22 0
124.22 124.28 2
124.28 124.50 3
124.50 124.93 1
124.93 124.96 3
124.96 125.61 2
125.61 125.99 0
125.99 126.68 1
126.68 126.75 0
126.75 127.27 2
127.27 128.38 0
128.38 131.68 1
131.68 131.99 0
131.99 132.41 2
132.41 132.42 3
132.42 133.13 1
133.13 134.88 0
134.88 137.86 1
137.86 138.02 3
138.02 138.74 2
138.74 138.81 0
138.81 140.21 1
140.21 140.97 0
140.97 142.83 1
142.83 143.20 0
143.20 143.48 2
143.48 143.57 3
143.57 144.94 1
144.94 145.38 0
145.38 145.73 2
145.73 145.96 0
145.96 152.77 1
152.77 153.05 0
153.05 153.38 2
153.38 154.17 0
154.17 158.00 1
158.00 158.13 0
158.13 158.61 2
158.61 158.77 3
158.77 165.12 1
165.12 165.32 0
165.32 166.64 2
166.64 167.39 0
167.39 170.40 1
170.40 170.66 3
170.66 171.26 1
171.26 171.47 0
171.47 171.70 2
171.70 172.25 0
172.25 173.31 1
173.31 174.14 0
174.14 178.30 2
178.30 178.47 0
178.47 178.85 1
178.85 179.24 0
179.24 179.92 2
179.92 180.17 3
180.17 182.30 1
182.30 182.70 0
182.70 185.80 2
185.80 185.83 3
185.83 186.45 1
186.45 186.59 0
186.59 187.46 2
187.46 187.85 0
187.85 190.33 1
190.33 190.58 0
190.58 190.85 2
190.85 191.37 0
191.37 196.00 1
196.00 197.14 0
197.14 199.23 1
199.23 199.95 0
199.95 202.25 1
202.25 203.57 0
203.57 204.66 2
204.66 204.75 3
204.75 206.08 1
206.08 206.40 0
206.40 206.53 2
206.53 206.59 3
206.59 208.63 1
208.63 209.00 0
209.00 209.30 2
209.30 209.31 3
209.31 209.55 1
209.55 209.64 3
209.64 210.72 1
210.72 210.75 3
210.75 210.86 2
210.86 211.08 0
211.08 213.08 1
213.08 213.47 0
213.47 213.80 2
213.80 214.44 0
214.44 217.99 1
217.99 218.15 0
218.15 218.49 2
218.49 219.58 0
219.58 220.07 1
220.07 221.91 0
221.91 226.26 1
226.26 226.44 0
226.44 226.92 2
226.92 226.94 0
226.94 229.85 1
229.85 230.10 0
230.10 234.40 2
234.40 235.01 0
235.01 237.38 2
237.38 237.66 0
237.66 239.03 2
239.03 239.67 0
239.67 240.81 2
240.81 240.85 3
240.85 241.25 1
241.25 241.56 0
241.56 244.05 2
244.05 244.12 3
244.12 250.88 1
250.88 251.76 0
251.76 255.01 1
255.01 255.47 0
255.47 255.93 2
255.93 256.02 0
256.02 256.44 1
256.44 257.63 3
257.63 258.86 2
258.86 258.93 0
258.93 263.19 1
263.19 264.17 0
264.17 264.24 2
264.24 264.84 3
264.84 265.26 1
265.26 265.38 0
265.38 265.44 2
265.44 265.67 3
265.67 268.01 1
268.01 268.35 0
268.35 269.03 2
269.03 269.19 0
269.19 271.83 1
271.83 272.60 0
272.60 275.75 1
275.75 276.20 0
276.20 276.47 2
276.47 276.53 0
276.53 281.15 1
281.15 281.49 0
281.49 282.09 2
282.09 283.24 0
283.24 285.89 1
285.89 287.02 0
287.02 287.06 1
287.06 287.28 3
287.28 290.08 1
290.08 290.43 0
290.43 290.85 2
290.85 290.96 0
290.96 291.98 1
291.98 292.33 0
292.33 293.55 2
293.55 295.13 0
295.13 295.42 3
295.42 298.94 2
298.94 299.05 3
299.05 300.41 1
300.41 300.75 0
300.75 301.27 3
301.27 302.09 1
302.09 302.30 0
302.30 302.91 2
302.91 303.03 0
303.03 306.48 1
306.48 307.14 0
307.14 307.21 2
307.21 308.13 3
308.13 308.49 2
308.49 308.74 0
308.74 310.07 1
310.07 310.19 0
310.19 310.39 2
310.39 310.86 3
310.86 314.95 1
314.95 315.09 0
315.09 316.80 2
316.80 316.92 3
316.92 317.40 1
317.40 317.50 3
317.50 318.24 2
318.24 318.37 0
318.37 318.75 1
318.75 319.11 0
319.11 319.34 2
319.34 319.72 0
319.72 322.95 1
322.95 323.54 0
323.54 323.65 2
323.65 323.86 3
323.86 326.74 1
326.74 327.04 0
327.04 327.39 2
327.39 328.11 0
328.11 328.57 1
328.57 329.71 0
329.71 333.65 1
333.65 334.34 0
334.34 334.71 2
334.71 335.09 0
335.09 339.17 1
339.17 339.29 0
339.29 339.60 2
339.60 340.17 0
340.17 343.03 1
343.03 343.26 0
343.26 343.48 2
343.48 343.52 3
343.52 346.18 1
346.18 346.73 0
346.73 348.80 2
348.80 348.86 3
348.86 355.01 1
355.01 355.03 0
355.03 355.32 2
355.32 355.51 0
355.51 357.90 1
357.90 358.34 0
358.34 358.59 2
358.59 358.62 3
358.62 361.20 1
361.20 361.32 0
361.32 361.63 2
361.63 362.05 0
362.05 365.60 1
365.60 365.83 3
365.83 369.79 1
369.79 370.29 0
370.29 372.27 1
372.27 372.48 0
372.48 372.98 2
372.98 374.16 0
374.16 376.35 1
376.35 376.82 0
376.82 377.26 2
377.26 377.35 0
377.35 378.60 1
378.60 379.06 0
379.06 379.37 2
379.37 379.44 0
379.44 383.43 1
383.43 383.83 0
383.83 384.08 2
384.08 384.53 0
384.53 388.40 1
388.40 388.57 0
388.57 389.34 2
389.34 389.41 0
389.41 393.20 1
393.20 393.46 0
393.46 395.89 2
395.89 396.14 0
396.14 397.47 1
397.47 397.86 0
397.86 399.67 2
399.67 400.63 3
400.63 401.55 2
401.55 402.44 3
402.44 407.20 1
407.20 407.56 0
407.56 408.63 2
408.63 408.95 0
408.95 415.38 1
415.38 416.23 0
416.23 417.90 1
417.90 419.35 0
419.35 425.84 1
425.84 426.05 0
426.05 426.35 2
426.35 426.83 0
426.83 432.23 1
432.23 433.24 0
433.24 435.69 1
435.69 435.86 0
435.86 436.10 2
436.10 436.15 3
436.15 443.25 1
443.25 443.50 0
443.50 443.84 2
443.84 443.96 0
443.96 446.06 1
446.06 446.33 0
446.33 446.67 2
446.67 446.74 0
446.74 448.35 1
448.35 448.68 0
448.68 456.63 1
456.63 457.15 0
457.15 457.65 2
457.65 458.01 0
458.01 465.08 1
465.08 465.30 0
465.30 465.33 2
465.33 467.70 3
467.70 469.77 2
469.77 470.14 3
470.14 471.43 1
471.43 471.76 0
471.76 471.85 2
471.85 471.89 3
471.89 477.03 1
477.03 477.39 0
477.39 477.86 2
477.86 478.66 0
478.66 488.26 1
488.26 488.39 0
488.39 489.17 2
489.17 489.33 3
489.33 490.17 1
490.17 490.70 0
490.70 491.06 2
491.06 491.39 0
491.39 496.47 1
496.47 496.97 0
496.97 497.04 2
497.04 497.13 3
497.13 500.05 1
500.05 500.22 3
500.22 500.74 2
500.74 501.03 0
501.03 501.87 1
501.87 503.54 0
503.54 508.79 1
508.79 510.34 0
510.34 515.00 1
515.00 515.48 0
515.48 519.57 1
519.57 520.95 0
520.95 523.02 1
523.02 523.54 0
523.54 527.46 1
527.46 527.77 0
527.77 527.82 2
527.82 528.66 3
528.66 530.90 1
530.90 531.26 0
531.26 531.54 2
531.54 532.04 0
532.04 535.70 1
535.70 535.93 0
535.93 536.06 2
536.06 536.27 3
536.27 539.13 1
539.13 539.61 0
539.61 543.47 1
543.47 543.80 0
543.80 544.15 2
544.15 544.41 0
544.41 546.04 1
546.04 546.67 0
546.67 551.25 1
551.25 551.50 0
551.50 551.66 2
551.66 551.77 3
551.77 554.21 1
554.21 554.42 0
554.42 554.82 2
554.82 555.23 0
555.23 558.72 1
558.72 558.93 0
558.93 559.20 2
559.20 559.25 3
559.25 563.24 1
563.24 564.75 0
564.75 565.29 1
565.29 566.86 0
566.86 570.24 1
570.24 570.78 0
570.78 571.10 2
571.10 571.70 0
571.70 572.98 1
572.98 574.71 0
574.71 580.99 1
580.99 581.24 0
581.24 581.56 2
581.56 581.67 0
581.67 584.51 1
584.51 585.52 0
585.52 586.89 2
586.89 587.38 3
587.38 588.15 1
588.15 588.80 0
588.80 590.80 2
590.80 591.13 0
591.13 594.75 1
594.75 594.77 0
594.77 597.36 2
597.36 597.55 3
597.55 598.07 1
598.07 602.13 3
602.13 603.20 2
