0.00 0.47 1
0.47 0.57 3
0.57 2.78 2
2.78 2.89 3
2.89 3.69 1
3.69 3.96 3
3.96 6.12 1
6.12 6.22 3
6.22 11.84 2
11.84 12.12 3
12.12 12.50 1
12.50 12.71 0
12.71 13.07 2
13.07 13.63 0
13.63 14.41 1
14.41 14.59 0
14.59 20.13 2
20.13 20.68 0
20.68 21.02 1
21.02 21.25 0
21.25 25.87 2
25.87 26.38 0
26.38 28.19 2
28.19 28.68 0
28.68 28.75 1
28.75 29.12 3
29.12 29.41 1
29.41 29.44 0
29.44 29.69 2
29.69 30.11 0
30.11 34.39 2
34.39 34.59 0
34.59 35.21 1
35.21 35.49 0
35.49 36.07 2
36.07 36.75 0
36.75 37.47 2
37.47 38.07 0
38.07 40.68 2
40.68 40.91 0
40.91 41.53 1
41.53 41.73 3
41.73 42.34 2
42.34 43.26 3
43.26 43.45 1
43.45 43.77 0
43.77 44.56 2
44.56 44.94 3
44.94 45.13 1
45.13 45.58 0
45.58 47.07 2
47.07 47.97 0
47.97 48.65 1
48.65 48.78 3
48.78 49.53 2
49.53 50.75 0
50.75 52.89 2
52.89 53.76 0
53.76 54.22 1
54.22 54.34 3
54.34 55.02 2
55.02 55.55 3
55.55 57.30 2
57.30 57.55 0
57.55 58.02 1
58.02 58.76 0
58.76 59.22 1
59.22 59.46 0
59.46 61.90 1
61.90 61.99 0
61.99 62.45 2
62.45 62.59 3
62.59 63.24 1
63.24 63.69 0
63.69 65.73 2
65.73 66.86 0
66.86 68.05 2
68.05 68.25 0
68.25 69.36 1
69.36 69.82 0
69.82 69.95 2
69.95 70.09 3
70.09 70.44 1
70.44 70.67 0
70.67 70.76 2
70.76 70.93 3
70.93 72.47 1
72.47 72.59 0
72.59 73.42 2
73.42 73.90 3
73.90 74.28 2
74.28 74.75 0
74.75 75.08 1
75.08 75.64 0
75.64 76.68 2
76.68 77.77 3
77.77 77.92 1
77.92 78.43 0
78.43 80.18 2
80.18 80.47 0
80.47 80.91 1
80.91 81.50 0
81.50 83.68 2
83.68 83.77 0
83.77 84.26 1
84.26 84.27 0
84.27 85.23 2
85.23 85.37 0
85.37 85.89 1
85.89 86.53 0
86.53 87.29 1
87.29 87.68 0
87.68 91.03 1
91.03 91.91 3
91.91 92.99 2
92.99 93.21 0
93.21 94.63 1
94.63 94.65 0
94.65 95.22 2
95.22 95.52 0
95.52 96.01 1
96.01 96.38 0
96.38 98.47 1
98.47 98.58 3
98.58 99.06 2
99.06 99.15 3
99.15 100.70 1
100.70 100.81 0
100.81 101.67 2
101.67 101.69 3
101.69 104.12 1
104.12 104.53 0
104.53 105.18 1
105.18 105.24 0
105.24 106.06 2
106.06 106.40 0
106.40 108.42 1
108.42 108.49 0
108.49 109.45 2
109.45 109.63 0
109.63 110.47 1
110.47 110.55 3
110.55 112.20 2
112.20 112.29 3
112.29 113.62 1
113.62 114.73 0
114.73 118.01 1
118.01 119.33 0
119.33 120.91 1
120.91 121.01 0
121.01 121.60 2
121.60 121.79 0
121.79 123.29 1
123.29 123.54 0
123.54 123.89 2
123.89 125.17 0
125.17 127.37 1
127.37 127.64 0
127.64 127.88 2
127.88 128.10 3
128.10 129.40 1
129.40 129.52 0
129.52 130.07 2
130.07 130.91 3
130.91 132.03 1
132.03 132.23 0
132.23 132.47 2
132.47 132.90 3
132.90 133.86 1
133.86 133.98 3
133.98 134.67 2
134.67 135.00 0
135.00 136.51 1
136.51 136.88 3
136.88 139.61 1
139.61 139.95 2
139.95 140.11 3
140.11 141.23 1
141.23 141.39 0
141.39 142.85 2
142.85 143.41 0
143.41 143.84 1
143.84 144.14 0
144.14 144.61 2
144.61 144.92 3
144.92 147.42 1
147.42 147.54 3
147.54 147.98 2
147.98 148.44 3
148.44 151.58 1
151.58 151.80 0
151.80 152.08 2
152.08 152.61 0
152.61 154.75 1
154.75 154.80 3
154.80 157.11 2
157.11 157.45 0
157.45 159.30 1
159.30 159.48 0
159.48 159.78 2
159.78 160.11 0
160.11 160.83 1
160.83 161.05 0
161.05 161.13 2
161.13 161.30 3
161.30 162.20 1
162.20 162.75 0
162.75 163.67 1
163.67 163.88 3
163.88 164.27 1
164.27 164.48 3
164.48 164.78 2
164.78 164.89 0
164.89 166.77 1
166.77 166.88 3
166.88 167.27 2
167.27 167.40 3
167.40 169.02 1
169.02 169.09 3
169.09 169.96 2
169.96 170.05 3
170.05 173.67 1
173.67 173.96 0
173.96 174.16 2
174.16 174.42 3
174.42 176.58 1
176.58 176.84 0
176.84 177.66 1
177.66 178.10 2
178.10 178.38 0
178.38 179.61 1
179.61 179.78 3
179.78 180.95 2
180.95 181.27 0
181.27 182.80 1
182.80 183.07 0
183.07 185.04 1
185.04 185.17 0
185.17 185.48 2
185.48 186.14 0
186.14 186.55 1
186.55 187.40 0
187.40 189.11 2
189.11 189.23 0
189.23 189.97 1
189.97 190.42 0
190.42 191.94 2
191.94 192.48 0
192.48 195.38 1
195.38 195.71 0
195.71 196.55 1
196.55 196.80 0
196.80 198.07 2
198.07 198.89 0
198.89 199.69 1
199.69 199.86 3
199.86 200.14 2
200.14 200.97 0
200.97 202.22 2
202.22 204.14 0
204.14 204.42 2
204.42 204.91 0
204.91 206.43 2
206.43 207.66 0
207.66 209.15 2
209.15 210.69 0
210.69 211.25 1
211.25 211.56 3
211.56 212.36 1
212.36 213.58 0
213.58 214.70 1
214.70 215.68 0
215.68 217.36 1
217.36 217.74 0
217.74 217.94 2
217.94 218.47 0
218.47 219.12 1
219.12 219.69 0
219.69 220.21 2
220.21 221.53 0
221.53 222.85 2
222.85 223.38 0
223.38 227.72 1
227.72 227.77 0
227.77 228.06 2
228.06 228.19 3
228.19 229.81 1
229.81 229.85 0
229.85 230.17 2
230.17 230.31 0
230.31 233.30 1
233.30 233.90 0
233.90 235.68 1
235.68 236.10 2
236.10 236.17 3
236.17 237.75 1
237.75 237.90 0
237.90 238.11 2
238.11 238.26 3
238.26 238.76 1
238.76 239.04 3
239.04 240.04 1
240.04 240.33 0
240.33 242.67 1
242.67 242.85 3
242.85 243.13 2
243.13 243.89 0
243.89 244.40 1
244.40 244.80 3
244.80 245.56 2
245.56 245.60 0
245.60 246.82 1
246.82 247.47 0
247.47 248.55 2
248.55 248.78 3
248.78 249.12 1
249.12 249.81 0
249.81 253.42 1
253.42 253.90 0
253.90 255.44 1
255.44 255.60 0
255.60 255.70 2
255.70 255.98 3
255.98 258.23 1
258.23 258.84 0
258.84 262.13 1
262.13 262.18 0
262.18 262.99 2
262.99 263.24 0
263.24 263.90 1
263.90 264.43 0
264.43 265.52 1
265.52 265.64 0
265.64 266.09 2
266.09 266.77 0
266.77 267.14 2
267.14 267.55 0
267.55 268.44 1
268.44 268.55 3
268.55 269.75 2
269.75 270.68 0
270.68 271.91 1
271.91 272.17 0
272.17 274.98 2
274.98 275.75 0
275.75 277.64 1
277.64 277.76 3
277.76 278.83 1
278.83 279.04 0
279.04 279.77 2
279.77 280.02 0
280.02 280.56 1
280.56 280.88 0
280.88 280.98 2
280.98 281.30 3
281.30 282.09 1
282.09 282.87 0
282.87 282.96 1
282.96 284.05 3
284.05 284.10 2
284.10 284.55 0
284.55 284.95 2
284.95 285.60 0
285.60 286.90 1
286.90 287.28 0
287.28 289.16 2
289.16 291.09 0
291.09 292.91 1
292.91 292.98 0
292.98 294.58 2
294.58 294.59 3
294.59 296.81 1
296.81 296.95 0
296.95 297.63 2
297.63 298.49 0
298.49 299.98 2
299.98 300.50 0
300.50 301.25 1
301.25 301.39 0
301.39 301.69 2
301.69 301.82 0
301.82 303.77 1
303.77 304.47 0
304.47 305.06 1
305.06 305.99 0
305.99 307.56 1
307.56 307.64 0
307.64 307.89 2
307.89 308.25 0
308.25 310.14 1
310.14 310.32 0
310.32 310.43 2
310.43 310.83 3
310.83 312.28 1
312.28 312.53 0
312.53 313.11 2
313.11 313.21 3
313.21 315.33 1
315.33 315.38 0
315.38 315.96 2
315.96 316.04 3
316.04 316.91 1
316.91 317.13 0
317.13 317.26 2
317.26 317.80 3
317.80 319.63 1
319.63 319.68 0
319.68 322.91 1
322.91 323.34 3
323.34 323.41 1
323.41 323.90 0
323.90 326.83 1
326.83 327.45 0
327.45 329.28 1
329.28 329.84 0
329.84 330.13 2
330.13 330.31 3
330.31 330.69 1
330.69 331.14 0
331.14 331.30 2
331.30 331.63 0
331.63 333.19 1
333.19 333.66 0
333.66 334.36 2
334.36 334.74 0
334.74 335.49 1
335.49 335.86 0
335.86 338.65 2
338.65 338.71 0
338.71 339.43 1
339.43 339.59 0
339.59 340.29 2
340.29 340.62 3
340.62 341.70 1
341.70 342.46 0
342.46 345.14 1
345.14 345.22 3
345.22 345.69 2
345.69 345.96 0
345.96 347.17 1
347.17 347.19 0
347.19 347.82 2
347.82 347.97 3
347.97 348.29 1
348.29 348.81 3
348.81 350.02 1
350.02 350.17 3
350.17 350.75 2
350.75 351.09 0
351.09 352.69 1
352.69 352.83 0
352.83 353.21 2
353.21 353.30 0
353.30 355.55 1
355.55 355.69 3
355.69 356.30 2
356.30 356.43 0
356.43 357.21 1
357.21 357.89 0
357.89 359.30 2
359.30 359.44 3
359.44 360.81 1
360.81 360.95 0
360.95 361.36 2
361.36 362.15 3
362.15 362.18 1
362.18 362.63 0
362.63 362.79 2
362.79 363.26 3
363.26 364.90 1
364.90 364.95 3
364.95 365.24 2
365.24 365.42 3
365.42 366.36 1
366.36 366.50 3
366.50 367.02 2
367.02 367.44 0
367.44 369.94 1
369.94 370.23 0
370.23 370.30 2
370.30 370.69 3
370.69 371.96 1
371.96 372.11 0
372.11 372.85 2
372.85 373.25 3
373.25 374.38 1
374.38 374.76 0
374.76 375.03 2
375.03 375.46 3
375.46 376.10 2
376.10 376.26 3
376.26 376.77 1
376.77 376.81 0
376.81 377.37 2
377.37 378.32 1
378.32 378.47 0
378.47 379.63 2
379.63 380.01 0
380.01 380.96 1
380.96 381.80 3
381.80 383.79 1
383.79 384.18 0
384.18 385.83 2
385.83 387.01 0
387.01 388.06 2
388.06 388.33 0
388.33 388.92 1
388.92 389.45 0
389.45 394.14 1
394.14 394.19 0
394.19 394.47 2
394.47 394.52 3
394.52 395.41 1
395.41 395.82 0
395.82 396.16 2
396.16 396.26 3
396.26 400.01 1
400.01 400.63 0
400.63 402.13 1
402.13 402.15 3
402.15 402.56 2
402.56 402.77 0
402.77 406.70 1
406.70 407.07 0
407.07 408.35 2
408.35 408.56 0
408.56 409.13 1
409.13 409.28 0
409.28 409.66 2
409.66 410.14 3
410.14 410.85 2
410.85 411.10 3
411.10 411.77 1
411.77 412.29 0
412.29 415.76 2
415.76 416.94 0
416.94 419.00 1
419.00 419.02 0
419.02 419.33 2
419.33 419.93 3
419.93 420.55 2
420.55 422.78 3
422.78 423.33 1
423.33 425.44 3
425.44 425.57 2
425.57 425.76 0
425.76 426.87 1
426.87 427.67 0
427.67 428.62 2
428.62 428.82 0
428.82 429.31 1
429.31 429.47 3
429.47 430.56 2
430.56 431.82 0
431.82 433.94 1
433.94 434.44 0
434.44 434.81 2
434.81 435.18 0
435.18 438.54 1
438.54 439.18 0
439.18 439.36 2
439.36 439.63 3
439.63 440.32 1
440.32 440.87 0
440.87 446.15 1
446.15 446.32 0
446.32 446.33 2
446.33 446.58 3
446.58 447.17 1
447.17 447.51 0
447.51 447.60 1
447.60 447.85 3
447.85 450.00 1
450.00 451.64 0
451.64 454.80 1
454.80 454.98 0
454.98 456.91 2
456.91 457.44 0
457.44 458.72 2
458.72 458.73 3
458.73 459.87 1
459.87 460.05 0
460.05 460.47 2
460.47 461.62 0
461.62 464.80 1
464.80 465.07 0
465.07 465.13 2
465.13 465.43 3
465.43 465.99 1
465.99 466.00 3
466.00 466.50 2
466.50 466.82 0
466.82 468.80 1
468.80 469.07 0
469.07 469.41 3
469.41 469.95 1
469.95 470.67 0
470.67 472.51 1
472.51 472.61 0
472.61 473.22 2
473.22 474.30 3
474.30 474.38 1
474.38 474.65 0
474.65 474.83 2
474.83 475.13 3
475.13 476.92 1
476.92 477.04 0
477.04 477.58 2
477.58 478.01 0
478.01 478.42 1
478.42 478.66 0
478.66 479.74 3
479.74 480.90 1
480.90 480.91 3
480.91 481.25 2
481.25 481.69 3
481.69 483.19 1
483.19 483.44 0
483.44 484.86 2
484.86 485.15 0
485.15 486.58 1
486.58 486.99 0
486.99 487.82 1
487.82 487.99 0
487.99 489.86 1
489.86 490.18 0
490.18 490.66 2
490.66 491.13 0
491.13 492.62 1
492.62 492.69 0
492.69 496.56 2
496.56 496.81 0
496.81 496.88 2
496.88 497.45 3
497.45 498.60 1
498.60 498.88 0
498.88 499.82 2
499.82 499.92 3
499.92 500.53 1
500.53 500.99 0
500.99 503.11 2
503.11 503.23 0
503.23 503.99 1
503.99 504.45 0
504.45 506.10 2
506.10 507.45 0
507.45 507.99 1
507.99 508.05 0
508.05 509.36 2
509.36 509.53 3
509.53 509.74 1
509.74 510.14 0
510.14 510.67 1
510.67 510.87 0
510.87 511.11 2
511.11 511.56 3
511.56 513.62 1
513.62 513.93 0
513.93 514.76 2
514.76 514.90 3
514.90 515.05 1
515.05 515.55 0
515.55 515.79 2
515.79 516.78 0
516.78 516.99 1
516.99 519.00 2
519.00 519.07 0
519.07 519.61 1
519.61 519.94 0
519.94 522.72 2
522.72 522.89 0
522.89 523.76 1
523.76 524.64 3
524.64 524.97 2
524.97 525.45 0
525.45 526.89 1
526.89 526.92 3
526.92 527.19 2
527.19 528.07 0
528.07 528.66 1
528.66 528.97 3
528.97 533.74 2
533.74 533.88 0
533.88 534.94 1
534.94 535.04 0
535.04 536.86 2
536.86 537.04 0
537.04 537.79 1
537.79 538.08 3
538.08 538.66 1
538.66 538.76 3
538.76 541.05 2
541.05 541.29 3
541.29 542.41 1
542.41 542.43 3
542.43 542.57 2
542.57 542.97 0
542.97 543.37 1
543.37 543.51 3
543.51 543.89 2
543.89 543.93 0
543.93 545.12 1
545.12 545.27 3
545.27 547.36 2
547.36 547.42 0
547.42 552.13 2
552.13 552.43 0
552.43 552.52 2
552.52 554.04 3
554.04 554.40 2
554.40 554.89 0
554.89 556.04 1
556.04 556.17 3
556.17 556.68 2
556.68 557.92 0
557.92 560.95 2
560.95 562.51 3
562.51 562.59 2
562.59 562.68 0
562.68 566.22 2
566.22 568.26 3
568.26 568.52 1
568.52 568.92 0
568.92 569.79 1
569.79 570.07 0
570.07 570.41 2
570.41 570.48 0
570.48 571.18 1
571.18 571.34 0
571.34 574.73 2
574.73 574.87 0
574.87 575.63 1
575.63 575.70 3
575.70 577.70 2
577.70 578.55 0
578.55 580.00 2
580.00 580.14 3
580.14 580.76 1
580.76 581.63 0
581.63 584.61 2
584.61 585.68 0
585.68 585.78 1
585.78 586.00 3
586.00 586.49 1
586.49 586.61 3
586.61 587.72 2
587.72 588.57 0
588.57 589.24 1
589.24 589.97 0
589.97 590.75 2
590.75 591.50 3
591.50 591.74 2
591.74 591.83 0
591.83 595.58 2
595.58 595.72 0
595.72 596.70 2
596.70 597.16 0
597.16 597.50 1
597.50 597.52 0
597.52 597.82 2
597.82 598.24 0
598.24 600.67 2
