0.00 1.55 2
1.55 1.57 0
1.57 1.61 1
1.61 1.84 3
1.84 2.03 2
2.03 2.65 0
2.65 3.34 2
3.34 3.51 3
3.51 3.84 1
3.84 4.10 0
4.10 4.83 2
4.83 5.22 0
5.22 7.13 2
7.13 7.40 0
7.40 8.44 1
8.44 9.26 3
9.26 9.53 2
9.53 9.55 3
9.55 10.64 1
10.64 10.83 0
10.83 11.66 2
11.66 11.95 0
11.95 12.62 1
12.62 13.46 0
13.46 14.19 2
14.19 14.23 0
14.23 15.05 1
15.05 15.36 0
15.36 20.67 2
20.67 21.03 0
21.03 25.10 2
25.10 25.75 0
25.75 34.53 2
34.53 35.17 0
35.17 42.65 2
42.65 44.24 0
44.24 46.46 1
46.46 49.00 3
49.00 51.60 2
51.60 52.31 0
52.31 62.80 2
62.80 63.55 0
63.55 68.05 2
68.05 68.46 0
68.46 69.26 2
69.26 69.59 3
69.59 76.82 2
76.82 77.68 0
77.68 80.29 2
80.29 81.21 0
81.21 84.49 2
84.49 85.41 0
85.41 86.10 1
86.10 86.44 3
86.44 87.25 2
87.25 87.36 0
87.36 89.11 1
89.11 89.91 3
89.91 97.99 2
97.99 98.37 0
98.37 102.86 2
102.86 103.76 0
103.76 103.87 1
103.87 104.85 3
104.85 107.06 1
107.06 107.73 0
107.73 108.57 1
108.57 109.53 3
109.53 116.13 2
116.13 116.55 0
116.55 117.45 2
117.45 117.58 3
117.58 118.66 1
118.66 118.68 0
118.68 119.21 2
119.21 119.77 3
119.77 122.09 1
122.09 122.97 0
122.97 127.42 2
127.42 127.46 3
127.46 128.74 1
128.74 129.26 0
129.26 132.20 2
132.20 132.69 3
132.69 135.15 1
135.15 135.80 3
135.80 142.58 2
142.58 143.18 0
143.18 154.36 2
154.36 154.89 0
154.89 163.19 2
163.19 163.57 0
163.57 163.74 2
163.74 164.01 3
164.01 164.30 1
164.30 165.39 3
165.39 167.63 2
167.63 168.25 3
168.25 171.83 1
171.83 172.41 3
172.41 173.35 2
173.35 173.75 0
173.75 180.23 2
180.23 180.44 3
180.44 181.78 2
181.78 182.64 3
182.64 182.86 2
182.86 183.03 0
183.03 183.76 1
183.76 184.22 3
184.22 185.79 2
185.79 186.06 3
186.06 186.51 1
186.51 186.95 3
186.95 197.06 2
197.06 197.70 0
197.70 204.31 2
204.31 204.70 0
204.70 213.83 2
213.83 214.57 3
214.57 224.49 1
224.49 225.25 0
225.25 229.96 1
229.96 230.10 3
230.10 230.48 2
230.48 230.56 0
230.56 231.71 1
231.71 232.26 3
232.26 245.02 2
245.02 245.65 0
245.65 245.67 1
245.67 246.22 3
246.22 258.63 2
258.63 258.90 0
258.90 259.22 1
259.22 259.36 3
259.36 268.87 2
268.87 269.02 0
269.02 269.81 1
269.81 269.92 3
269.92 277.22 2
277.22 277.66 0
277.66 281.30 2
281.30 282.28 3
282.28 284.65 1
284.65 284.71 0
284.71 285.17 2
285.17 285.23 3
285.23 286.03 1
286.03 286.07 0
286.07 286.19 2
286.19 287.91 3
287.91 288.60 1
288.60 288.70 3
288.70 289.48 2
289.48 289.62 3
289.62 291.44 1
291.44 291.55 0
291.55 292.19 2
292.19 292.61 3
292.61 293.63 1
293.63 294.32 0
294.32 295.41 1
295.41 295.85 0
295.85 296.41 1
296.41 296.92 3
296.92 299.51 2
299.51 300.62 3
300.62 301.64 1
301.64 301.68 3
301.68 303.06 2
303.06 303.50 3
303.50 304.65 2
304.65 305.15 0
305.15 308.60 2
308.60 309.20 0
309.20 320.74 2
320.74 321.33 0
321.33 326.84 2
326.84 327.09 0
327.09 327.45 1
327.45 327.83 3
327.83 328.51 2
328.51 328.66 0
328.66 329.89 1
329.89 330.42 3
330.42 331.32 1
331.32 332.07 3
332.07 332.28 2
332.28 332.53 0
332.53 334.07 2
334.07 334.66 0
334.66 335.70 2
335.70 336.08 0
336.08 336.56 1
336.56 336.83 3
336.83 337.88 2
337.88 338.07 0
338.07 338.44 2
338.44 338.84 0
338.84 339.21 2
339.21 339.26 0
339.26 340.64 1
340.64 341.45 3
341.45 344.77 2
344.77 345.32 0
345.32 346.57 2
346.57 346.86 0
346.86 347.24 1
347.24 347.66 3
347.66 348.16 2
348.16 348.74 0
348.74 350.10 2
350.10 350.96 0
350.96 352.53 2
352.53 353.22 0
353.22 360.70 2
360.70 361.28 0
361.28 364.42 2
364.42 365.15 0
365.15 367.70 2
367.70 368.39 0
368.39 371.36 2
371.36 371.40 0
371.40 372.76 1
372.76 372.97 0
372.97 373.34 2
373.34 374.05 0
374.05 374.47 2
374.47 374.72 0
374.72 375.04 1
375.04 375.14 3
375.14 375.87 2
375.87 376.64 0
376.64 377.67 2
377.67 378.00 0
378.00 383.04 2
383.04 383.71 0
383.71 383.75 1
383.75 384.00 3
384.00 385.09 1
385.09 385.44 3
385.44 386.11 1
386.11 386.70 2
386.70 386.74 0
386.74 387.07 2
387.07 387.70 0
387.70 389.35 2
389.35 389.79 0
389.79 396.14 2
396.14 396.50 0
396.50 397.90 2
397.90 397.98 0
397.98 404.85 1
404.85 405.05 3
405.05 409.75 2
409.75 410.11 0
410.11 416.47 2
416.47 416.92 0
416.92 421.33 2
421.33 421.75 0
421.75 425.58 2
425.58 425.71 0
425.71 428.36 1
428.36 428.45 3
428.45 431.96 2
431.96 432.21 3
432.21 432.76 1
432.76 433.01 0
433.01 438.32 2
438.32 438.72 0
438.72 438.82 1
438.82 439.38 3
439.38 440.57 2
440.57 440.84 0
440.84 443.19 1
443.19 443.36 3
443.36 445.15 2
445.15 445.32 0
445.32 445.65 1
445.65 446.19 3
446.19 447.23 2
447.23 447.50 0
447.50 447.61 1
447.61 447.76 3
447.76 448.89 2
448.89 449.02 0
449.02 450.19 1
450.19 450.69 3
450.69 453.32 2
453.32 453.84 0
453.84 455.04 2
455.04 455.16 0
455.16 455.72 1
455.72 455.85 0
455.85 457.33 2
457.33 457.81 0
457.81 458.34 2
458.34 458.71 0
458.71 463.60 2
463.60 464.56 0
464.56 465.90 2
465.90 466.45 0
466.45 466.55 1
466.55 466.84 3
466.84 468.06 2
468.06 468.64 0
468.64 469.46 1
469.46 469.77 0
469.77 472.17 2
472.17 472.34 3
472.34 472.60 1
472.60 473.20 3
473.20 475.10 2
475.10 475.85 3
475.85 476.52 1
476.52 476.96 3
476.96 477.15 2
477.15 477.38 0
477.38 486.40 2
486.40 486.57 0
486.57 487.14 1
487.14 487.41 0
487.41 492.10 2
492.10 492.63 3
492.63 493.28 1
493.28 493.64 3
493.64 494.58 2
494.58 495.08 0
495.08 496.52 2
496.52 496.79 3
496.79 501.18 1
501.18 501.98 3
501.98 506.70 2
506.70 507.07 3
507.07 508.31 1
508.31 509.50 3
509.50 510.25 2
510.25 510.55 0
510.55 510.79 1
510.79 511.29 3
511.29 512.38 2
512.38 512.60 0
512.60 517.47 2
517.47 517.88 0
517.88 519.85 2
519.85 521.03 3
521.03 521.66 2
521.66 521.70 0
521.70 525.51 1
525.51 525.69 0
525.69 526.28 2
526.28 526.51 0
526.51 526.65 1
526.65 527.10 3
527.10 528.60 1
528.60 528.79 0
528.79 529.04 2
529.04 529.56 3
529.56 530.63 1
530.63 531.17 3
531.17 531.55 1
531.55 532.00 3
532.00 532.05 2
532.05 532.10 0
532.10 545.84 2
545.84 546.28 3
546.28 546.59 1
546.59 546.99 3
546.99 547.28 2
547.28 548.11 3
548.11 548.49 1
548.49 548.68 3
548.68 553.59 2
553.59 553.70 3
553.70 553.95 1
553.95 554.64 3
554.64 556.29 2
556.29 557.19 3
557.19 560.62 2
560.62 561.10 0
561.10 562.79 2
562.79 562.85 0
562.85 564.94 1
564.94 565.23 3
565.23 570.04 2
570.04 570.17 0
570.17 571.00 1
571.00 571.40 3
571.40 578.69 2
578.69 578.94 0
578.94 580.91 2
580.91 581.47 3
581.47 582.10 2
582.10 582.46 0
582.46 587.57 2
587.57 587.90 0
587.90 592.22 2
592.22 592.65 0
592.65 593.29 2
593.29 593.81 3
593.81 595.84 1
595.84 596.38 3
596.38 598.97 2
598.97 599.01 0
599.01 602.24 1
