0.00 1.53 2
1.53 1.61 0
1.61 9.93 1
9.93 10.04 0
10.04 10.23 2
10.23 11.85 3
11.85 12.50 1
12.50 13.32 0
13.32 14.01 2
14.01 14.28 3
14.28 14.62 1
14.62 14.89 0
14.89 15.61 2
15.61 15.92 3
15.92 16.28 1
16.28 16.57 3
16.57 17.37 2
17.37 17.46 3
17.46 18.76 1
18.76 21.05 3
21.05 26.49 2
26.49 27.18 3
27.18 27.39 2
27.39 27.88 0
27.88 34.30 2
34.30 34.85 3
34.85 39.79 1
39.79 40.00 0
40.00 40.46 1
40.46 41.17 3
41.17 43.96 1
43.96 44.40 3
44.40 49.81 1
49.81 51.07 0
51.07 58.06 1
58.06 58.48 3
58.48 60.40 1
60.40 61.51 0
61.51 64.30 1
64.30 65.33 0
65.33 74.96 1
74.96 75.63 0
75.63 75.86 1
75.86 76.49 3
76.49 78.93 1
78.93 79.12 3
79.12 82.18 1
82.18 82.92 3
82.92 83.90 2
83.90 84.07 0
84.07 87.12 1
87.12 87.43 3
87.43 87.83 2
87.83 89.05 3
89.05 89.54 2
89.54 89.66 3
89.66 108.23 1
108.23 108.86 0
108.86 112.22 1
112.22 112.98 3
112.98 117.01 1
117.01 117.06 0
117.06 117.85 2
117.85 119.37 3
119.37 120.54 1
120.54 121.22 0
121.22 123.32 2
123.32 123.44 3
123.44 128.86 1
128.86 129.41 3
129.41 130.59 2
130.59 131.47 3
131.47 141.43 1
141.43 142.35 0
142.35 142.60 2
142.60 143.02 3
143.02 144.16 1
144.16 144.96 0
144.96 146.59 2
146.59 146.80 3
146.80 147.18 1
147.18 147.35 3
147.35 147.77 2
147.77 147.81 3
147.81 148.32 1
148.32 149.37 3
149.37 155.25 2
155.25 155.38 0
155.38 155.96 1
155.96 157.31 3
157.31 159.07 1
159.07 160.12 3
160.12 167.14 1
167.14 167.85 0
167.85 172.10 1
172.10 172.56 0
172.56 183.06 1
183.06 183.19 0
183.19 183.44 1
183.44 183.94 3
183.94 188.32 1
188.32 188.65 3
188.65 189.03 2
189.03 189.12 0
189.12 198.53 1
198.53 200.00 3
200.00 202.48 2
202.48 202.63 3
202.63 203.61 1
203.61 203.91 3
203.91 204.16 2
204.16 204.57 0
204.57 204.91 1
204.91 205.54 3
205.54 207.56 1
207.56 208.32 3
208.32 208.99 2
208.99 209.16 3
209.16 211.00 1
211.00 212.00 3
212.00 212.94 2
212.94 213.78 3
213.78 214.75 2
214.75 214.91 3
214.91 216.68 1
216.68 217.43 0
217.43 217.81 2
217.81 217.94 3
217.94 221.00 1
221.00 221.75 3
221.75 224.54 1
224.54 225.63 0
225.63 225.71 1
225.71 226.72 3
226.72 228.78 1
228.78 229.96 0
229.96 230.96 2
230.96 231.38 3
231.38 232.85 2
232.85 233.69 3
233.69 234.19 2
234.19 234.82 3
234.82 241.59 1
241.59 242.27 3
242.27 247.59 1
247.59 248.71 3
248.71 249.44 1
249.44 250.98 0
250.98 258.41 1
258.41 259.16 0
259.16 259.22 2
259.22 260.12 3
260.12 262.03 1
262.03 262.39 3
262.39 264.52 1
264.52 264.66 3
264.66 265.37 2
265.37 266.05 0
266.05 266.06 2
266.06 266.29 3
266.29 268.22 2
268.22 268.39 0
268.39 274.54 1
274.54 275.29 3
275.29 278.79 1
278.79 279.36 0
279.36 282.93 1
282.93 283.76 3
283.76 284.76 1
284.76 285.37 0
285.37 285.58 1
285.58 286.08 3
286.08 286.52 2
286.52 286.54 0
286.54 288.21 1
288.21 288.73 0
288.73 297.76 1
297.76 298.26 3
298.26 300.87 1
300.87 301.73 0
301.73 312.08 1
312.08 312.77 0
312.77 324.78 1
324.78 325.40 0
325.40 328.11 1
328.11 328.66 3
328.66 335.08 1
335.08 335.80 0
335.80 351.48 1
351.48 352.65 0
352.65 352.90 1
352.90 353.15 3
353.15 361.12 1
361.12 361.45 3
361.45 366.71 1
366.71 367.21 0
367.21 369.13 2
369.13 369.30 0
369.30 382.39 1
382.39 383.31 0
383.31 390.57 1
390.57 391.78 3
391.78 395.16 1
395.16 395.70 0
395.70 395.74 2
395.74 396.32 3
396.32 416.84 1
416.84 417.49 0
417.49 417.82 2
417.82 418.62 3
418.62 421.04 1
421.04 421.84 0
421.84 422.26 1
422.26 422.39 3
422.39 422.80 2
422.80 422.85 3
422.85 426.02 1
426.02 426.27 0
426.27 427.06 1
427.06 427.52 3
427.52 435.98 1
435.98 436.90 3
436.90 438.40 1
438.40 439.65 3
439.65 443.41 2
443.41 443.53 3
443.53 445.83 1
445.83 446.04 3
446.04 446.33 2
446.33 446.66 0
446.66 451.79 1
451.79 451.83 3
451.83 452.13 2
452.13 452.50 0
452.50 464.01 1
464.01 464.68 0
464.68 475.78 1
475.78 476.82 0
476.82 479.90 1
479.90 480.28 3
480.28 487.91 1
487.91 488.26 0
488.26 488.41 1
488.41 489.08 3
489.08 496.21 1
496.21 496.27 0
496.27 496.31 1
496.31 497.17 3
497.17 500.78 1
500.78 501.30 3
501.30 506.16 1
506.16 506.24 0
506.24 509.29 1
509.29 510.27 3
510.27 512.08 1
512.08 513.09 0
513.09 513.29 1
513.29 513.34 3
513.34 515.29 2
515.29 515.77 3
515.77 516.88 1
516.88 517.38 3
517.38 518.25 1
518.25 519.07 0
519.07 530.83 1
530.83 531.52 0
531.52 531.77 1
531.77 532.14 3
532.14 532.50 2
532.50 533.69 0
533.69 534.14 1
534.14 535.52 0
535.52 544.03 1
544.03 544.50 0
544.50 549.26 1
549.26 549.43 3
549.43 549.58 2
549.58 549.74 3
549.74 560.30 1
560.30 560.69 0
560.69 561.09 1
561.09 561.88 3
561.88 561.90 2
561.90 576.71 1
576.71 576.92 0
576.92 577.05 2
577.05 577.15 3
577.15 585.70 1
585.70 585.83 3
585.83 585.90 2
585.90 586.47 3
586.47 592.89 1
592.89 593.21 3
593.21 593.31 2
593.31 593.40 3
593.40 607.75 1
607.75 608.02 3
608.02 608.75 2
