0.00 4.07 2
4.07 4.77 0
4.77 5.11 2
5.11 5.76 0
5.76 6.47 2
6.47 7.22 0
7.22 10.67 2
10.67 11.18 0
11.18 15.86 1
15.86 16.13 3
16.13 16.23 2
16.23 16.46 0
16.46 16.84 1
16.84 17.24 0
17.24 17.58 2
17.58 17.80 0
17.80 20.98 1
20.98 21.14 3
21.14 21.45 2
21.45 21.47 3
21.47 23.10 1
23.10 23.59 0
23.59 23.92 2
23.92 24.44 0
24.44 26.26 1
26.26 27.05 0
27.05 27.10 1
27.10 27.21 3
27.21 27.87 1
27.87 28.48 0
28.48 28.80 2
28.80 28.82 3
28.82 30.89 1
30.89 31.32 0
31.32 32.53 1
32.53 32.98 0
32.98 33.29 2
33.29 33.73 0
33.73 34.81 1
34.81 35.14 0
35.14 35.51 1
35.51 36.12 0
36.12 37.19 1
37.19 38.42 0
38.42 38.72 2
38.72 38.96 0
38.96 42.32 2
42.32 42.56 0
42.56 42.96 2
42.96 43.77 0
43.77 45.60 2
45.60 46.41 0
46.41 48.28 2
48.28 48.33 3
48.33 48.71 1
48.71 49.47 0
49.47 52.42 1
52.42 53.39 0
53.39 54.98 1
54.98 55.64 0
55.64 57.76 1
57.76 57.82 3
57.82 58.13 2
58.13 58.59 0
58.59 59.26 1
59.26 60.04 0
60.04 60.75 1
60.75 61.48 0
61.48 61.82 1
61.82 62.18 0
62.18 65.38 1
65.38 66.29 0
66.29 66.96 1
66.96 67.68 0
67.68 73.32 2
73.32 73.71 0
73.71 75.31 1
75.31 75.67 3
75.67 77.31 1
77.31 78.82 0
78.82 82.78 1
82.78 82.92 0
82.92 83.29 2
83.29 83.75 0
83.75 86.84 1
86.84 86.94 3
86.94 87.31 2
87.31 87.73 0
87.73 91.69 1
91.69 92.60 0
92.60 92.99 2
92.99 93.09 3
93.09 95.37 1
95.37 95.47 3
95.47 96.94 2
96.94 97.50 0
97.50 99.00 1
99.00 99.42 0
99.42 102.88 1
102.88 103.11 0
103.11 103.66 2
103.66 104.05 3
104.05 107.30 1
107.30 107.43 3
107.43 107.66 2
107.66 108.46 0
108.46 109.66 1
109.66 110.38 0
110.38 110.57 1
110.57 110.79 3
110.79 112.54 1
112.54 112.62 3
112.62 113.02 2
113.02 113.59 3
113.59 113.75 1
113.75 114.00 0
114.00 114.25 2
114.25 114.57 0
114.57 115.00 1
115.00 115.07 0
115.07 118.10 2
118.10 118.91 0
118.91 119.24 2
119.24 132.90 0
132.90 133.19 1
133.19 134.25 0
134.25 134.57 2
134.57 134.96 0
134.96 135.68 1
135.68 136.24 0
136.24 139.04 1
139.04 139.11 3
139.11 139.35 2
139.35 141.02 1
141.02 141.35 3
141.35 142.02 1
142.02 142.13 3
142.13 142.39 2
142.39 143.61 0
143.61 143.71 1
143.71 143.98 3
143.98 144.90 1
144.90 145.24 3
145.24 147.20 1
147.20 147.48 0
147.48 148.59 2
148.59 149.11 0
149.11 150.03 1
150.03 150.45 0
150.45 153.02 1
153.02 153.11 0
153.11 153.45 2
153.45 154.54 0
154.54 154.98 2
154.98 155.30 3
155.30 155.64 1
155.64 156.71 0
156.71 160.81 2
160.81 161.44 0
161.44 164.23 2
164.23 164.59 0
164.59 167.54 2
167.54 168.62 0
168.62 172.85 2
172.85 173.26 0
173.26 174.41 2
174.41 174.85 0
174.85 176.70 2
176.70 177.48 0
177.48 177.92 2
177.92 178.56 0
178.56 179.55 2
179.55 180.05 0
180.05 182.08 2
182.08 183.07 0
183.07 186.23 1
186.23 186.29 3
186.29 186.56 2
186.56 186.68 3
186.68 188.19 1
188.19 188.51 0
188.51 188.86 2
188.86 189.12 0
189.12 190.06 1
190.06 190.78 0
190.78 193.19 1
193.19 193.33 0
193.33 193.94 2
193.94 194.22 0
194.22 196.37 1
196.37 198.24 0
198.24 198.54 2
198.54 198.83 0
198.83 199.24 1
199.24 199.56 0
199.56 199.84 2
199.84 201.12 0
201.12 201.32 1
201.32 203.38 0
203.38 205.40 1
205.40 205.89 0
205.89 206.67 1
206.67 206.74 3
206.74 207.09 2
207.09 207.62 0
207.62 213.08 1
213.08 213.65 0
213.65 214.02 2
214.02 214.59 0
214.59 218.28 1
218.28 218.46 0
218.46 218.85 2
218.85 220.71 0
220.71 221.04 2
221.04 221.34 0
221.34 224.52 1
224.52 225.58 0
225.58 226.14 1
226.14 226.35 0
226.35 226.70 2
226.70 226.71 3
226.71 229.81 1
229.81 230.00 0
230.00 230.45 2
230.45 230.46 0
230.46 230.94 1
230.94 231.32 0
231.32 236.78 1
236.78 236.99 0
236.99 237.41 2
237.41 238.21 0
238.21 240.27 1
240.27 240.84 0
240.84 242.22 1
242.22 242.53 3
242.53 243.40 1
243.40 244.19 0
244.19 245.98 1
245.98 246.27 0
246.27 246.66 2
246.66 246.92 0
246.92 248.98 1
248.98 249.40 0
249.40 249.67 2
249.67 250.16 0
250.16 250.20 1
250.20 250.44 3
250.44 250.66 1
250.66 251.73 0
251.73 252.20 2
252.20 253.71 0
253.71 258.45 2
258.45 258.77 0
258.77 260.50 2
260.50 260.73 0
260.73 261.06 2
261.06 261.50 0
261.50 262.65 2
262.65 263.26 0
263.26 263.66 2
263.66 264.04 0
264.04 267.10 2
267.10 267.64 0
267.64 269.29 2
269.29 269.31 3
269.31 269.61 1
269.61 272.75 0
272.75 277.28 1
277.28 277.66 0
277.66 278.01 2
278.01 280.37 1
280.37 280.61 0
280.61 280.99 2
280.99 281.28 0
281.28 285.44 1
285.44 286.21 3
286.21 286.72 2
286.72 286.84 0
286.84 288.86 1
288.86 288.93 0
288.93 289.28 2
289.28 289.72 1
289.72 290.29 0
290.29 292.17 1
292.17 292.44 0
292.44 292.93 2
292.93 293.14 0
293.14 294.68 1
294.68 295.36 0
295.36 295.75 2
295.75 296.11 0
296.11 296.27 1
296.27 296.68 0
296.68 297.81 1
297.81 298.84 0
298.84 299.01 2
299.01 299.58 3
299.58 300.13 2
300.13 300.15 3
300.15 300.52 1
300.52 301.04 0
301.04 301.30 2
301.30 302.77 0
302.77 304.07 1
304.07 304.37 0
304.37 304.82 2
304.82 304.84 3
304.84 305.26 1
305.26 305.63 0
305.63 306.02 2
306.02 306.28 0
306.28 309.08 1
309.08 309.47 0
309.47 310.51 1
310.51 310.89 0
310.89 311.23 2
311.23 311.84 0
311.84 315.21 1
315.21 316.00 0
316.00 317.19 1
317.19 318.14 0
318.14 318.59 1
318.59 318.87 0
318.87 319.30 2
319.30 320.38 0
320.38 320.59 1
320.59 322.44 0
322.44 325.60 1
325.60 325.97 0
325.97 327.85 2
327.85 328.46 0
328.46 330.42 1
330.42 330.52 3
330.52 330.92 2
330.92 331.43 0
331.43 331.80 2
331.80 332.18 0
332.18 333.88 2
333.88 334.57 0
334.57 335.07 2
335.07 335.28 3
335.28 335.95 1
335.95 336.68 0
336.68 336.99 2
336.99 339.24 0
339.24 340.42 2
340.42 340.47 0
340.47 340.77 1
340.77 341.17 0
341.17 341.33 2
341.33 342.81 0
342.81 343.64 2
343.64 344.18 0
344.18 344.19 1
344.19 344.39 3
344.39 346.43 1
346.43 346.78 0
346.78 346.79 2
346.79 347.17 3
347.17 347.21 2
347.21 347.69 0
347.69 347.97 2
347.97 348.85 0
348.85 349.42 2
349.42 351.57 0
351.57 352.70 2
352.70 353.15 3
353.15 353.29 2
353.29 354.02 0
354.02 356.50 2
356.50 356.74 3
356.74 356.79 1
356.79 358.52 0
358.52 360.46 2
360.46 360.67 0
360.67 360.85 1
360.85 360.99 0
360.99 361.68 2
361.68 361.84 0
361.84 365.53 1
365.53 366.24 0
366.24 366.81 2
366.81 366.94 3
366.94 367.24 1
367.24 367.82 0
367.82 372.54 1
372.54 373.53 0
373.53 373.65 2
373.65 374.06 3
374.06 374.35 2
374.35 374.46 0
374.46 374.77 1
374.77 374.88 0
374.88 375.29 2
375.29 375.76 0
375.76 377.50 1
377.50 377.78 0
377.78 378.05 2
378.05 379.55 0
379.55 379.77 1
379.77 380.13 0
380.13 380.43 2
380.43 380.85 0
380.85 381.35 2
381.35 381.58 0
381.58 381.77 1
381.77 382.06 0
382.06 382.64 2
382.64 383.17 0
383.17 384.29 2
384.29 384.56 0
384.56 387.91 2
387.91 388.34 0
388.34 390.51 2
390.51 390.66 0
390.66 391.40 2
391.40 392.15 0
392.15 392.30 2
392.30 392.57 3
392.57 392.83 2
392.83 393.45 0
393.45 398.20 2
398.20 398.77 0
398.77 400.40 2
400.40 401.60 0
401.60 402.49 2
402.49 402.79 3
402.79 402.82 1
402.82 403.29 0
403.29 404.16 2
404.16 404.40 0
404.40 404.46 2
404.46 404.71 3
404.71 405.68 1
405.68 405.77 3
405.77 406.12 2
406.12 406.45 0
406.45 409.08 1
409.08 409.20 0
409.20 409.59 2
409.59 409.82 0
409.82 413.09 1
413.09 413.96 0
413.96 414.09 2
414.09 414.34 3
414.34 414.56 1
414.56 415.28 0
415.28 415.57 2
415.57 415.67 0
415.67 416.40 1
416.40 416.80 0
416.80 419.44 1
419.44 419.53 3
419.53 419.78 2
419.78 419.85 3
419.85 421.20 1
421.20 421.29 3
421.29 421.80 2
421.80 421.81 0
421.81 424.40 1
424.40 424.53 0
424.53 424.89 2
424.89 425.07 0
425.07 428.38 1
428.38 428.46 0
428.46 428.93 2
428.93 429.35 0
429.35 429.57 1
429.57 429.66 3
429.66 430.22 2
430.22 430.63 0
430.63 431.75 1
431.75 432.58 0
432.58 432.66 1
432.66 433.15 0
433.15 435.27 1
435.27 435.56 0
435.56 435.96 2
435.96 436.26 0
436.26 437.52 1
437.52 437.72 0
437.72 438.12 2
438.12 438.55 0
438.55 438.71 1
438.71 439.29 0
439.29 439.78 1
439.78 440.01 0
440.01 440.33 2
440.33 441.20 1
441.20 442.01 0
442.01 443.62 1
443.62 443.68 3
443.68 444.49 2
444.49 444.91 0
444.91 446.66 2
446.66 447.02 0
447.02 448.39 2
448.39 448.45 0
448.45 448.71 1
448.71 449.28 0
449.28 449.53 2
449.53 450.52 0
450.52 450.84 2
450.84 453.53 0
453.53 453.67 1
453.67 453.87 3
453.87 454.39 1
454.39 455.60 0
455.60 456.64 2
456.64 456.97 0
456.97 457.45 2
457.45 458.34 0
458.34 458.83 2
458.83 459.83 0
459.83 460.60 2
460.60 461.09 0
461.09 462.89 2
462.89 463.37 0
463.37 464.89 2
464.89 465.43 0
465.43 467.14 2
467.14 467.51 0
467.51 468.36 2
468.36 468.90 0
468.90 471.22 2
471.22 471.67 0
471.67 472.71 2
472.71 473.48 0
473.48 474.09 2
474.09 474.93 0
474.93 475.54 2
475.54 476.20 0
476.20 477.00 2
477.00 477.82 0
477.82 479.26 2
479.26 479.39 0
479.39 482.71 2
482.71 483.40 0
483.40 484.05 2
484.05 484.33 0
484.33 484.47 1
484.47 484.63 3
484.63 486.36 2
486.36 487.31 0
487.31 487.79 2
487.79 488.49 0
488.49 490.80 2
490.80 491.51 0
491.51 493.08 2
493.08 493.33 0
493.33 493.97 2
493.97 494.86 0
494.86 496.21 2
496.21 497.65 0
497.65 498.86 2
498.86 499.36 0
499.36 501.58 2
501.58 501.75 0
501.75 508.58 2
508.58 509.01 0
509.01 510.58 2
510.58 510.63 3
510.63 510.92 1
510.92 511.28 0
511.28 513.40 2
513.40 513.66 0
513.66 514.56 2
514.56 514.69 0
514.69 515.23 1
515.23 516.05 0
516.05 517.15 2
517.15 517.57 0
517.57 518.77 2
518.77 519.23 0
519.23 520.15 2
520.15 520.75 0
520.75 521.16 2
521.16 521.97 0
521.97 522.50 1
522.50 522.92 0
522.92 523.19 2
523.19 528.84 0
528.84 528.91 2
528.91 529.05 3
529.05 529.11 1
529.11 529.70 0
529.70 529.99 2
529.99 530.31 0
530.31 531.39 1
531.39 531.98 0
531.98 532.36 2
532.36 532.72 0
532.72 533.13 2
533.13 533.72 0
533.72 535.60 2
535.60 535.85 0
535.85 536.03 2
536.03 537.46 0
537.46 538.88 2
538.88 539.11 0
539.11 539.75 2
539.75 539.90 3
539.90 540.05 1
540.05 540.16 3
540.16 541.27 2
541.27 541.34 0
541.34 545.20 2
545.20 545.34 0
545.34 545.60 1
545.60 545.70 3
545.70 546.56 2
546.56 547.31 0
547.31 548.63 2
548.63 550.08 0
550.08 552.21 2
552.21 552.48 0
552.48 555.18 2
555.18 555.95 0
555.95 556.46 2
556.46 557.03 0
557.03 560.93 2
560.93 561.52 0
561.52 564.02 2
564.02 564.15 0
564.15 564.21 2
564.21 564.49 3
564.49 567.02 2
567.02 567.16 0
567.16 567.31 1
567.31 567.83 0
567.83 569.23 2
569.23 569.48 0
569.48 572.01 2
572.01 572.35 0
572.35 572.71 2
572.71 573.44 0
573.44 574.34 2
574.34 574.75 0
574.75 575.57 1
575.57 576.64 0
576.64 576.87 2
576.87 577.68 0
577.68 580.90 2
580.90 581.07 0
581.07 581.63 1
581.63 582.35 0
582.35 582.84 2
582.84 582.99 0
582.99 583.16 1
583.16 584.05 0
584.05 584.42 2
584.42 584.74 0
584.74 585.85 2
585.85 586.36 0
586.36 587.59 2
587.59 587.72 3
587.72 587.82 1
587.82 588.41 0
588.41 590.38 2
590.38 591.05 0
591.05 592.92 2
592.92 593.04 3
593.04 593.16 1
593.16 593.54 0
593.54 594.74 2
594.74 595.55 0
595.55 595.84 2
595.84 596.21 0
596.21 597.50 2
597.50 597.81 0
597.81 598.37 2
598.37 598.64 0
598.64 599.46 2
599.46 600.41 0
600.41 603.25 2
