0.00 0.86 1
0.86 1.30 0
1.30 10.32 2
10.32 10.67 3
10.67 11.63 1
11.63 11.81 0
11.81 17.27 2
17.27 17.75 0
17.75 28.71 2
28.71 28.74 3
28.74 29.34 1
29.34 29.36 0
29.36 32.08 2
32.08 32.91 0
32.91 42.10 2
42.10 42.24 0
42.24 42.84 1
42.84 42.95 3
42.95 50.81 2
50.81 51.06 3
51.06 51.31 1
51.31 51.68 0
51.68 55.02 2
55.02 55.06 3
55.06 56.60 1
56.60 56.65 3
56.65 62.53 2
62.53 62.82 3
62.82 63.07 1
63.07 63.25 0
63.25 69.42 2
69.42 69.56 0
69.56 71.52 1
71.52 71.98 3
71.98 73.36 2
73.36 73.40 3
73.40 74.65 1
74.65 74.73 0
74.73 88.25 2
88.25 88.87 0
88.87 89.08 1
89.08 89.33 3
89.33 92.08 1
92.08 92.42 3
92.42 93.04 2
93.04 93.13 3
93.13 94.96 1
94.96 95.38 3
95.38 96.46 1
96.46 96.94 0
96.94 109.95 2
109.95 110.83 3
110.83 110.95 1
110.95 111.12 0
111.12 111.20 1
111.20 111.83 3
111.83 111.90 1
111.90 112.29 0
112.29 112.31 2
112.31 112.79 3
112.79 114.27 1
114.27 114.48 0
114.48 115.15 2
115.15 115.40 3
115.40 115.48 1
115.48 115.65 3
115.65 129.25 2
129.25 129.33 3
129.33 132.67 1
132.67 133.25 3
133.25 133.67 2
133.67 134.58 3
134.58 136.42 1
136.42 137.21 3
137.21 137.67 1
137.67 138.17 0
138.17 138.96 2
138.96 139.01 3
139.01 139.62 1
139.62 139.97 0
139.97 142.05 2
142.05 142.22 3
142.22 146.81 1
146.81 147.93 3
147.93 149.02 2
149.02 149.43 3
149.43 151.69 1
151.69 151.73 0
151.73 153.94 2
153.94 154.06 3
154.06 155.02 1
155.02 155.65 3
155.65 157.15 2
157.15 157.23 0
157.23 158.99 1
158.99 159.19 3
159.19 160.28 2
160.28 160.65 3
160.65 161.95 1
161.95 162.45 0
162.45 163.03 2
163.03 169.25 1
169.25 176.29 2
176.29 176.80 3
176.80 177.80 1
177.80 179.84 3
179.84 180.47 2
180.47 182.26 3
182.26 185.47 1
185.47 185.55 0
185.55 188.31 2
188.31 188.56 3
188.56 188.93 1
188.93 189.14 3
189.14 192.85 2
192.85 193.31 3
193.31 194.02 2
194.02 194.69 0
194.69 202.82 2
202.82 202.91 0
202.91 204.62 1
204.62 205.24 0
205.24 205.87 2
205.87 205.91 3
205.91 206.53 1
206.53 206.74 0
206.74 209.70 2
209.70 209.83 3
209.83 213.46 1
213.46 214.04 3
214.04 215.34 2
215.34 215.63 3
215.63 215.67 1
215.67 216.25 3
216.25 217.75 2
217.75 217.92 3
217.92 218.67 1
218.67 219.05 3
219.05 220.84 2
220.84 220.97 0
220.97 222.43 1
222.43 224.85 3
224.85 231.56 2
231.56 231.85 3
231.85 231.94 1
231.94 232.10 3
232.10 244.37 2
244.37 244.53 3
244.53 244.91 1
244.91 245.12 0
245.12 261.55 2
261.55 261.59 3
261.59 262.72 1
262.72 264.97 2
264.97 265.47 0
265.47 265.80 1
265.80 266.05 3
266.05 275.40 2
275.40 275.48 0
275.48 275.73 1
275.73 276.01 3
276.01 291.57 2
291.57 292.26 0
292.26 301.01 2
301.01 301.47 0
301.47 309.39 2
309.39 310.56 0
310.56 315.98 2
315.98 317.53 3
317.53 317.86 1
317.86 318.44 3
318.44 326.87 2
326.87 326.91 0
326.91 327.20 1
327.20 327.58 3
327.58 343.05 2
343.05 343.26 0
343.26 343.97 1
343.97 344.05 3
344.05 348.77 2
348.77 348.81 0
348.81 349.55 1
349.55 350.31 3
350.31 351.23 2
351.23 351.52 3
351.52 351.88 2
351.88 351.91 0
351.91 363.70 2
363.70 363.78 3
363.78 364.41 1
364.41 364.62 3
364.62 376.42 2
376.42 376.92 0
376.92 387.43 2
387.43 388.18 0
388.18 398.53 2
398.53 398.61 0
398.61 398.76 1
398.76 399.28 3
399.28 408.76 2
408.76 409.14 0
409.14 421.22 2
421.22 422.21 3
422.21 422.97 1
422.97 423.30 3
423.30 429.73 2
429.73 429.89 0
429.89 432.23 2
432.23 432.73 3
432.73 436.73 2
436.73 437.15 3
437.15 437.48 1
437.48 437.65 3
437.65 448.66 2
448.66 449.08 0
449.08 454.83 2
454.83 455.00 3
455.00 455.34 1
455.34 455.50 0
455.50 462.93 2
462.93 463.09 3
463.09 467.01 1
467.01 467.18 0
467.18 467.93 2
467.93 468.60 3
468.60 470.10 1
470.10 470.35 3
470.35 472.27 2
472.27 472.52 3
472.52 472.85 1
472.85 472.94 0
472.94 482.30 2
482.30 482.43 0
482.43 494.05 2
494.05 494.25 0
494.25 500.19 2
500.19 500.37 0
500.37 506.90 2
506.90 508.97 3
508.97 509.82 2
509.82 510.40 3
510.40 512.32 1
512.32 512.57 0
512.57 514.57 2
514.57 514.91 3
514.91 525.25 2
525.25 525.42 3
525.42 526.08 1
526.08 526.25 3
526.25 535.34 2
535.34 536.26 3
536.26 536.51 1
536.51 536.93 3
536.93 540.09 2
540.09 541.68 3
541.68 541.84 2
541.84 542.02 0
542.02 549.90 2
549.90 550.30 0
550.30 561.79 2
561.79 563.00 3
563.00 564.63 1
564.63 566.29 3
566.29 568.38 2
568.38 568.63 3
568.63 569.71 1
569.71 569.88 0
569.88 570.88 2
570.88 570.97 3
570.97 573.80 1
573.80 575.39 3
575.39 576.30 2
576.30 578.47 1
578.47 579.14 3
579.14 582.19 2
582.19 582.47 3
582.47 584.35 1
584.35 585.53 3
585.53 597.38 2
597.38 597.46 3
597.46 597.63 1
597.63 597.79 3
597.79 605.55 2
605.55 606.13 1
606.13 606.47 3
606.47 609.64 2
609.64 609.72 0
609.72 612.47 1
612.47 613.56 0
613.56 617.06 2
617.06 617.15 3
617.15 617.65 1
617.65 618.05 0
618.05 625.06 2
625.06 625.64 0
625.64 632.15 2
632.15 632.23 0
632.23 632.58 1
632.58 633.25 3
633.25 636.08 2
636.08 636.50 3
636.50 639.67 1
639.67 643.67 2
643.67 643.84 3
643.84 644.51 1
644.51 644.76 3
644.76 655.77 2
655.77 656.10 3
656.10 656.77 1
656.77 657.44 0
657.44 669.53 2
669.53 669.62 3
669.62 669.78 1
669.78 670.20 3
670.20 671.04 2
671.04 671.12 3
671.12 671.70 1
671.70 671.87 0
671.87 673.12 2
673.12 673.37 3
673.37 673.87 1
673.87 674.12 0
674.12 686.63 2
686.63 686.72 3
686.72 687.39 1
687.39 687.55 0
687.55 690.97 2
690.97 691.89 3
691.89 692.39 1
692.39 692.72 3
692.72 698.40 2
698.40 698.81 3
698.81 698.90 2
698.90 699.00 0
699.00 704.94 2
704.94 705.65 0
705.65 712.29 2
712.29 712.54 0
712.54 718.67 2
718.67 718.94 3
718.94 719.84 1
