0.00 1.06 2
1.06 1.37 0
1.37 2.62 1
2.62 2.77 0
2.77 3.09 2
3.09 3.39 0
3.39 6.86 1
6.86 7.90 0
7.90 9.85 2
9.85 10.16 0
10.16 10.48 1
10.48 10.74 0
10.74 11.86 2
11.86 12.96 0
12.96 14.60 2
14.60 15.54 0
15.54 16.65 2
16.65 18.61 0
18.61 20.61 2
20.61 20.62 3
20.62 25.12 1
25.12 25.75 0
25.75 26.09 2
26.09 26.15 3
26.15 27.56 1
27.56 28.58 0
28.58 33.45 1
33.45 34.45 0
34.45 37.82 1
37.82 38.56 0
38.56 42.83 1
42.83 42.95 0
42.95 43.32 2
43.32 43.36 3
43.36 44.18 1
44.18 44.93 0
44.93 45.91 2
45.91 46.43 3
46.43 47.13 1
47.13 47.80 0
47.80 50.70 1
50.70 50.81 0
50.81 51.18 2
51.18 51.25 3
51.25 52.73 1
52.73 53.14 3
53.14 55.17 1
55.17 56.14 0
56.14 56.62 1
56.62 57.19 0
57.19 60.98 1
60.98 61.45 0
61.45 64.85 1
64.85 65.15 0
65.15 65.59 3
65.59 71.22 1
71.22 72.02 0
72.02 73.28 2
73.28 73.56 3
73.56 75.01 1
75.01 75.20 3
75.20 75.41 2
75.41 75.42 0
75.42 78.87 1
78.87 79.15 0
79.15 80.21 1
80.21 80.80 3
80.80 82.32 1
82.32 83.37 0
83.37 84.31 2
84.31 84.48 0
84.48 84.52 1
84.52 85.43 3
85.43 86.81 2
86.81 86.96 3
86.96 87.67 1
87.67 87.78 0
87.78 88.18 2
88.18 88.42 0
88.42 95.31 1
95.31 95.84 0
95.84 99.00 1
99.00 99.52 3
99.52 106.16 2
106.16 106.48 0
106.48 109.88 1
109.88 110.36 0
110.36 110.59 2
110.59 110.70 3
110.70 114.54 1
114.54 115.21 0
115.21 115.38 1
115.38 115.64 3
115.64 117.17 1
117.17 117.97 0
117.97 118.09 1
118.09 118.60 3
118.60 120.55 1
120.55 121.10 0
121.10 121.16 2
121.16 121.43 3
121.43 129.38 1
129.38 130.85 0
130.85 133.01 1
133.01 134.68 0
134.68 136.48 2
136.48 136.64 3
136.64 143.51 1
143.51 143.62 0
143.62 144.27 2
144.27 144.63 0
144.63 146.01 1
146.01 146.22 0
146.22 148.62 2
148.62 148.95 0
148.95 151.39 1
151.39 152.25 0
152.25 155.26 2
155.26 155.54 0
155.54 160.66 1
160.66 161.41 0
161.41 162.32 2
162.32 162.59 0
162.59 162.78 2
162.78 163.49 3
163.49 164.79 2
164.79 164.93 3
164.93 165.35 1
165.35 165.54 3
165.54 165.92 2
165.92 166.15 0
166.15 166.25 1
166.25 166.61 0
166.61 166.74 2
166.74 167.13 3
167.13 170.73 1
170.73 171.25 0
171.25 174.65 1
174.65 175.24 0
175.24 175.66 3
175.66 176.83 1
176.83 177.43 0
177.43 177.53 1
177.53 177.79 3
177.79 181.01 1
181.01 181.16 3
181.16 183.51 2
183.51 183.53 3
183.53 184.42 1
184.42 184.50 3
184.50 184.71 2
184.71 184.73 3
184.73 185.72 1
185.72 185.91 3
185.91 186.01 1
186.01 186.16 0
186.16 188.64 1
188.64 188.80 0
188.80 189.29 2
189.29 189.43 3
189.43 197.02 1
197.02 197.65 0
197.65 201.58 1
201.58 202.23 0
202.23 203.80 1
203.80 204.52 0
204.52 206.41 1
206.41 206.58 3
206.58 208.83 2
208.83 209.73 3
209.73 211.58 1
211.58 211.75 0
211.75 212.15 2
212.15 212.29 0
212.29 212.65 1
212.65 213.37 3
213.37 213.60 2
213.60 220.15 1
220.15 220.66 0
220.66 225.95 1
225.95 226.58 0
226.58 230.28 1
230.28 230.70 0
230.70 231.68 2
231.68 231.87 0
231.87 234.33 1
234.33 235.26 0
235.26 236.16 2
236.16 236.22 0
236.22 239.02 1
239.02 240.53 0
240.53 241.58 2
241.58 242.65 0
242.65 243.72 2
243.72 244.12 0
244.12 244.77 1
244.77 244.84 3
244.84 247.54 2
247.54 247.61 0
247.61 248.18 1
248.18 249.53 3
249.53 254.73 1
254.73 255.45 0
255.45 259.16 1
259.16 259.50 0
259.50 259.96 2
259.96 264.08 1
264.08 264.77 0
264.77 266.20 1
266.20 268.49 3
268.49 269.68 2
269.68 274.38 3
274.38 276.14 2
276.14 276.22 0
276.22 278.51 1
278.51 278.70 0
278.70 279.54 2
279.54 279.65 0
279.65 281.41 1
281.41 283.24 0
283.24 284.16 1
284.16 284.73 0
284.73 286.94 2
286.94 287.40 0
287.40 294.54 1
294.54 294.79 3
294.79 295.36 2
295.36 295.99 0
295.99 296.35 1
296.35 297.08 0
297.08 300.89 1
300.89 301.98 0
301.98 304.75 1
304.75 305.51 0
305.51 307.23 2
307.23 307.40 0
307.40 309.04 1
309.04 309.21 3
309.21 310.49 2
310.49 311.16 3
311.16 313.30 1
313.30 313.70 3
313.70 315.59 1
315.59 316.73 0
316.73 319.56 1
319.56 320.34 0
320.34 323.37 1
323.37 324.27 0
324.27 327.46 1
327.46 327.59 0
327.59 328.07 2
328.07 328.32 0
328.32 329.56 1
329.56 330.00 0
330.00 330.77 2
330.77 331.24 3
331.24 332.03 1
332.03 332.55 0
332.55 337.26 1
337.26 337.86 0
337.86 338.07 1
338.07 338.47 3
338.47 339.92 1
339.92 340.11 3
340.11 342.78 2
342.78 343.01 0
343.01 345.02 1
345.02 345.79 3
345.79 347.69 1
347.69 348.41 0
348.41 349.75 1
349.75 350.35 0
350.35 350.91 1
350.91 350.99 0
350.99 351.20 2
351.20 352.29 3
352.29 352.36 2
352.36 352.61 0
352.61 356.87 2
356.87 357.15 0
357.15 358.47 1
358.47 358.49 3
358.49 358.89 2
358.89 359.46 0
359.46 360.32 1
360.32 360.85 0
360.85 362.02 2
362.02 362.11 0
362.11 365.19 1
365.19 365.87 0
365.87 367.48 1
367.48 367.76 3
367.76 367.78 2
367.78 367.84 0
367.84 372.11 1
372.11 372.75 0
372.75 377.77 1
377.77 378.07 0
378.07 383.86 1
383.86 383.95 0
383.95 384.27 2
384.27 384.37 3
384.37 386.35 1
386.35 387.00 0
387.00 389.99 1
389.99 391.08 0
391.08 395.40 1
395.40 395.76 3
395.76 396.94 1
396.94 397.75 3
397.75 398.01 2
398.01 398.93 0
398.93 402.08 1
402.08 402.32 0
402.32 402.50 1
402.50 402.73 3
402.73 404.53 1
404.53 405.41 0
405.41 407.87 1
407.87 408.00 3
408.00 408.65 2
408.65 408.72 0
408.72 409.87 1
409.87 410.14 0
410.14 410.27 1
410.27 410.47 3
410.47 417.92 1
417.92 418.25 0
418.25 418.82 2
418.82 419.84 0
419.84 420.21 1
420.21 420.71 0
420.71 422.42 1
422.42 424.66 3
424.66 424.77 1
424.77 425.03 0
425.03 425.53 2
425.53 425.68 0
425.68 427.04 1
427.04 427.69 0
427.69 429.92 1
429.92 430.54 0
430.54 435.89 1
435.89 436.14 3
436.14 438.89 2
438.89 439.31 0
439.31 441.10 1
441.10 441.63 0
441.63 443.80 1
443.80 443.85 3
443.85 444.97 2
444.97 445.08 3
445.08 445.60 1
445.60 446.13 3
446.13 448.63 2
448.63 448.79 0
448.79 455.33 1
455.33 455.47 3
455.47 455.54 2
455.54 456.96 0
456.96 458.52 1
458.52 459.05 0
459.05 459.22 2
459.22 459.29 3
459.29 460.03 1
460.03 460.49 0
460.49 465.37 2
465.37 465.67 0
465.67 465.86 1
465.86 466.73 0
466.73 467.93 1
467.93 469.31 0
469.31 470.50 1
470.50 471.03 0
471.03 473.54 1
473.54 473.67 3
473.67 476.60 2
476.60 476.85 0
476.85 479.39 1
479.39 480.24 0
480.24 484.72 2
484.72 485.56 0
485.56 489.02 2
489.02 489.38 0
489.38 490.92 1
490.92 493.22 0
493.22 494.55 1
494.55 494.76 0
494.76 498.90 2
498.90 499.38 0
499.38 499.91 1
499.91 500.47 0
500.47 506.16 1
506.16 507.01 0
507.01 510.66 1
510.66 511.21 0
511.21 511.26 2
511.26 511.51 3
511.51 515.05 1
515.05 516.48 0
516.48 516.60 1
516.60 516.94 3
516.94 525.28 1
525.28 525.79 0
525.79 530.15 1
530.15 531.13 0
531.13 537.67 1
537.67 538.14 3
538.14 538.51 2
538.51 539.28 0
539.28 540.05 1
540.05 541.33 3
541.33 546.71 1
546.71 547.33 0
547.33 549.97 2
549.97 550.03 0
550.03 555.97 1
555.97 557.76 0
557.76 559.41 1
559.41 560.04 0
560.04 564.96 1
564.96 565.77 0
565.77 569.33 1
569.33 571.11 0
571.11 572.70 1
572.70 573.07 0
573.07 573.87 2
573.87 574.50 3
574.50 575.47 1
575.47 576.43 0
576.43 576.68 1
576.68 577.11 3
577.11 581.26 1
581.26 581.53 3
581.53 583.02 2
583.02 584.43 0
584.43 590.75 2
590.75 591.11 0
591.11 591.38 1
591.38 591.49 3
591.49 592.68 2
592.68 593.04 0
593.04 593.49 1
593.49 593.63 0
593.63 594.25 2
594.25 595.71 0
595.71 598.05 2
598.05 598.78 0
598.78 599.37 1
599.37 599.71 0
599.71 604.70 2
604.70 606.42 0
606.42 610.11 2
610.11 610.79 0
610.79 611.55 1
611.55 612.31 0
612.31 612.56 2
612.56 612.95 3
612.95 614.10 1
614.10 614.12 0
614.12 614.39 2
614.39 615.15 0
615.15 617.32 1
