0.00 2.18 1
2.18 3.38 0
3.38 7.24 2
7.24 7.45 0
7.45 7.87 1
7.87 8.47 0
8.47 8.59 1
8.59 8.79 3
8.79 10.74 2
10.74 11.25 0
11.25 15.04 1
15.04 15.97 0
15.97 17.47 1
17.47 18.65 0
18.65 19.81 2
19.81 20.23 3
20.23 20.99 2
20.99 21.07 0
21.07 26.96 1
26.96 28.09 0
28.09 28.57 2
28.57 28.63 0
28.63 34.74 1
34.74 35.77 0
35.77 40.42 1
40.42 41.12 0
41.12 48.17 1
48.17 48.32 0
48.32 54.21 1
54.21 54.74 0
54.74 59.25 1
59.25 59.27 0
59.27 63.16 1
63.16 63.32 0
63.32 65.96 1
65.96 65.97 0
65.97 69.11 1
69.11 69.64 0
69.64 70.00 2
70.00 70.44 0
70.44 70.90 1
70.90 71.36 3
71.36 72.08 2
72.08 72.20 3
72.20 75.46 1
75.46 75.84 3
75.84 76.09 2
76.09 76.29 0
76.29 77.06 1
77.06 77.15 3
77.15 78.87 2
78.87 78.95 3
78.95 84.32 1
84.32 84.39 0
84.39 92.04 1
92.04 92.65 0
92.65 97.93 1
97.93 98.39 0
98.39 102.04 1
102.04 102.32 0
102.32 109.57 1
109.57 110.24 0
110.24 110.71 1
110.71 111.08 3
111.08 111.11 2
111.11 111.24 0
111.24 115.82 1
115.82 116.01 3
116.01 116.26 2
116.26 116.46 0
116.46 125.73 1
125.73 126.73 0
126.73 132.60 1
132.60 134.45 0
134.45 135.19 1
135.19 135.45 3
135.45 141.52 2
141.52 142.37 0
142.37 150.50 1
150.50 151.17 0
151.17 151.66 1
151.66 151.89 3
151.89 152.33 2
152.33 153.38 3
153.38 157.88 1
157.88 158.38 0
158.38 165.92 1
165.92 166.39 0
166.39 168.63 1
168.63 168.70 3
168.70 169.02 2
169.02 169.64 0
169.64 170.00 1
170.00 174.56 0
174.56 175.04 1
175.04 176.38 0
176.38 176.99 2
176.99 177.02 3
177.02 177.79 1
177.79 178.08 3
178.08 179.14 2
179.14 179.51 0
179.51 180.26 1
180.26 180.39 3
180.39 183.75 2
183.75 184.23 0
184.23 187.57 2
187.57 188.06 0
188.06 191.95 2
191.95 191.96 0
191.96 195.01 2
195.01 195.42 0
195.42 199.74 2
199.74 200.71 0
200.71 202.43 2
202.43 203.46 0
203.46 207.33 2
207.33 207.81 0
207.81 214.05 1
214.05 214.69 0
214.69 221.64 1
221.64 221.81 0
221.81 227.82 1
227.82 227.99 0
227.99 232.19 1
232.19 232.25 0
232.25 237.99 1
237.99 238.95 0
238.95 239.30 2
239.30 239.60 0
239.60 244.95 1
244.95 245.30 0
245.30 248.40 1
248.40 248.88 3
248.88 250.35 2
250.35 250.50 0
250.50 253.45 1
253.45 253.78 0
253.78 258.24 1
258.24 259.24 0
259.24 259.70 2
259.70 259.74 0
259.74 263.86 1
263.86 264.00 0
264.00 267.60 1
267.60 267.98 0
267.98 268.38 1
268.38 268.65 3
268.65 268.72 2
268.72 268.97 0
268.97 274.30 1
274.30 275.19 0
275.19 275.42 1
275.42 275.73 3
275.73 275.88 2
275.88 276.01 0
276.01 276.80 1
276.80 277.16 3
277.16 277.75 2
277.75 278.19 0
278.19 281.03 1
281.03 282.71 0
282.71 285.40 2
285.40 285.77 0
285.77 286.15 1
286.15 286.70 0
286.70 289.09 1
289.09 289.98 0
289.98 292.29 2
292.29 292.66 3
292.66 293.04 1
293.04 293.59 3
293.59 296.55 2
296.55 296.59 0
296.59 298.97 1
298.97 299.62 3
299.62 301.74 2
301.74 302.48 0
302.48 308.55 1
308.55 308.81 0
308.81 313.60 1
313.60 314.18 0
314.18 314.85 2
314.85 314.87 0
314.87 318.63 1
318.63 319.09 3
319.09 319.16 1
319.16 321.30 0
321.30 327.58 1
327.58 327.89 0
327.89 328.48 1
328.48 328.55 3
328.55 329.24 2
329.24 329.38 0
329.38 330.29 1
330.29 330.56 3
330.56 335.63 2
335.63 335.96 0
335.96 341.01 1
341.01 342.27 0
342.27 342.37 2
342.37 342.73 3
342.73 348.08 1
348.08 349.70 0
349.70 352.70 1
352.70 354.47 0
354.47 358.99 2
358.99 359.17 0
359.17 368.23 1
368.23 368.64 0
368.64 373.22 1
373.22 373.52 0
373.52 374.80 1
374.80 375.69 0
375.69 376.22 2
376.22 376.40 0
376.40 379.47 1
379.47 381.03 0
381.03 382.99 2
382.99 383.57 0
383.57 385.14 1
385.14 385.42 3
385.42 385.74 2
385.74 386.13 3
386.13 387.56 1
387.56 389.36 0
389.36 395.31 2
395.31 395.43 0
395.43 397.94 2
397.94 398.27 0
398.27 398.55 1
398.55 398.85 3
398.85 400.82 2
400.82 401.15 0
401.15 405.73 1
405.73 406.19 0
406.19 410.59 1
410.59 410.63 0
410.63 414.26 1
414.26 414.29 0
414.29 419.18 1
419.18 419.95 0
419.95 422.11 1
422.11 422.85 0
422.85 424.53 2
424.53 425.80 0
425.80 430.98 1
430.98 431.22 3
431.22 434.06 2
434.06 434.53 3
434.53 441.22 1
441.22 441.23 0
441.23 445.66 1
445.66 446.48 0
446.48 446.80 1
446.80 447.08 3
447.08 447.10 2
447.10 447.41 0
447.41 449.28 1
449.28 450.46 0
450.46 450.73 2
450.73 450.88 0
450.88 453.73 1
453.73 454.72 0
454.72 454.81 2
454.81 455.08 3
455.08 458.06 1
458.06 459.47 0
459.47 460.06 1
460.06 460.56 3
460.56 463.23 2
463.23 463.97 0
463.97 468.42 1
468.42 469.64 0
469.64 470.04 2
470.04 470.08 0
470.08 475.29 1
475.29 475.36 3
475.36 477.85 2
477.85 478.10 0
478.10 482.56 1
482.56 482.77 3
482.77 483.34 2
483.34 483.47 0
483.47 492.47 1
492.47 492.98 0
492.98 496.10 1
496.10 496.47 3
496.47 501.82 2
501.82 501.95 3
501.95 503.26 1
503.26 503.82 3
503.82 508.11 2
508.11 508.53 0
508.53 512.98 2
512.98 513.24 0
513.24 516.78 1
516.78 516.93 3
516.93 520.12 2
520.12 520.44 3
520.44 521.59 2
521.59 521.64 0
521.64 525.35 1
525.35 525.40 0
525.40 528.38 1
528.38 528.86 3
528.86 530.37 1
530.37 531.49 0
531.49 532.20 1
532.20 532.29 3
532.29 532.69 2
532.69 533.25 0
533.25 536.85 1
536.85 538.17 0
538.17 538.63 1
538.63 539.35 0
539.35 545.54 1
545.54 548.01 0
548.01 551.50 1
551.50 552.31 0
552.31 553.76 1
553.76 554.31 0
554.31 558.32 1
558.32 558.69 3
558.69 559.63 1
559.63 560.47 0
560.47 564.94 1
564.94 565.25 0
565.25 569.01 1
569.01 570.31 0
570.31 570.98 2
570.98 571.28 0
571.28 572.12 1
572.12 572.62 3
572.62 575.40 2
575.40 575.44 0
575.44 582.45 1
582.45 583.07 0
583.07 587.71 1
587.71 587.81 3
587.81 588.21 2
588.21 588.61 0
588.61 589.54 1
589.54 590.04 0
590.04 594.83 1
594.83 595.34 0
595.34 598.13 1
598.13 599.03 0
599.03 600.42 1
600.42 601.91 0
601.91 602.45 1
602.45 602.81 3
602.81 603.74 2
603.74 604.14 0
604.14 609.93 1
