0.00 5.06 2
5.06 5.59 3
5.59 6.75 1
6.75 6.87 0
6.87 7.20 2
7.20 7.66 0
7.66 7.82 2
7.82 8.70 3
8.70 9.62 2
9.62 9.72 3
9.72 10.03 1
10.03 10.37 0
10.37 10.63 3
10.63 11.89 1
11.89 12.36 3
12.36 12.98 2
12.98 13.30 0
13.30 13.77 1
13.77 14.38 0
14.38 17.07 1
17.07 18.28 0
18.28 19.36 2
19.36 20.32 0
20.32 21.64 2
21.64 22.47 0
22.47 27.37 2
27.37 27.71 0
27.71 28.47 1
28.47 29.18 2
29.18 29.69 3
29.69 30.41 1
30.41 30.65 0
30.65 31.68 2
31.68 32.17 0
32.17 32.64 1
32.64 33.01 0
33.01 34.83 2
34.83 35.21 0
35.21 36.23 2
36.23 36.70 0
36.70 37.80 1
37.80 39.41 0
39.41 41.71 1
41.71 41.73 0
41.73 43.82 2
43.82 44.36 3
44.36 44.97 1
44.97 45.25 0
45.25 45.51 2
45.51 45.82 0
45.82 46.49 1
46.49 46.86 0
46.86 47.61 1
47.61 48.16 0
48.16 49.73 2
49.73 49.91 3
49.91 50.33 1
50.33 51.18 0
51.18 51.23 2
51.23 51.79 3
51.79 51.84 2
51.84 52.16 0
52.16 52.95 2
52.95 53.22 3
53.22 53.37 1
53.37 54.23 0
54.23 54.93 2
54.93 55.25 0
55.25 56.19 2
56.19 57.07 0
57.07 57.14 1
57.14 58.03 3
58.03 58.06 2
58.06 58.27 0
58.27 58.58 2
58.58 58.77 0
58.77 59.79 1
59.79 60.13 0
60.13 60.63 2
60.63 60.80 0
60.80 62.99 1
62.99 63.34 0
63.34 63.64 2
63.64 63.87 0
63.87 64.31 1
64.31 64.53 0
64.53 64.88 2
64.88 65.04 0
65.04 65.37 1
65.37 67.94 0
67.94 68.27 1
68.27 68.67 0
68.67 69.39 1
69.39 70.29 0
70.29 70.73 1
70.73 71.81 0
71.81 74.18 1
74.18 74.26 3
74.26 79.35 2
79.35 80.16 0
80.16 82.11 1
82.11 82.24 0
82.24 86.32 2
86.32 86.33 3
86.33 88.51 1
88.51 88.55 3
88.55 88.89 2
88.89 89.10 0
89.10 89.50 1
89.50 89.71 0
89.71 93.94 1
93.94 93.96 0
93.96 94.41 2
94.41 95.64 0
95.64 96.10 1
96.10 98.25 0
98.25 98.99 2
98.99 99.06 0
99.06 101.85 1
101.85 102.47 0
102.47 104.33 1
104.33 105.65 0
105.65 106.12 2
106.12 106.21 0
106.21 106.43 1
106.43 107.08 0
107.08 107.54 2
107.54 107.69 0
107.69 109.80 1
109.80 110.37 0
110.37 111.38 1
111.38 111.40 3
111.40 114.19 2
114.19 114.99 1
114.99 115.09 3
115.09 115.44 2
115.44 115.46 0
115.46 116.93 1
116.93 117.08 3
117.08 117.74 2
117.74 118.25 0
118.25 118.56 1
118.56 118.84 3
118.84 120.80 2
120.80 121.64 0
121.64 123.47 1
123.47 125.03 0
125.03 125.71 1
125.71 126.47 0
126.47 127.59 2
127.59 127.79 0
127.79 128.08 1
128.08 128.57 0
128.57 129.23 2
129.23 129.76 0
129.76 134.32 1
134.32 135.53 0
135.53 138.35 1
138.35 138.68 0
138.68 140.23 2
140.23 141.02 0
141.02 141.35 1
141.35 141.54 0
141.54 142.25 2
142.25 142.51 0
142.51 147.60 1
147.60 147.77 0
147.77 151.95 1
151.95 152.90 0
152.90 153.87 1
153.87 154.31 0
154.31 157.22 1
157.22 157.31 0
157.31 164.71 1
164.71 165.23 0
165.23 167.00 1
167.00 167.98 0
167.98 170.43 1
170.43 171.69 0
171.69 174.71 1
174.71 174.96 3
174.96 175.17 2
175.17 175.68 0
175.68 177.47 1
177.47 177.64 0
177.64 179.99 1
179.99 180.35 0
180.35 181.90 1
181.90 182.29 0
182.29 182.53 2
182.53 183.12 3
183.12 183.60 2
183.60 183.91 3
183.91 186.17 1
186.17 186.24 0
186.24 190.49 2
190.49 191.08 3
191.08 191.64 1
191.64 191.85 0
191.85 191.88 2
191.88 192.06 3
192.06 192.63 1
192.63 192.95 0
192.95 201.19 1
201.19 201.31 0
201.31 203.82 1
203.82 204.87 0
204.87 210.17 1
210.17 210.65 0
210.65 210.68 2
210.68 210.82 3
210.82 214.96 1
214.96 216.94 0
216.94 219.46 1
219.46 219.73 3
219.73 222.54 2
222.54 222.98 0
222.98 226.02 1
226.02 227.03 0
227.03 227.64 1
227.64 227.92 0
227.92 229.80 1
229.80 232.08 0
232.08 236.00 1
236.00 236.60 0
236.60 237.17 1
237.17 237.25 0
237.25 237.98 2
237.98 238.90 0
238.90 239.89 1
239.89 240.80 0
240.80 244.11 1
244.11 244.32 0
244.32 244.90 1
244.90 245.21 3
245.21 245.48 2
245.48 245.86 0
245.86 247.89 1
247.89 248.55 0
248.55 249.05 1
249.05 249.63 0
249.63 254.07 1
254.07 255.27 0
255.27 256.66 1
256.66 258.16 0
258.16 259.19 2
259.19 259.38 0
259.38 259.80 1
259.80 261.50 0
261.50 261.86 2
261.86 262.09 0
262.09 264.21 1
264.21 264.23 0
264.23 265.09 2
265.09 265.39 3
265.39 266.16 2
266.16 267.41 0
267.41 268.50 1
268.50 268.55 0
268.55 279.02 1
279.02 279.29 0
279.29 289.30 1
289.30 289.71 0
289.71 291.67 2
291.67 291.80 0
291.80 294.12 1
294.12 294.50 0
294.50 295.15 2
295.15 295.80 0
295.80 299.62 1
299.62 300.76 0
300.76 303.03 1
303.03 303.53 0
303.53 311.64 1
311.64 312.26 0
312.26 313.91 1
313.91 314.30 0
314.30 314.68 2
314.68 314.98 0
314.98 315.78 1
315.78 316.59 0
316.59 321.97 1
321.97 322.59 0
322.59 327.44 1
327.44 327.47 3
327.47 327.75 2
327.75 327.85 3
327.85 332.93 1
332.93 333.52 0
333.52 335.66 1
335.66 336.86 0
336.86 346.29 1
346.29 348.61 0
348.61 349.82 2
349.82 349.89 0
349.89 350.95 1
350.95 351.17 0
351.17 351.46 2
351.46 352.34 0
352.34 358.63 1
358.63 358.68 3
358.68 359.21 2
359.21 361.02 3
361.02 361.51 2
361.51 361.58 0
361.58 363.21 1
363.21 363.45 0
363.45 363.83 2
363.83 364.68 0
364.68 366.25 2
366.25 366.31 3
366.31 366.76 1
366.76 367.17 0
367.17 368.87 1
368.87 369.94 0
369.94 369.98 1
369.98 370.51 3
370.51 372.11 2
372.11 372.64 3
372.64 374.65 1
374.65 375.17 3
375.17 375.51 1
375.51 375.72 0
375.72 377.46 1
377.46 377.99 0
377.99 378.33 1
378.33 378.73 0
378.73 383.30 1
383.30 383.40 3
383.40 384.60 2
384.60 384.89 0
384.89 385.14 1
385.14 386.06 0
386.06 388.07 1
388.07 389.03 0
389.03 392.64 1
392.64 394.14 0
394.14 403.49 1
403.49 403.63 0
403.63 415.74 1
415.74 415.79 3
415.79 417.62 2
417.62 418.57 0
418.57 419.63 1
419.63 420.53 3
420.53 420.61 2
420.61 420.77 0
420.77 421.87 1
421.87 422.86 3
422.86 424.43 2
424.43 425.61 0
425.61 427.68 1
427.68 428.91 0
428.91 430.99 1
430.99 431.14 0
431.14 440.36 2
440.36 441.20 0
441.20 448.88 1
448.88 451.21 0
451.21 454.95 1
454.95 456.27 0
456.27 467.04 1
467.04 467.26 3
467.26 467.64 1
467.64 468.00 0
468.00 472.34 1
472.34 472.85 0
472.85 476.00 1
476.00 476.34 3
476.34 479.02 1
479.02 479.08 0
479.08 479.48 2
479.48 480.14 0
480.14 480.91 1
480.91 481.17 2
481.17 481.27 3
481.27 482.82 1
482.82 484.56 0
484.56 495.53 1
495.53 496.11 0
496.11 507.30 1
507.30 507.75 0
507.75 514.53 1
514.53 514.80 0
514.80 515.17 2
515.17 516.79 0
516.79 528.20 1
528.20 530.00 0
530.00 538.44 1
538.44 540.36 0
540.36 543.15 1
543.15 543.45 2
543.45 543.57 0
543.57 545.26 1
545.26 548.69 0
548.69 549.30 2
549.30 551.23 0
551.23 556.44 1
556.44 556.54 0
556.54 558.26 2
558.26 558.70 3
558.70 559.97 1
559.97 560.05 3
560.05 560.15 2
560.15 560.85 3
560.85 569.37 1
569.37 569.68 0
569.68 569.69 2
569.69 569.93 3
569.93 576.25 1
576.25 581.98 0
581.98 583.97 2
583.97 587.77 0
587.77 589.45 1
589.45 595.18 0
595.18 596.48 2
