0.00 0.23 1
0.23 1.18 3
1.18 1.33 1
1.33 2.45 0
2.45 2.73 1
2.73 3.12 3
3.12 3.54 2
3.54 4.01 0
4.01 7.39 2
7.39 7.50 3
7.50 7.85 1
7.85 8.23 0
8.23 9.01 1
9.01 9.89 0
9.89 9.90 2
9.90 10.63 3
10.63 11.20 1
11.20 11.56 3
11.56 12.53 1
12.53 13.23 0
13.23 13.95 1
13.95 14.14 3
14.14 15.95 1
15.95 16.00 0
16.00 19.69 1
19.69 20.67 0
20.67 21.67 2
21.67 22.69 3
22.69 23.54 1
23.54 24.36 0
24.36 24.76 2
24.76 26.29 0
26.29 27.02 1
27.02 27.50 3
27.50 28.11 2
28.11 28.69 0
28.69 30.48 1
30.48 30.65 3
30.65 31.14 0
31.14 33.18 2
33.18 33.30 0
33.30 33.84 1
33.84 34.76 0
34.76 35.73 1
35.73 38.33 0
38.33 38.96 1
38.96 39.37 3
39.37 39.98 1
39.98 40.51 0
40.51 43.02 2
43.02 43.20 0
43.20 44.79 1
44.79 45.60 0
45.60 46.02 2
46.02 46.67 0
46.67 47.93 1
47.93 48.74 0
48.74 49.42 2
49.42 50.15 3
50.15 50.63 1
50.63 51.17 0
51.17 52.55 1
52.55 54.95 0
54.95 55.42 1
55.42 57.65 0
57.65 63.61 1
63.61 65.78 0
65.78 72.96 1
72.96 74.01 0
74.01 77.92 1
77.92 78.87 0
78.87 81.46 2
81.46 81.60 0
81.60 82.40 1
82.40 83.59 0
83.59 83.87 1
83.87 84.37 3
84.37 85.07 1
85.07 86.11 0
86.11 86.75 2
86.75 90.92 0
90.92 91.25 1
91.25 92.74 0
92.74 93.50 1
93.50 94.64 0
94.64 96.00 1
96.00 96.81 0
96.81 97.10 1
97.10 98.90 0
98.90 100.42 1
100.42 103.10 0
103.10 104.79 1
104.79 106.86 0
106.86 109.89 1
109.89 110.55 0
110.55 113.35 2
113.35 113.40 0
113.40 115.38 1
115.38 116.14 0
116.14 118.50 1
118.50 118.79 3
118.79 118.94 2
118.94 119.89 0
119.89 120.13 1
120.13 120.79 3
120.79 122.06 1
122.06 123.05 0
123.05 123.68 2
123.68 124.27 0
124.27 127.20 1
127.20 127.58 0
127.58 130.27 1
130.27 131.09 0
131.09 131.82 1
131.82 132.38 0
132.38 133.64 1
133.64 134.63 0
134.63 135.02 1
135.02 135.29 3
135.29 137.59 1
137.59 137.83 3
137.83 138.02 2
138.02 138.69 0
138.69 140.98 1
140.98 141.15 0
141.15 141.59 1
141.59 143.23 0
143.23 143.59 1
143.59 144.90 0
144.90 145.75 1
145.75 146.96 0
146.96 148.29 1
148.29 149.26 0
149.26 149.30 1
149.30 149.75 3
149.75 150.06 1
150.06 150.70 0
150.70 150.94 1
150.94 156.65 0
156.65 157.21 1
157.21 158.00 0
158.00 158.70 1
158.70 164.77 0
164.77 166.87 1
166.87 168.25 0
168.25 169.93 1
169.93 171.40 0
171.40 171.81 1
171.81 174.24 0
174.24 174.81 1
174.81 175.34 0
175.34 177.30 1
177.30 184.09 0
184.09 185.46 1
185.46 188.72 0
188.72 190.49 1
190.49 195.15 0
195.15 195.73 1
195.73 196.31 0
196.31 196.46 1
196.46 196.76 3
196.76 197.59 2
197.59 198.96 0
198.96 200.33 1
200.33 201.23 0
201.23 201.55 1
201.55 205.56 0
205.56 209.20 2
209.20 209.40 0
209.40 210.10 2
210.10 211.35 0
211.35 211.90 2
211.90 212.46 3
212.46 212.75 1
212.75 213.64 3
213.64 216.74 1
216.74 217.28 0
217.28 217.59 2
217.59 218.00 3
218.00 218.40 1
218.40 220.21 0
220.21 221.09 1
221.09 223.81 0
223.81 224.47 1
224.47 224.68 0
224.68 226.13 1
226.13 236.57 0
236.57 237.09 1
237.09 237.85 0
237.85 239.99 1
239.99 242.65 0
242.65 243.07 2
243.07 243.26 3
243.26 245.71 1
245.71 248.65 0
248.65 249.40 1
249.40 250.04 0
250.04 253.83 1
253.83 257.82 0
257.82 262.54 1
262.54 266.95 0
266.95 267.52 1
267.52 267.72 3
267.72 269.42 1
269.42 269.92 0
269.92 272.14 1
272.14 272.81 0
272.81 274.14 1
274.14 275.46 0
275.46 277.54 2
277.54 277.97 0
277.97 278.98 1
278.98 279.47 0
279.47 280.04 1
280.04 280.64 3
280.64 280.74 2
280.74 281.48 0
281.48 281.53 1
281.53 282.36 3
282.36 282.86 2
282.86 283.46 0
283.46 284.16 1
284.16 284.37 3
284.37 285.56 1
285.56 286.51 0
286.51 288.19 1
288.19 290.16 0
290.16 293.70 2
293.70 293.85 0
293.85 295.50 2
295.50 295.86 0
295.86 297.58 2
297.58 298.38 0
298.38 299.05 1
299.05 299.33 3
299.33 303.12 1
303.12 303.66 0
303.66 304.82 2
304.82 305.19 3
305.19 308.39 1
308.39 309.23 0
309.23 314.27 2
314.27 315.26 3
315.26 316.92 1
316.92 316.96 0
316.96 320.57 2
320.57 322.16 0
322.16 322.94 1
322.94 323.16 3
323.16 327.34 1
327.34 328.04 0
328.04 331.04 2
331.04 331.16 3
331.16 331.56 1
331.56 332.05 0
332.05 332.66 1
332.66 332.68 0
332.68 333.67 2
333.67 334.83 3
334.83 337.22 1
337.22 337.83 0
337.83 338.99 1
338.99 339.57 3
339.57 340.00 1
340.00 340.41 0
340.41 340.43 2
340.43 341.06 3
341.06 342.44 1
342.44 342.63 0
342.63 343.12 2
343.12 345.40 0
345.40 347.00 2
347.00 347.26 0
347.26 349.02 1
349.02 349.24 3
349.24 351.27 1
351.27 351.92 0
351.92 352.09 1
352.09 353.22 3
353.22 354.54 1
354.54 354.72 3
354.72 356.01 2
356.01 356.27 0
356.27 358.22 1
358.22 359.14 0
359.14 362.07 1
362.07 363.07 0
363.07 364.06 2
364.06 364.44 0
364.44 365.46 1
365.46 365.99 0
365.99 366.91 2
366.91 371.79 0
371.79 372.20 1
372.20 376.64 0
376.64 376.98 1
376.98 382.51 0
382.51 382.81 1
382.81 384.77 0
384.77 388.17 2
388.17 388.47 0
388.47 388.78 1
388.78 388.96 3
388.96 389.81 2
389.81 389.96 0
389.96 390.46 2
390.46 390.71 0
390.71 392.89 2
392.89 394.35 0
394.35 394.90 2
394.90 395.46 3
395.46 395.72 2
395.72 396.48 0
396.48 401.34 1
401.34 402.06 0
402.06 402.30 2
402.30 402.74 3
402.74 406.45 1
406.45 406.97 0
406.97 407.58 1
407.58 407.98 3
407.98 408.35 1
408.35 409.46 0
409.46 416.10 1
416.10 416.87 0
416.87 423.01 1
423.01 423.33 0
423.33 425.91 1
425.91 426.40 0
426.40 430.39 1
430.39 430.55 0
430.55 431.48 1
431.48 432.86 0
432.86 433.06 2
433.06 434.40 3
434.40 435.84 1
435.84 436.20 0
436.20 436.73 1
436.73 437.31 3
437.31 438.24 1
438.24 439.02 3
439.02 439.30 2
439.30 439.93 0
439.93 443.91 2
443.91 444.55 0
444.55 445.37 1
445.37 446.35 0
446.35 447.37 2
447.37 447.47 3
447.47 448.87 1
448.87 449.39 0
449.39 452.64 1
452.64 453.56 0
453.56 455.30 2
455.30 455.58 3
455.58 460.46 1
460.46 460.89 0
460.89 460.97 2
460.97 461.89 3
461.89 462.33 1
462.33 462.74 0
462.74 463.59 2
463.59 464.23 0
464.23 466.62 1
466.62 466.91 0
466.91 467.91 1
467.91 469.11 0
469.11 470.47 2
470.47 470.57 3
470.57 472.23 1
472.23 472.79 0
472.79 476.36 1
476.36 477.45 0
477.45 477.73 2
477.73 479.36 0
479.36 481.86 1
481.86 482.74 0
482.74 485.55 2
485.55 486.10 0
486.10 486.52 1
486.52 486.66 0
486.66 490.14 2
490.14 493.53 1
493.53 494.21 0
494.21 497.40 1
497.40 497.80 0
497.80 502.45 1
502.45 503.39 0
503.39 506.89 1
506.89 507.89 0
507.89 512.31 1
512.31 512.48 3
512.48 512.83 2
512.83 513.45 0
513.45 517.88 1
517.88 518.35 3
518.35 520.17 1
520.17 521.56 3
521.56 522.27 0
522.27 523.63 2
523.63 523.64 3
523.64 525.12 1
525.12 525.95 3
525.95 526.47 2
526.47 526.90 0
526.90 530.14 1
530.14 530.92 0
530.92 534.17 2
534.17 534.38 3
534.38 537.83 1
537.83 537.97 3
537.97 539.70 2
539.70 539.97 3
539.97 540.79 1
540.79 545.39 0
545.39 549.76 1
549.76 550.97 0
550.97 551.60 2
551.60 552.10 0
552.10 552.36 1
552.36 553.86 0
553.86 557.94 2
557.94 559.23 0
559.23 560.36 1
560.36 561.11 0
561.11 563.33 2
563.33 563.55 0
563.55 564.00 1
564.00 564.46 0
564.46 564.70 1
564.70 565.38 3
565.38 565.58 2
565.58 566.04 0
566.04 567.17 2
567.17 567.47 0
567.47 571.22 1
571.22 571.75 0
571.75 572.21 2
572.21 573.44 0
573.44 575.79 1
575.79 577.22 3
577.22 579.33 2
579.33 579.44 3
579.44 581.57 1
581.57 581.98 0
581.98 586.57 2
586.57 586.68 0
586.68 588.29 2
588.29 589.03 3
589.03 590.05 1
590.05 591.33 3
591.33 593.44 2
593.44 597.70 0
597.70 601.11 1
601.11 602.15 0
602.15 603.64 2
603.64 603.71 0
603.71 604.25 2
