0.00 0.03 2
0.03 0.19 3
0.19 3.31 2
3.31 7.09 0
7.09 10.84 2
10.84 11.85 0
11.85 12.30 1
12.30 13.86 0
13.86 14.58 2
14.58 17.44 0
17.44 19.23 1
19.23 19.57 0
19.57 21.14 1
21.14 21.28 0
21.28 22.45 1
22.45 22.70 0
22.70 23.91 1
23.91 24.27 0
24.27 25.35 1
25.35 25.74 0
25.74 26.73 2
26.73 26.97 0
26.97 30.02 1
30.02 30.11 0
30.11 35.18 1
35.18 36.14 0
36.14 38.17 1
38.17 38.29 3
38.29 39.41 2
39.41 40.10 0
40.10 40.18 1
40.18 40.52 3
40.52 40.66 2
40.66 42.14 3
42.14 43.45 1
43.45 46.62 0
46.62 48.00 2
48.00 48.64 3
48.64 52.48 1
52.48 52.97 3
52.97 56.32 2
56.32 56.79 3
56.79 57.69 2
57.69 58.44 0
58.44 59.04 2
59.04 59.33 0
59.33 66.81 2
66.81 67.56 0
67.56 69.23 2
69.23 69.55 0
69.55 72.82 2
72.82 73.00 3
73.00 74.26 1
74.26 74.40 3
74.40 77.26 2
77.26 77.67 0
77.67 79.65 2
79.65 80.16 0
80.16 82.90 2
82.90 83.29 0
83.29 84.04 2
84.04 84.42 0
84.42 85.90 2
85.90 86.29 3
86.29 86.69 2
86.69 88.98 0
88.98 89.70 2
89.70 89.99 3
89.99 90.16 2
90.16 90.83 0
90.83 90.89 2
90.89 91.32 3
91.32 93.92 2
93.92 93.97 3
93.97 97.68 1
97.68 98.02 0
98.02 104.99 2
104.99 107.99 0
107.99 110.94 1
110.94 112.48 0
112.48 114.28 2
114.28 114.39 3
114.39 115.41 1
115.41 115.57 3
115.57 121.35 2
121.35 121.55 0
121.55 121.97 1
121.97 123.37 0
123.37 123.73 1
123.73 124.06 3
124.06 126.35 1
126.35 126.50 0
126.50 129.92 1
129.92 129.98 0
129.98 132.18 1
132.18 132.32 0
132.32 133.37 1
133.37 133.57 0
133.57 133.78 1
133.78 133.92 0
133.92 138.69 1
138.69 138.82 0
138.82 141.15 1
141.15 141.29 0
141.29 141.35 1
141.35 141.53 3
141.53 142.04 2
142.04 142.16 3
142.16 142.79 1
142.79 142.91 0
142.91 145.36 1
145.36 145.52 3
145.52 145.91 2
145.91 146.15 0
146.15 146.57 2
146.57 147.00 0
147.00 147.13 1
147.13 147.64 3
147.64 153.30 2
153.30 153.67 0
153.67 157.79 2
157.79 159.24 0
159.24 159.58 2
159.58 161.07 0
161.07 166.05 2
166.05 166.53 0
166.53 167.89 2
167.89 168.55 0
168.55 172.87 2
172.87 173.00 0
173.00 175.50 2
175.50 175.65 0
175.65 176.19 2
176.19 176.35 0
176.35 177.75 2
177.75 178.77 0
178.77 179.02 2
179.02 179.25 0
179.25 182.85 2
182.85 183.34 0
183.34 187.09 2
187.09 188.87 0
188.87 189.81 2
189.81 190.20 0
190.20 193.03 2
193.03 194.43 0
194.43 202.51 2
202.51 202.71 0
202.71 204.70 2
204.70 205.08 0
205.08 207.80 2
207.80 208.63 0
208.63 209.14 2
209.14 210.26 0
210.26 210.78 2
210.78 211.99 0
211.99 212.76 2
212.76 212.88 0
212.88 218.17 2
218.17 218.35 0
218.35 218.81 2
218.81 218.91 0
218.91 224.22 2
224.22 224.28 0
224.28 226.02 2
226.02 227.23 0
227.23 231.94 2
231.94 232.42 0
232.42 234.15 2
234.15 234.77 0
234.77 238.10 2
238.10 238.98 0
238.98 240.81 2
240.81 241.22 0
241.22 242.09 2
242.09 242.23 0
242.23 243.08 2
243.08 243.20 0
243.20 244.05 2
244.05 245.05 0
245.05 245.33 2
245.33 245.57 0
245.57 245.85 2
245.85 247.04 0
247.04 253.83 2
253.83 253.87 0
253.87 257.09 2
257.09 257.81 0
257.81 258.11 2
258.11 258.73 0
258.73 259.86 2
259.86 260.42 0
260.42 261.15 2
261.15 262.42 0
262.42 263.82 2
263.82 264.80 0
264.80 266.62 2
266.62 266.74 0
266.74 268.06 2
268.06 269.03 0
269.03 269.85 2
269.85 272.79 0
272.79 276.70 2
276.70 276.94 0
276.94 280.20 2
280.20 280.75 0
280.75 281.97 2
281.97 283.84 0
283.84 286.56 2
286.56 286.61 0
286.61 292.26 2
292.26 292.42 0
292.42 293.81 2
293.81 294.14 0
294.14 295.06 2
295.06 296.68 0
296.68 297.66 2
297.66 298.65 0
298.65 299.31 2
299.31 299.75 0
299.75 300.45 2
300.45 301.75 0
301.75 303.67 2
303.67 306.93 0
306.93 309.04 2
309.04 309.70 0
309.70 315.87 2
315.87 316.25 0
316.25 316.95 2
316.95 317.14 0
317.14 317.69 2
317.69 318.03 0
318.03 322.44 2
322.44 322.99 0
322.99 323.98 2
323.98 324.40 0
324.40 324.65 2
324.65 324.86 0
324.86 328.41 2
328.41 331.29 0
331.29 333.09 2
333.09 334.22 0
334.22 338.06 2
338.06 339.06 0
339.06 342.41 2
342.41 342.99 0
342.99 347.13 2
347.13 347.57 0
347.57 355.28 2
355.28 355.62 0
355.62 359.31 2
359.31 360.41 0
360.41 362.27 2
362.27 362.38 0
362.38 366.63 2
366.63 368.72 0
368.72 369.79 2
369.79 369.94 0
369.94 370.18 2
370.18 370.57 0
370.57 370.95 2
370.95 371.48 0
371.48 371.64 2
371.64 372.62 3
372.62 373.67 1
373.67 374.40 0
374.40 375.03 2
375.03 375.99 0
375.99 380.95 2
380.95 381.09 3
381.09 382.86 1
382.86 383.16 0
383.16 383.98 2
383.98 384.75 0
384.75 385.14 2
385.14 386.51 0
386.51 389.38 2
389.38 389.44 0
389.44 393.34 2
393.34 395.96 0
395.96 397.41 2
397.41 397.57 0
397.57 397.96 2
397.96 398.16 3
398.16 398.34 2
398.34 398.54 3
398.54 399.56 1
399.56 399.88 0
399.88 407.46 1
407.46 407.61 3
407.61 409.41 2
409.41 410.03 0
410.03 411.93 2
411.93 412.12 0
412.12 414.40 2
414.40 418.09 0
418.09 423.20 2
423.20 426.36 0
426.36 426.78 2
426.78 429.44 0
429.44 432.96 2
432.96 433.43 0
433.43 435.18 2
435.18 435.60 0
435.60 435.63 2
435.63 436.52 3
436.52 437.57 2
437.57 437.68 3
437.68 441.21 1
441.21 441.28 3
441.28 443.61 2
443.61 445.70 0
445.70 445.90 2
445.90 446.07 3
446.07 449.79 2
449.79 450.39 0
450.39 455.04 1
455.04 455.16 3
455.16 457.57 2
457.57 458.01 0
458.01 459.68 1
459.68 459.98 0
459.98 463.61 2
463.61 463.80 0
463.80 466.05 1
466.05 466.44 3
466.44 468.39 2
468.39 468.76 0
468.76 470.44 1
470.44 470.54 0
470.54 475.10 2
475.10 475.86 0
475.86 477.27 2
477.27 477.37 0
477.37 483.77 2
483.77 484.23 3
484.23 484.98 2
484.98 486.93 0
486.93 488.48 1
488.48 489.84 0
489.84 492.14 2
492.14 494.14 0
494.14 499.99 1
499.99 500.64 3
500.64 501.13 2
501.13 501.25 0
501.25 501.36 1
501.36 501.53 3
501.53 504.74 2
504.74 505.47 0
505.47 511.11 1
511.11 511.40 3
511.40 511.58 2
511.58 512.28 3
512.28 515.22 2
515.22 515.96 0
515.96 518.89 2
518.89 518.96 0
518.96 521.12 2
521.12 521.46 3
521.46 521.97 2
521.97 522.57 3
522.57 523.93 2
523.93 524.55 0
524.55 524.74 1
524.74 524.94 3
524.94 527.18 2
527.18 527.52 0
527.52 527.64 1
527.64 528.48 3
528.48 528.79 1
528.79 528.97 0
528.97 533.09 1
533.09 533.18 0
533.18 535.64 1
535.64 536.34 0
536.34 537.16 1
537.16 537.24 0
537.24 537.66 2
537.66 537.88 0
537.88 541.98 2
541.98 543.44 0
543.44 543.86 1
543.86 543.96 3
543.96 546.41 2
546.41 547.98 0
547.98 552.77 2
552.77 553.67 0
553.67 554.55 2
554.55 554.58 3
554.58 554.76 1
554.76 556.10 3
556.10 557.77 1
557.77 558.01 0
558.01 559.25 1
559.25 559.44 0
559.44 559.87 1
559.87 560.18 0
560.18 565.51 1
565.51 565.67 3
565.67 565.91 2
565.91 566.16 3
566.16 566.76 1
566.76 567.00 3
567.00 567.14 2
567.14 567.61 3
567.61 568.36 2
568.36 568.57 0
568.57 569.78 2
569.78 569.91 0
569.91 570.98 2
570.98 571.24 0
571.24 573.81 2
573.81 575.03 0
575.03 577.80 2
577.80 578.22 0
578.22 580.54 2
580.54 581.08 0
581.08 581.26 1
581.26 581.53 0
581.53 581.61 2
581.61 581.98 3
581.98 582.10 2
582.10 582.69 3
582.69 588.36 1
588.36 589.20 0
589.20 591.99 1
591.99 592.14 0
592.14 595.72 2
595.72 596.39 0
596.39 598.01 2
598.01 599.03 3
599.03 599.62 2
599.62 600.09 0
600.09 600.59 2
600.59 600.86 3
600.86 601.27 1
