0.00 3.52 2
3.52 3.68 3
3.68 4.00 1
4.00 4.42 0
4.42 11.12 2
11.12 12.02 0
12.02 13.17 1
13.17 13.39 0
13.39 13.70 2
13.70 14.32 0
14.32 19.34 1
19.34 19.91 3
19.91 20.83 2
20.83 20.89 3
20.89 24.11 1
24.11 24.41 3
24.41 25.34 1
25.34 25.48 3
25.48 26.32 2
26.32 26.97 3
26.97 27.29 2
27.29 27.46 3
27.46 31.08 1
31.08 31.13 0
31.13 35.87 1
35.87 36.36 3
36.36 38.74 1
38.74 38.75 3
38.75 39.25 2
39.25 39.39 3
39.39 42.02 1
42.02 42.53 0
42.53 44.12 1
44.12 44.81 3
44.81 46.75 1
46.75 47.11 3
47.11 53.43 1
53.43 54.84 3
54.84 54.94 1
54.94 55.04 3
55.04 55.22 2
55.22 58.04 3
58.04 58.78 1
58.78 59.13 3
59.13 59.16 2
59.16 59.50 3
59.50 62.72 1
62.72 62.89 0
62.89 63.36 2
63.36 63.38 0
63.38 66.08 2
66.08 66.29 3
66.29 66.78 1
66.78 66.83 0
66.83 68.63 2
68.63 70.06 3
70.06 72.09 1
72.09 72.50 0
72.50 73.13 3
73.13 74.30 1
74.30 74.35 0
74.35 76.89 2
76.89 77.13 0
77.13 80.31 2
80.31 81.13 0
81.13 82.03 2
82.03 82.42 3
82.42 86.55 1
86.55 89.72 3
89.72 92.00 2
92.00 92.86 0
92.86 93.75 2
93.75 93.85 0
93.85 93.87 1
93.87 94.83 3
94.83 94.94 1
94.94 95.02 3
95.02 95.20 2
95.20 96.19 3
96.19 96.32 1
96.32 97.07 3
97.07 98.79 2
98.79 99.59 0
99.59 106.47 2
106.47 106.81 0
106.81 108.42 1
108.42 108.58 0
108.58 109.49 2
109.49 109.82 0
109.82 109.87 2
109.87 110.08 3
110.08 111.15 1
111.15 111.20 3
111.20 111.70 2
111.70 111.92 0
111.92 112.79 1
112.79 113.22 0
113.22 114.08 1
114.08 114.40 0
114.40 114.96 2
114.96 115.09 0
115.09 115.80 1
115.80 115.83 3
115.83 118.94 2
118.94 118.97 0
118.97 119.33 1
119.33 119.46 3
119.46 122.00 2
122.00 122.61 0
122.61 124.73 2
124.73 124.84 3
124.84 124.96 1
124.96 125.05 0
125.05 129.66 2
129.66 129.88 0
129.88 130.34 1
130.34 130.83 3
130.83 134.89 2
134.89 135.83 0
135.83 137.17 2
137.17 139.12 0
139.12 141.10 2
141.10 141.41 3
141.41 142.18 1
142.18 142.24 0
142.24 144.19 2
144.19 144.29 3
144.29 145.15 1
145.15 145.25 0
145.25 151.82 2
151.82 152.08 0
152.08 152.24 1
152.24 152.56 0
152.56 156.04 2
156.04 156.51 3
156.51 156.55 1
156.55 156.80 3
156.80 157.77 2
157.77 157.95 0
157.95 165.20 1
165.20 165.30 3
165.30 165.62 2
165.62 166.11 3
166.11 169.69 1
169.69 169.95 0
169.95 170.36 2
170.36 170.66 3
170.66 170.96 1
170.96 172.21 3
172.21 172.89 1
172.89 173.48 3
173.48 177.72 2
177.72 178.36 0
178.36 178.86 2
178.86 179.79 0
179.79 182.16 2
182.16 183.04 0
183.04 185.27 2
185.27 185.69 3
185.69 186.66 2
186.66 186.71 0
186.71 189.27 2
189.27 189.73 3
189.73 190.27 1
190.27 190.45 3
190.45 190.63 2
190.63 191.01 3
191.01 191.92 1
191.92 191.97 0
191.97 195.86 2
195.86 196.36 3
196.36 196.58 1
196.58 196.92 0
196.92 202.67 1
202.67 202.91 3
202.91 203.04 2
203.04 203.17 0
203.17 205.23 1
205.23 205.66 3
205.66 206.17 2
206.17 206.54 0
206.54 208.69 1
208.69 208.78 0
208.78 209.03 2
209.03 209.59 3
209.59 209.82 2
209.82 211.57 0
211.57 214.92 2
214.92 215.48 3
215.48 221.39 1
221.39 221.73 0
221.73 225.55 1
225.55 225.63 3
225.63 225.80 2
225.80 226.11 3
226.11 237.57 1
237.57 237.61 3
237.61 238.11 2
238.11 240.64 1
240.64 240.71 3
240.71 241.27 2
241.27 241.35 3
241.35 243.91 1
243.91 244.39 0
244.39 246.73 1
246.73 247.32 3
247.32 247.90 1
247.90 247.95 3
247.95 250.10 2
250.10 250.21 3
250.21 252.01 1
252.01 252.24 0
252.24 254.58 2
254.58 254.98 3
254.98 255.83 2
255.83 255.98 3
255.98 256.92 1
256.92 256.94 0
256.94 258.58 2
258.58 258.78 0
258.78 262.55 1
262.55 262.97 0
262.97 263.31 2
263.31 263.41 3
263.41 266.63 1
266.63 267.04 3
267.04 268.33 1
268.33 268.64 0
268.64 268.89 2
268.89 268.96 3
268.96 271.68 1
271.68 271.94 0
271.94 273.35 1
273.35 273.80 3
273.80 274.22 1
274.22 274.70 3
274.70 274.93 2
274.93 275.08 3
275.08 276.51 1
276.51 276.89 0
276.89 278.35 1
278.35 278.73 0
278.73 282.96 1
282.96 283.11 3
283.11 283.20 2
283.20 283.67 3
283.67 285.47 1
285.47 285.92 3
285.92 286.29 2
286.29 286.48 0
286.48 290.28 1
290.28 291.39 3
291.39 291.49 1
291.49 291.84 0
291.84 292.79 1
292.79 292.80 0
292.80 293.36 2
293.36 293.43 3
293.43 294.12 1
294.12 294.55 0
294.55 294.97 2
294.97 296.04 0
296.04 296.07 2
296.07 296.30 3
296.30 296.47 2
296.47 297.46 0
297.46 298.54 1
298.54 298.62 0
298.62 298.69 1
298.69 298.86 3
298.86 300.45 1
300.45 300.80 0
300.80 301.24 1
301.24 301.44 0
301.44 304.21 1
304.21 304.31 0
304.31 310.37 1
310.37 310.43 0
310.43 313.16 1
313.16 313.51 3
313.51 313.58 1
313.58 314.10 0
314.10 317.54 1
317.54 317.60 0
317.60 321.38 2
321.38 321.46 3
321.46 323.40 2
323.40 323.42 3
323.42 325.39 1
325.39 325.78 0
325.78 326.22 1
326.22 326.60 3
326.60 329.00 2
329.00 329.33 3
329.33 335.47 1
335.47 335.51 3
335.51 339.98 2
339.98 340.04 0
340.04 340.33 1
340.33 340.58 0
340.58 345.29 2
345.29 346.16 0
346.16 347.24 1
347.24 347.49 0
347.49 350.48 1
350.48 350.68 3
350.68 350.87 2
350.87 350.92 3
350.92 354.93 1
354.93 355.28 3
355.28 355.81 2
355.81 357.12 3
357.12 359.19 2
359.19 360.74 3
360.74 361.67 1
361.67 363.19 3
363.19 364.58 2
364.58 365.79 3
365.79 366.05 2
366.05 366.28 3
366.28 371.29 1
371.29 371.36 3
371.36 371.45 2
371.45 372.18 3
372.18 372.41 1
372.41 372.77 0
372.77 374.22 1
374.22 374.63 3
374.63 376.13 1
376.13 376.77 3
376.77 377.04 1
377.04 377.14 3
377.14 379.87 2
379.87 380.78 0
380.78 382.54 1
382.54 383.46 0
383.46 386.10 1
386.10 386.19 0
386.19 386.54 2
386.54 386.56 3
386.56 389.24 1
389.24 389.62 0
389.62 391.22 1
391.22 391.57 3
391.57 392.74 1
392.74 392.92 3
392.92 395.33 2
395.33 395.43 0
395.43 401.45 1
401.45 401.67 0
401.67 402.19 2
402.19 402.38 0
402.38 404.48 1
404.48 405.19 0
405.19 410.72 1
410.72 411.25 3
411.25 413.21 2
413.21 414.91 0
414.91 418.07 1
418.07 418.27 0
418.27 422.15 2
422.15 422.60 0
422.60 424.00 1
424.00 424.94 2
424.94 425.61 0
425.61 427.54 2
427.54 428.28 0
428.28 429.60 2
429.60 429.86 3
429.86 430.82 1
430.82 431.25 3
431.25 431.76 1
431.76 432.40 0
432.40 440.02 1
440.02 440.23 3
440.23 440.32 2
440.32 440.65 3
440.65 443.07 1
443.07 444.23 3
444.23 444.56 2
444.56 445.07 0
445.07 447.25 1
447.25 448.00 3
448.00 448.49 2
448.49 448.80 3
448.80 454.51 1
454.51 454.94 0
454.94 463.82 2
463.82 464.13 0
464.13 466.36 1
466.36 466.76 3
466.76 466.98 2
466.98 467.60 3
467.60 470.19 1
470.19 470.45 0
470.45 478.45 1
478.45 478.83 0
478.83 481.05 1
481.05 481.57 3
481.57 481.70 2
481.70 481.89 3
481.89 486.48 1
486.48 486.58 3
486.58 491.44 2
491.44 491.58 3
491.58 492.87 1
492.87 494.07 3
494.07 495.16 2
495.16 495.60 3
495.60 498.88 1
498.88 499.47 3
499.47 507.60 2
507.60 509.68 1
509.68 510.62 3
510.62 514.93 1
514.93 515.66 3
515.66 518.13 1
518.13 518.54 3
518.54 519.16 1
519.16 519.19 0
519.19 521.53 2
521.53 521.99 0
521.99 525.16 2
525.16 525.78 0
525.78 526.77 2
526.77 526.86 0
526.86 527.23 1
527.23 528.32 3
528.32 535.03 2
535.03 535.07 0
535.07 542.03 2
542.03 543.93 0
543.93 546.74 1
546.74 546.77 0
546.77 549.47 2
549.47 549.62 0
549.62 550.19 1
550.19 550.24 3
550.24 553.41 2
553.41 554.32 0
554.32 564.97 2
564.97 565.11 0
565.11 565.58 1
565.58 565.66 0
565.66 572.83 2
572.83 573.36 0
573.36 577.44 2
577.44 583.65 1
583.65 583.89 0
583.89 584.02 1
584.02 584.61 3
584.61 585.84 1
585.84 586.43 3
586.43 587.42 1
587.42 587.47 0
587.47 590.59 2
590.59 590.70 0
590.70 598.37 2
598.37 598.67 3
598.67 602.49 1
602.49 603.57 3
603.57 604.72 1
604.72 605.34 3
605.34 612.12 2
