0.00 0.93 2
0.93 1.97 3
1.97 6.22 2
6.22 8.34 0
8.34 10.98 2
10.98 11.61 3
11.61 19.35 1
19.35 22.99 0
22.99 23.91 2
23.91 24.66 3
24.66 28.71 1
28.71 28.97 3
28.97 29.94 2
29.94 30.85 3
30.85 32.24 2
32.24 32.46 3
32.46 34.60 1
34.60 35.01 0
35.01 35.99 2
35.99 37.20 0
37.20 39.33 1
39.33 39.45 3
39.45 41.13 2
41.13 41.23 0
41.23 41.81 1
41.81 41.97 3
41.97 43.03 2
43.03 43.98 0
43.98 48.69 2
48.69 49.87 0
49.87 54.57 2
54.57 55.74 0
55.74 56.43 2
56.43 56.84 3
56.84 60.61 2
60.61 60.64 0
60.64 61.79 1
61.79 61.88 3
61.88 69.15 2
69.15 70.60 0
70.60 74.14 2
74.14 76.10 0
76.10 81.74 2
81.74 82.23 0
82.23 83.41 1
83.41 84.72 0
84.72 89.29 2
89.29 89.48 0
89.48 90.20 1
90.20 92.22 0
92.22 95.25 2
95.25 97.38 0
97.38 101.87 1
101.87 103.00 0
103.00 104.66 2
104.66 104.72 0
104.72 106.37 1
106.37 106.67 0
106.67 107.89 2
107.89 109.00 0
109.00 109.71 1
109.71 111.54 0
111.54 114.48 2
114.48 115.83 3
115.83 119.89 1
119.89 120.93 0
120.93 126.82 1
126.82 127.64 0
127.64 128.19 2
128.19 128.31 0
128.31 128.71 1
128.71 128.94 0
128.94 130.15 2
130.15 130.77 0
130.77 131.01 1
131.01 132.24 3
132.24 133.59 2
133.59 133.75 0
133.75 135.21 1
135.21 135.23 0
135.23 136.44 2
136.44 136.54 0
136.54 139.09 1
139.09 139.36 3
139.36 140.43 2
140.43 140.58 0
140.58 142.82 1
142.82 143.57 0
143.57 143.94 2
143.94 144.95 3
144.95 150.33 1
150.33 150.59 3
150.59 150.96 2
150.96 152.01 0
152.01 154.67 1
154.67 154.77 3
154.77 155.04 2
155.04 156.40 1
156.40 156.50 3
156.50 157.77 2
157.77 160.04 3
160.04 161.96 1
161.96 162.83 0
162.83 162.87 2
162.87 163.29 3
163.29 163.96 1
163.96 164.31 0
164.31 165.68 2
165.68 165.96 0
165.96 173.12 1
173.12 173.57 0
173.57 179.45 1
179.45 180.38 3
180.38 181.27 2
181.27 182.05 0
182.05 185.68 1
185.68 185.90 0
185.90 186.28 2
186.28 187.05 0
187.05 192.24 1
192.24 192.40 0
192.40 192.72 2
192.72 193.36 0
193.36 199.14 1
199.14 199.43 0
199.43 204.05 1
204.05 204.06 3
204.06 204.94 2
204.94 205.03 0
205.03 209.24 1
209.24 209.27 3
209.27 211.45 2
211.45 211.47 0
211.47 212.36 1
212.36 212.41 3
212.41 214.88 2
214.88 214.99 0
214.99 217.41 1
217.41 217.74 0
217.74 219.36 2
219.36 219.86 0
219.86 225.14 1
225.14 226.04 0
226.04 230.46 1
230.46 230.65 3
230.65 230.94 2
230.94 230.97 3
230.97 235.27 1
235.27 235.75 0
235.75 236.15 2
236.15 236.78 0
236.78 237.20 1
237.20 238.47 0
238.47 240.41 2
240.41 241.23 0
241.23 243.61 1
243.61 244.08 0
244.08 244.67 2
244.67 244.77 3
244.77 245.73 1
245.73 245.90 3
245.90 249.10 2
249.10 250.00 0
250.00 252.01 1
252.01 252.43 3
252.43 252.62 2
252.62 253.87 0
253.87 254.75 1
254.75 256.61 0
256.61 259.61 1
259.61 260.18 3
260.18 261.32 1
261.32 262.89 0
262.89 266.29 1
266.29 266.45 3
266.45 266.69 2
266.69 266.76 3
266.76 269.58 1
269.58 269.94 3
269.94 272.32 1
272.32 273.71 0
273.71 276.66 1
276.66 277.88 0
277.88 283.35 1
283.35 283.46 0
283.46 283.73 1
283.73 284.32 3
284.32 286.73 1
286.73 288.08 0
288.08 290.25 1
290.25 290.87 0
290.87 291.29 2
291.29 291.95 3
291.95 299.55 1
299.55 300.48 0
300.48 303.12 1
303.12 303.33 3
303.33 303.55 2
303.55 303.68 3
303.68 305.75 1
305.75 308.07 0
308.07 310.74 1
310.74 311.00 3
311.00 312.63 1
312.63 314.04 0
314.04 318.64 1
318.64 319.36 0
319.36 325.09 1
325.09 325.69 0
325.69 326.25 2
326.25 326.27 3
326.27 328.53 1
328.53 330.32 0
330.32 331.44 2
331.44 331.91 0
331.91 334.06 1
334.06 334.64 3
334.64 335.62 2
335.62 335.71 3
335.71 338.83 1
338.83 338.85 3
338.85 339.98 2
339.98 341.36 0
341.36 341.43 1
341.43 341.63 3
341.63 342.70 2
342.70 343.23 3
343.23 344.10 1
344.10 344.44 3
344.44 346.41 2
346.41 348.28 3
348.28 354.94 1
354.94 355.80 0
355.80 360.24 1
360.24 360.96 0
360.96 366.36 1
366.36 366.41 0
366.41 366.86 2
366.86 366.89 3
366.89 373.31 1
373.31 374.03 0
374.03 380.91 1
380.91 381.48 0
381.48 388.76 1
388.76 389.66 0
389.66 390.95 1
390.95 391.95 3
391.95 392.99 2
392.99 394.47 0
394.47 396.23 2
396.23 396.41 0
396.41 398.23 1
398.23 398.39 3
398.39 399.32 2
399.32 400.19 3
400.19 400.29 2
400.29 401.45 0
401.45 402.03 2
402.03 402.35 0
402.35 403.65 1
403.65 404.08 3
404.08 405.55 2
405.55 405.96 3
405.96 408.61 1
408.61 408.71 3
408.71 409.10 2
409.10 410.59 3
410.59 412.01 2
412.01 412.18 3
412.18 414.43 1
414.43 415.01 0
415.01 416.45 2
416.45 416.82 0
416.82 419.37 1
419.37 421.73 0
421.73 425.06 2
425.06 425.08 3
425.08 432.33 1
432.33 432.48 3
432.48 434.68 2
434.68 434.98 0
434.98 435.48 1
435.48 435.78 0
435.78 436.54 2
436.54 437.11 3
437.11 437.82 1
437.82 438.34 0
438.34 439.73 2
439.73 440.42 3
440.42 440.99 1
440.99 441.64 3
441.64 442.51 2
442.51 443.85 3
443.85 445.76 1
445.76 445.79 0
445.79 448.73 1
448.73 449.37 3
449.37 450.29 1
450.29 450.94 0
450.94 451.61 2
451.61 452.17 0
452.17 452.41 1
452.41 452.99 3
452.99 453.36 2
453.36 454.93 0
454.93 455.39 2
455.39 456.80 0
456.80 457.74 2
457.74 457.81 0
457.81 458.67 1
458.67 459.61 0
459.61 459.93 2
459.93 461.20 0
461.20 464.68 2
464.68 465.54 0
465.54 465.78 1
465.78 465.94 3
465.94 466.47 2
466.47 466.81 3
466.81 468.40 1
468.40 468.62 0
468.62 469.64 2
469.64 471.86 3
471.86 473.51 1
473.51 474.24 0
474.24 479.56 1
479.56 479.57 3
479.57 480.56 2
480.56 480.58 0
480.58 482.41 1
482.41 483.37 0
483.37 483.47 1
483.47 483.81 3
483.81 488.16 1
488.16 488.21 3
488.21 492.82 2
492.82 493.27 0
493.27 494.70 1
494.70 496.85 0
496.85 497.69 1
497.69 498.04 3
498.04 500.37 1
500.37 500.55 0
500.55 501.22 2
501.22 501.98 0
501.98 502.18 2
502.18 502.56 3
502.56 505.11 2
505.11 505.36 0
505.36 507.67 1
507.67 507.80 0
507.80 508.62 2
508.62 508.69 3
508.69 511.70 1
511.70 512.58 3
512.58 514.23 2
514.23 514.75 0
514.75 515.84 1
515.84 515.86 3
515.86 517.02 2
517.02 517.08 0
517.08 518.76 1
518.76 519.00 3
519.00 520.89 2
520.89 521.85 3
521.85 523.26 1
523.26 523.68 3
523.68 524.88 1
524.88 527.05 0
527.05 527.55 1
527.55 528.66 0
528.66 530.57 1
530.57 530.88 0
530.88 530.94 2
530.94 531.23 3
531.23 533.56 1
533.56 534.03 0
534.03 535.25 2
535.25 536.45 0
536.45 538.67 1
538.67 538.81 3
538.81 539.93 2
539.93 540.74 0
540.74 541.23 1
541.23 541.34 3
541.34 545.57 2
545.57 546.44 0
546.44 549.53 2
549.53 550.56 0
550.56 554.55 2
554.55 555.20 0
555.20 555.96 2
555.96 556.84 0
556.84 564.01 2
564.01 565.08 0
565.08 565.11 1
565.11 565.60 3
565.60 566.40 1
566.40 566.90 0
566.90 568.63 2
568.63 569.61 3
569.61 570.46 1
570.46 571.00 3
571.00 572.89 2
572.89 573.64 0
573.64 578.64 2
578.64 579.68 0
579.68 581.80 2
581.80 581.94 0
581.94 584.88 2
584.88 585.26 0
585.26 585.72 1
585.72 586.77 0
586.77 587.51 1
587.51 588.50 0
588.50 590.18 1
590.18 591.70 0
591.70 592.85 2
592.85 593.54 0
593.54 599.52 1
599.52 600.24 0
600.24 602.01 2
602.01 602.59 0
602.59 604.28 1
604.28 604.39 0
604.39 605.35 2
