0.00 3.24 1
3.24 3.79 0
3.79 8.01 1
8.01 8.80 0
8.80 10.75 1
10.75 11.21 0
11.21 11.63 2
11.63 12.37 3
12.37 12.53 2
12.53 13.52 0
13.52 16.66 2
16.66 17.69 0
17.69 18.67 2
18.67 19.07 0
19.07 21.80 2
21.80 21.83 3
21.83 22.25 1
22.25 22.34 3
22.34 24.82 2
24.82 24.90 3
24.90 25.21 1
25.21 26.00 0
26.00 32.00 2
32.00 32.15 0
32.15 40.72 2
40.72 41.18 3
41.18 43.19 2
43.19 43.31 0
43.31 47.67 2
47.67 47.85 0
47.85 53.03 2
53.03 53.37 3
53.37 55.43 2
55.43 56.07 0
56.07 62.27 2
62.27 62.40 3
62.40 62.76 1
62.76 63.55 0
63.55 64.10 2
64.10 64.43 3
64.43 64.85 1
64.85 65.69 0
65.69 66.41 2
66.41 66.66 3
66.66 69.13 2
69.13 69.39 3
69.39 70.27 1
70.27 70.28 0
70.28 70.79 2
70.79 71.75 3
71.75 72.29 2
72.29 72.52 0
72.52 74.75 2
74.75 75.09 3
75.09 75.36 1
75.36 76.13 0
76.13 82.13 2
82.13 82.48 0
82.48 89.46 2
89.46 90.22 0
90.22 98.25 2
98.25 98.35 0
98.35 100.75 2
100.75 102.67 0
102.67 107.39 1
107.39 109.24 0
109.24 111.37 1
111.37 111.93 2
111.93 112.44 3
112.44 112.72 1
112.72 113.59 0
113.59 113.71 1
113.71 114.16 3
114.16 115.33 1
115.33 115.84 0
115.84 116.05 1
116.05 116.70 3
116.70 121.14 2
121.14 121.17 3
121.17 122.28 1
122.28 123.12 3
123.12 123.59 2
123.59 123.83 0
123.83 126.33 1
126.33 126.43 3
126.43 126.78 2
126.78 126.83 0
126.83 127.14 1
127.14 127.18 3
127.18 127.49 2
127.49 127.74 3
127.74 128.26 1
128.26 128.66 0
128.66 129.11 1
129.11 129.40 3
129.40 129.67 1
129.67 130.28 0
130.28 131.43 2
131.43 131.55 0
131.55 131.91 1
131.91 132.01 3
132.01 132.93 2
132.93 133.98 0
133.98 137.56 2
137.56 137.62 0
137.62 138.37 1
138.37 138.50 3
138.50 139.55 2
139.55 139.56 3
139.56 140.48 1
140.48 140.70 0
140.70 140.77 2
140.77 142.84 3
142.84 142.91 1
142.91 143.59 0
143.59 144.31 2
144.31 145.62 3
145.62 147.00 2
147.00 147.17 0
147.17 147.60 1
147.60 147.73 3
147.73 150.49 2
150.49 150.95 0
150.95 153.58 2
153.58 154.65 0
154.65 156.36 2
156.36 156.42 3
156.42 157.41 1
157.41 158.41 3
158.41 159.96 1
159.96 160.63 0
160.63 161.25 1
161.25 161.96 0
161.96 164.56 1
164.56 164.86 3
164.86 165.83 2
165.83 165.92 3
165.92 167.52 1
167.52 167.72 0
167.72 170.05 1
170.05 170.21 0
170.21 172.20 1
172.20 172.97 0
172.97 173.29 1
173.29 173.83 3
173.83 174.15 2
174.15 174.29 3
174.29 174.84 1
174.84 175.49 3
175.49 175.51 2
175.51 176.01 0
176.01 176.34 1
176.34 176.80 3
176.80 178.43 1
178.43 179.07 0
179.07 179.57 2
179.57 179.81 3
179.81 184.48 1
184.48 185.36 0
185.36 185.48 2
185.48 186.02 3
186.02 187.64 1
187.64 188.48 0
188.48 190.66 2
190.66 190.76 3
190.76 191.18 1
191.18 191.73 0
191.73 192.52 1
192.52 192.61 3
192.61 192.78 2
192.78 193.98 0
193.98 194.45 2
194.45 194.70 0
194.70 194.90 1
194.90 195.10 0
195.10 196.52 2
196.52 196.58 3
196.58 198.06 1
198.06 198.98 0
198.98 203.65 1
203.65 204.22 0
204.22 204.45 1
204.45 204.93 3
204.93 207.22 1
207.22 207.40 3
207.40 209.34 1
209.34 210.03 0
210.03 210.35 2
210.35 211.80 3
211.80 212.14 2
212.14 212.48 0
212.48 212.86 1
212.86 213.48 3
213.48 214.35 1
214.35 214.81 3
214.81 215.40 2
215.40 215.79 0
215.79 215.87 2
215.87 216.09 3
216.09 216.49 2
216.49 216.60 0
216.60 217.11 1
217.11 217.46 3
217.46 218.22 2
218.22 218.84 0
218.84 219.25 2
219.25 219.36 0
219.36 219.78 1
219.78 220.47 0
220.47 224.29 2
224.29 224.38 0
224.38 225.20 1
225.20 225.65 0
225.65 228.66 1
228.66 228.82 0
228.82 228.95 1
228.95 229.43 3
229.43 230.87 1
230.87 231.37 0
231.37 231.39 1
231.39 231.52 3
231.52 231.91 1
231.91 232.23 3
232.23 233.17 1
233.17 233.25 0
233.25 234.76 1
234.76 235.35 0
235.35 235.50 1
235.50 236.00 3
236.00 236.04 2
236.04 236.06 0
236.06 239.75 1
239.75 240.32 0
240.32 240.40 1
240.40 240.94 3
240.94 241.98 1
241.98 242.41 0
242.41 242.81 2
242.81 242.92 3
242.92 248.54 1
248.54 248.89 0
248.89 252.13 2
252.13 252.41 0
252.41 255.08 2
255.08 255.23 3
255.23 255.45 1
255.45 256.23 0
256.23 259.03 2
259.03 259.04 3
259.04 259.35 1
259.35 259.45 3
259.45 264.17 2
264.17 264.58 3
264.58 264.92 2
264.92 265.00 0
265.00 267.00 2
267.00 267.60 3
267.60 267.70 2
267.70 268.15 0
268.15 268.54 1
268.54 268.66 0
268.66 271.76 1
271.76 271.92 0
271.92 273.96 1
273.96 274.48 0
274.48 274.75 1
274.75 275.39 3
275.39 278.34 1
278.34 279.00 0
279.00 279.08 2
279.08 279.67 3
279.67 283.76 1
283.76 284.76 0
284.76 285.06 1
285.06 285.59 3
285.59 289.69 1
289.69 290.04 0
290.04 290.39 1
290.39 290.83 3
290.83 291.78 2
291.78 292.17 3
292.17 295.46 1
295.46 295.54 0
295.54 295.72 2
295.72 295.98 3
295.98 297.13 1
297.13 297.48 0
297.48 297.60 1
297.60 297.89 3
297.89 298.17 2
298.17 298.34 3
298.34 301.25 1
301.25 301.73 0
301.73 302.51 1
302.51 303.21 0
303.21 303.31 1
303.31 303.92 3
303.92 305.46 1
305.46 305.95 0
305.95 308.56 1
308.56 308.98 0
308.98 309.48 1
309.48 309.67 3
309.67 310.17 2
310.17 310.29 3
310.29 312.34 1
312.34 313.49 0
313.49 314.07 2
314.07 314.77 3
314.77 315.71 2
315.71 316.62 3
316.62 318.37 1
318.37 318.93 0
318.93 320.18 1
320.18 320.71 0
320.71 320.83 2
320.83 320.98 3
320.98 321.61 2
321.61 321.69 3
321.69 322.12 1
322.12 322.80 0
322.80 322.85 1
322.85 323.12 3
323.12 326.91 1
326.91 326.94 0
326.94 327.23 2
327.23 327.58 0
327.58 331.96 2
331.96 332.42 3
332.42 332.66 0
332.66 335.65 1
335.65 336.35 0
336.35 336.52 1
336.52 337.12 3
337.12 337.53 1
337.53 337.77 0
337.77 338.15 1
338.15 338.64 3
338.64 338.68 1
338.68 339.17 0
339.17 339.88 1
339.88 340.47 3
340.47 340.74 1
340.74 341.77 0
341.77 341.91 1
341.91 341.98 3
341.98 343.19 2
343.19 343.34 3
343.34 343.42 1
343.42 343.82 0
343.82 344.37 1
344.37 344.77 3
344.77 346.01 1
346.01 346.07 0
346.07 347.16 2
347.16 347.28 3
347.28 348.86 1
348.86 349.81 0
349.81 349.93 1
349.93 350.88 3
350.88 351.02 1
351.02 352.02 0
352.02 352.42 2
352.42 352.55 0
352.55 352.75 1
352.75 353.13 0
353.13 353.55 2
353.55 353.59 3
353.59 354.12 1
354.12 354.36 0
354.36 354.57 2
354.57 355.03 0
355.03 357.52 2
357.52 358.33 3
358.33 358.61 2
358.61 359.55 0
359.55 365.52 2
365.52 365.85 3
365.85 365.97 1
365.97 366.53 0
366.53 366.81 1
366.81 367.20 3
367.20 367.73 1
367.73 368.31 0
368.31 368.54 2
368.54 368.84 0
368.84 369.53 1
369.53 369.78 3
369.78 372.89 2
372.89 373.57 0
373.57 375.10 2
375.10 375.44 0
375.44 378.83 2
378.83 379.51 0
379.51 382.85 2
382.85 383.64 0
383.64 384.95 2
384.95 384.98 0
384.98 386.36 1
386.36 388.16 0
388.16 390.38 2
390.38 390.73 3
390.73 391.86 2
391.86 392.01 3
392.01 393.99 1
393.99 394.63 0
394.63 396.14 2
396.14 396.52 3
396.52 399.56 2
399.56 400.00 0
400.00 402.05 2
402.05 402.78 0
402.78 406.82 2
406.82 407.08 3
407.08 407.34 1
407.34 407.79 0
407.79 414.41 2
414.41 414.49 0
414.49 415.50 1
415.50 415.94 3
415.94 417.01 2
417.01 417.56 3
417.56 418.04 1
418.04 418.53 0
418.53 426.32 2
426.32 426.83 0
426.83 432.19 2
432.19 432.91 3
432.91 433.75 2
433.75 434.31 3
434.31 434.95 2
434.95 435.04 3
435.04 439.83 1
439.83 440.42 0
440.42 440.65 1
440.65 441.18 3
441.18 444.99 1
444.99 445.66 0
445.66 447.01 2
447.01 448.27 3
448.27 448.89 1
448.89 449.63 0
449.63 450.23 2
450.23 450.75 3
450.75 454.74 2
454.74 454.82 3
454.82 455.47 1
455.47 455.56 3
455.56 455.86 2
455.86 456.39 0
456.39 457.79 2
457.79 457.94 3
457.94 459.67 1
459.67 459.88 3
459.88 460.59 2
460.59 460.72 3
460.72 462.30 1
462.30 462.86 0
462.86 463.49 2
463.49 463.52 0
463.52 464.87 1
464.87 465.53 0
465.53 466.55 2
466.55 466.64 3
466.64 469.50 1
469.50 470.09 0
470.09 470.16 1
470.16 470.85 3
470.85 472.34 1
472.34 472.76 3
472.76 472.95 1
472.95 473.83 0
473.83 474.91 2
474.91 475.04 3
475.04 475.28 1
475.28 475.73 0
475.73 476.17 1
476.17 476.72 3
476.72 476.82 2
476.82 476.88 0
476.88 477.26 1
477.26 478.41 0
478.41 479.07 2
479.07 479.11 3
479.11 480.26 1
480.26 481.17 0
481.17 481.68 1
481.68 482.04 3
482.04 483.47 1
483.47 484.21 0
484.21 487.52 2
487.52 487.67 3
487.67 487.80 1
487.80 487.87 3
487.87 489.17 2
489.17 489.53 0
489.53 491.20 2
491.20 491.61 3
491.61 492.45 2
492.45 492.53 0
492.53 494.30 1
494.30 494.31 3
494.31 494.95 2
494.95 495.02 3
495.02 496.47 1
496.47 496.85 0
496.85 500.75 2
500.75 500.81 3
500.81 503.39 1
503.39 503.64 3
503.64 504.11 2
504.11 504.49 3
504.49 504.84 1
504.84 504.94 3
504.94 505.50 2
505.50 505.65 0
505.65 506.55 1
506.55 507.34 0
507.34 508.00 2
508.00 508.10 3
508.10 512.52 1
512.52 512.68 3
512.68 514.43 2
514.43 514.67 3
514.67 515.43 1
515.43 515.99 0
515.99 520.94 2
520.94 521.43 1
521.43 521.91 0
521.91 526.34 2
526.34 527.19 0
527.19 528.10 2
528.10 529.01 0
529.01 529.53 2
529.53 530.23 0
530.23 534.67 2
534.67 535.34 0
535.34 536.44 2
536.44 536.61 3
536.61 537.53 1
537.53 537.61 3
537.61 538.98 2
538.98 539.93 0
539.93 542.88 2
542.88 543.31 1
543.31 544.24 0
544.24 544.60 2
544.60 545.26 0
545.26 545.57 1
545.57 545.66 3
545.66 547.19 2
547.19 547.52 3
547.52 548.04 2
548.04 548.19 3
548.19 548.41 1
548.41 549.18 0
549.18 550.32 1
550.32 550.95 0
550.95 551.52 2
551.52 551.67 0
551.67 552.20 1
552.20 552.41 0
552.41 554.68 2
554.68 554.80 0
554.80 555.43 1
555.43 555.95 0
555.95 556.31 2
556.31 556.61 3
556.61 558.34 2
558.34 558.47 3
558.47 559.45 2
559.45 559.56 0
559.56 560.30 1
560.30 561.72 0
561.72 563.66 2
563.66 564.00 3
564.00 564.34 1
564.34 564.92 0
564.92 565.35 2
565.35 565.65 0
565.65 567.76 2
567.76 567.95 0
567.95 569.25 2
569.25 569.72 0
569.72 569.92 1
569.92 570.24 3
570.24 570.42 1
570.42 570.45 0
570.45 571.01 2
571.01 571.23 0
571.23 571.34 2
571.34 572.25 3
572.25 574.10 1
574.10 574.88 0
574.88 575.73 2
575.73 575.87 3
575.87 576.44 1
576.44 576.48 0
576.48 579.73 2
579.73 579.94 0
579.94 580.56 1
580.56 580.61 3
580.61 583.20 2
583.20 583.59 3
583.59 589.22 1
589.22 589.76 0
589.76 590.04 2
590.04 590.55 3
590.55 592.56 1
592.56 592.93 0
592.93 593.31 2
593.31 593.59 3
593.59 595.45 1
595.45 595.54 0
595.54 595.88 2
595.88 596.02 3
596.02 597.39 1
597.39 597.47 0
597.47 600.44 2
600.44 600.54 3
600.54 601.84 1
601.84 602.64 0
602.64 604.14 2
604.14 604.41 3
604.41 607.59 2
