0.00 2.44 1
2.44 2.46 3
2.46 3.62 2
3.62 3.72 0
3.72 5.78 1
5.78 5.86 0
5.86 7.36 2
7.36 8.52 0
8.52 9.64 1
9.64 10.80 3
10.80 14.59 2
14.59 14.65 3
14.65 15.11 1
15.11 15.37 3
15.37 17.15 2
17.15 17.52 3
17.52 18.01 1
18.01 18.65 0
18.65 18.77 2
18.77 19.46 3
19.46 20.00 2
20.00 20.21 0
20.21 22.80 2
22.80 23.50 3
23.50 25.46 2
25.46 25.57 3
25.57 28.97 1
28.97 29.49 0
29.49 30.37 2
30.37 30.56 0
30.56 34.97 1
34.97 35.15 0
35.15 35.33 1
35.33 35.75 3
35.75 36.40 1
36.40 36.78 0
36.78 38.65 1
38.65 38.86 0
38.86 40.68 2
40.68 40.74 3
40.74 45.27 1
45.27 46.59 3
46.59 48.48 2
48.48 49.15 0
49.15 50.10 2
50.10 51.49 3
51.49 52.77 2
52.77 52.96 3
52.96 53.89 1
53.89 54.27 0
54.27 54.57 1
54.57 55.25 0
55.25 56.71 1
56.71 57.08 0
57.08 57.21 1
57.21 57.36 3
57.36 60.00 2
60.00 60.24 3
60.24 60.31 1
60.31 60.64 0
60.64 61.32 2
61.32 62.46 0
62.46 64.88 2
64.88 64.94 0
64.94 66.13 1
66.13 66.20 0
66.20 68.23 2
68.23 68.57 3
68.57 70.86 2
70.86 70.96 3
70.96 71.71 1
71.71 71.80 3
71.80 73.31 2
73.31 73.34 3
73.34 74.12 1
74.12 74.70 3
74.70 77.81 2
77.81 77.97 3
77.97 78.38 1
78.38 78.63 3
78.63 78.65 1
78.65 78.94 0
78.94 79.12 1
79.12 79.28 3
79.28 79.45 1
79.45 79.76 0
79.76 79.95 1
79.95 81.05 3
81.05 81.90 2
81.90 82.18 0
82.18 83.31 2
83.31 84.01 3
84.01 84.15 1
84.15 84.68 0
84.68 87.02 1
87.02 87.08 3
87.08 89.50 2
89.50 89.64 0
89.64 91.31 1
91.31 92.19 0
92.19 94.71 1
94.71 94.77 3
94.77 95.02 2
95.02 95.60 0
95.60 98.65 2
98.65 99.15 3
99.15 99.25 1
99.25 99.33 3
99.33 99.85 2
99.85 100.32 3
100.32 100.94 2
100.94 101.34 3
101.34 102.62 2
102.62 102.86 0
102.86 104.91 1
104.91 105.13 0
105.13 111.47 1
111.47 112.07 0
112.07 112.28 1
112.28 112.92 0
112.92 116.72 1
116.72 117.26 0
117.26 120.87 1
120.87 121.64 0
121.64 124.75 1
124.75 125.09 0
125.09 125.30 2
125.30 125.65 3
125.65 126.16 2
126.16 126.23 3
126.23 128.91 1
128.91 129.43 0
129.43 132.88 1
132.88 133.19 0
133.19 135.38 1
135.38 135.60 3
135.60 136.58 1
136.58 136.88 3
136.88 137.51 1
137.51 137.94 0
137.94 137.98 2
137.98 138.23 3
138.23 138.26 2
138.26 139.11 0
139.11 139.57 1
139.57 139.74 0
139.74 142.05 1
142.05 142.34 3
142.34 142.80 1
142.80 143.03 0
143.03 144.34 1
144.34 144.44 0
144.44 144.64 2
144.64 145.75 1
145.75 145.92 0
145.92 150.55 1
150.55 151.40 3
151.40 154.46 2
154.46 154.77 0
154.77 154.87 2
154.87 155.08 3
155.08 155.32 1
155.32 155.50 3
155.50 157.57 2
157.57 157.61 3
157.61 158.49 1
158.49 159.02 0
159.02 159.83 2
159.83 159.99 0
159.99 163.68 1
163.68 163.88 0
163.88 164.29 2
164.29 164.62 3
164.62 165.29 1
165.29 165.98 0
165.98 168.85 2
168.85 169.19 0
169.19 171.36 2
171.36 172.11 0
172.11 177.27 2
177.27 177.40 0
177.40 178.56 2
178.56 178.89 3
178.89 179.68 1
179.68 179.83 0
179.83 182.16 2
182.16 182.25 3
182.25 183.15 1
183.15 183.39 3
183.39 184.23 2
184.23 184.46 0
184.46 185.01 1
185.01 186.07 0
186.07 187.09 2
187.09 188.14 3
188.14 189.13 1
189.13 189.24 3
189.24 190.81 2
190.81 191.53 3
191.53 191.86 1
191.86 192.03 3
192.03 192.21 1
192.21 193.23 0
193.23 193.43 1
193.43 193.99 0
193.99 194.64 2
194.64 195.98 0
195.98 198.87 2
198.87 198.93 0
198.93 200.33 1
200.33 201.11 0
201.11 201.32 1
201.32 201.40 3
201.40 206.84 2
206.84 208.08 0
208.08 213.50 1
213.50 213.87 0
213.87 214.15 2
214.15 214.21 3
214.21 215.32 1
215.32 215.67 0
215.67 219.01 1
219.01 219.03 0
219.03 220.26 2
220.26 220.43 0
220.43 224.25 1
224.25 225.37 0
225.37 226.68 1
226.68 227.42 0
227.42 229.47 1
229.47 229.76 0
229.76 229.93 1
229.93 230.07 3
230.07 232.23 1
232.23 232.68 0
232.68 235.19 1
235.19 235.66 0
235.66 236.47 1
236.47 236.81 0
236.81 238.98 1
238.98 239.42 0
239.42 240.76 1
240.76 241.11 0
241.11 241.26 1
241.26 241.55 3
241.55 244.28 1
244.28 244.97 0
244.97 245.01 2
245.01 245.33 3
245.33 248.02 1
248.02 248.29 3
248.29 248.94 1
248.94 249.35 0
249.35 249.67 2
249.67 249.71 0
249.71 255.22 1
255.22 255.39 0
255.39 255.75 1
255.75 256.91 0
256.91 258.88 1
258.88 259.25 0
259.25 262.88 1
262.88 263.38 0
263.38 267.06 1
267.06 267.23 0
267.23 267.73 1
267.73 267.95 0
267.95 270.14 1
270.14 270.54 3
270.54 271.15 1
271.15 271.22 0
271.22 272.27 1
272.27 272.39 0
272.39 273.79 1
273.79 274.02 3
274.02 274.15 2
274.15 274.36 0
274.36 275.88 1
275.88 276.72 0
276.72 278.68 1
278.68 278.98 0
278.98 279.35 2
279.35 279.43 3
279.43 281.58 1
281.58 281.75 0
281.75 282.87 1
282.87 283.29 0
283.29 284.27 1
284.27 284.71 0
284.71 284.76 2
284.76 285.03 3
285.03 285.74 1
285.74 286.13 0
286.13 290.05 1
290.05 290.35 0
290.35 293.26 1
293.26 293.54 3
293.54 294.32 1
294.32 294.72 0
294.72 296.55 1
296.55 296.67 0
296.67 296.68 2
296.68 297.05 3
297.05 297.53 1
297.53 298.11 0
298.11 298.23 2
298.23 298.34 3
298.34 300.97 1
300.97 301.42 0
301.42 301.61 2
301.61 301.71 0
301.71 304.17 1
304.17 304.25 3
304.25 304.55 2
304.55 304.90 0
304.90 309.39 1
309.39 309.53 3
309.53 310.78 1
310.78 311.04 0
311.04 314.84 1
314.84 315.26 0
315.26 317.17 1
317.17 317.82 0
317.82 319.98 1
319.98 320.58 0
320.58 324.90 2
324.90 325.06 0
325.06 331.00 1
331.00 331.31 3
331.31 331.49 2
331.49 331.76 3
331.76 332.68 2
332.68 332.87 0
332.87 334.72 1
334.72 334.79 0
334.79 334.88 2
334.88 335.04 3
335.04 337.09 1
337.09 337.30 0
337.30 337.60 2
337.60 338.39 0
338.39 340.83 1
340.83 341.09 3
341.09 342.64 1
342.64 343.25 0
343.25 343.43 1
343.43 343.62 3
343.62 343.74 0
343.74 348.67 2
348.67 348.81 0
348.81 350.26 2
350.26 350.36 3
350.36 351.12 1
351.12 351.83 0
351.83 355.57 2
355.57 355.77 3
355.77 355.92 1
355.92 356.55 3
356.55 357.99 2
357.99 358.93 0
358.93 359.06 1
359.06 359.37 3
359.37 362.71 1
362.71 362.97 3
362.97 364.59 1
364.59 364.61 0
364.61 365.21 2
365.21 365.49 3
365.49 366.84 1
366.84 367.06 0
367.06 372.93 1
372.93 373.35 0
373.35 374.42 1
374.42 374.80 0
374.80 377.51 1
377.51 378.42 0
378.42 385.24 1
385.24 385.67 0
385.67 385.70 1
385.70 385.93 3
385.93 387.89 1
387.89 388.30 0
388.30 389.31 2
389.31 389.34 0
389.34 394.64 1
394.64 395.04 3
395.04 396.68 2
396.68 396.69 0
396.69 398.35 1
398.35 399.16 3
399.16 400.57 1
400.57 400.96 0
400.96 401.41 2
401.41 401.43 0
401.43 403.49 1
403.49 403.96 0
403.96 404.31 2
404.31 404.33 0
404.33 405.46 1
405.46 405.90 3
405.90 407.68 2
407.68 408.01 3
408.01 410.05 1
410.05 410.91 3
410.91 411.11 1
411.11 411.70 0
411.70 413.99 1
413.99 414.84 0
414.84 415.32 2
415.32 415.39 0
415.39 416.57 1
416.57 416.89 3
416.89 420.75 2
420.75 421.30 0
421.30 421.69 2
421.69 422.12 0
422.12 426.20 2
426.20 426.38 3
426.38 427.33 1
427.33 427.61 3
427.61 427.65 2
427.65 428.24 0
428.24 429.33 2
429.33 429.59 3
429.59 429.68 1
429.68 429.93 0
429.93 432.40 2
432.40 432.62 0
432.62 433.00 1
433.00 433.01 3
433.01 433.74 2
433.74 434.00 3
434.00 434.12 1
434.12 434.82 0
434.82 436.04 2
436.04 436.16 0
436.16 436.54 1
436.54 436.71 3
436.71 438.20 2
438.20 438.80 0
438.80 441.12 2
441.12 441.43 0
441.43 442.39 2
442.39 442.95 0
442.95 443.41 1
443.41 444.73 0
444.73 450.14 2
450.14 450.33 0
450.33 451.06 1
451.06 451.41 3
451.41 454.50 2
454.50 454.71 3
454.71 456.57 1
456.57 456.66 0
456.66 456.99 2
456.99 457.55 0
457.55 460.21 1
460.21 460.28 3
460.28 461.64 2
461.64 461.87 3
461.87 462.22 1
462.22 462.52 3
462.52 463.66 2
463.66 463.73 3
463.73 463.89 1
463.89 464.61 0
464.61 470.47 2
470.47 470.87 3
470.87 471.54 2
471.54 471.94 3
471.94 472.16 2
472.16 472.45 3
472.45 472.60 1
472.60 472.69 0
472.69 475.00 1
475.00 475.19 3
475.19 476.13 1
476.13 476.47 0
476.47 481.88 1
481.88 482.41 0
482.41 485.66 1
485.66 486.00 3
486.00 486.18 1
486.18 486.41 0
486.41 489.40 1
489.40 489.56 0
489.56 490.08 2
490.08 490.56 3
490.56 491.25 2
491.25 491.94 0
491.94 493.36 2
493.36 493.97 0
493.97 495.72 1
495.72 496.19 0
496.19 496.61 1
496.61 497.18 0
497.18 497.32 2
497.32 497.49 3
497.49 498.85 1
498.85 499.25 3
499.25 500.93 2
500.93 501.46 3
501.46 501.78 1
501.78 502.15 0
502.15 502.24 1
502.24 502.41 3
502.41 504.38 1
504.38 504.83 0
504.83 505.16 2
505.16 505.56 0
505.56 505.82 2
505.82 505.83 0
505.83 507.79 1
507.79 508.12 0
508.12 510.08 1
510.08 510.29 0
510.29 514.05 1
514.05 515.77 3
515.77 516.44 2
516.44 516.79 0
516.79 517.06 1
517.06 517.51 0
517.51 519.36 2
519.36 519.58 3
519.58 523.66 1
523.66 524.11 0
524.11 529.65 1
529.65 529.96 0
529.96 530.76 2
530.76 530.94 0
530.94 535.43 1
535.43 536.13 0
536.13 536.17 1
536.17 536.66 3
536.66 537.40 2
537.40 537.72 3
537.72 538.19 1
538.19 538.36 3
538.36 538.85 2
538.85 539.16 3
539.16 540.05 1
540.05 540.84 0
540.84 543.44 1
543.44 543.77 0
543.77 544.10 2
544.10 544.80 0
544.80 546.84 1
546.84 547.22 0
547.22 549.78 1
549.78 550.38 3
550.38 550.88 2
550.88 550.99 3
550.99 552.51 1
552.51 552.66 3
552.66 556.87 2
556.87 556.97 3
556.97 560.54 1
560.54 560.94 0
560.94 566.07 1
566.07 566.43 0
566.43 566.50 1
566.50 566.69 3
566.69 567.47 1
567.47 567.69 0
567.69 572.81 1
572.81 572.92 0
572.92 576.33 1
576.33 576.60 0
576.60 582.77 1
582.77 583.03 0
583.03 583.49 1
583.49 583.74 0
583.74 585.69 1
585.69 585.94 3
585.94 587.79 1
587.79 588.07 0
588.07 588.20 1
588.20 588.42 3
588.42 590.66 1
590.66 591.36 0
591.36 594.31 1
594.31 594.70 0
594.70 596.64 1
596.64 596.97 3
596.97 599.19 1
599.19 599.44 0
599.44 603.37 1
