0.00 1.40 2
1.40 1.65 0
1.65 3.13 2
3.13 3.50 0
3.50 3.83 1
3.83 3.85 3
3.85 6.18 2
6.18 6.33 0
6.33 6.48 2
6.48 6.59 3
6.59 7.34 1
7.34 8.19 0
8.19 11.36 1
11.36 11.75 0
11.75 12.09 1
12.09 12.59 3
12.59 13.06 2
13.06 13.55 0
13.55 13.83 1
13.83 14.21 3
14.21 14.56 2
14.56 15.33 0
15.33 16.44 2
16.44 16.58 0
16.58 20.19 1
20.19 20.27 3
20.27 20.60 1
20.60 21.09 0
21.09 24.75 1
24.75 24.81 0
24.81 25.88 1
25.88 25.97 0
25.97 26.36 2
26.36 27.53 3
27.53 27.73 2
27.73 28.07 0
28.07 29.41 1
29.41 29.83 3
29.83 30.67 1
30.67 30.88 0
30.88 31.03 2
31.03 31.82 3
31.82 34.59 1
34.59 35.85 0
35.85 37.11 2
37.11 37.83 0
37.83 38.58 2
38.58 38.82 3
38.82 40.37 2
40.37 40.77 0
40.77 42.19 2
42.19 42.58 0
42.58 43.26 1
43.26 43.33 3
43.33 44.82 2
44.82 45.52 3
45.52 47.01 1
47.01 47.02 0
47.02 47.50 2
47.50 47.61 0
47.61 48.78 2
48.78 48.87 0
48.87 49.72 1
49.72 49.86 0
49.86 50.61 2
50.61 51.91 3
51.91 53.23 1
53.23 54.26 3
54.26 55.28 2
55.28 55.63 3
55.63 59.27 1
59.27 59.67 3
59.67 59.73 1
59.73 60.32 0
60.32 60.34 1
60.34 60.46 3
60.46 60.85 2
60.85 61.10 0
61.10 61.38 2
61.38 61.41 0
61.41 61.62 1
61.62 62.66 3
62.66 65.41 1
65.41 66.10 3
66.10 66.39 2
66.39 66.47 0
66.47 69.61 1
69.61 70.19 0
70.19 72.33 1
72.33 72.40 3
72.40 72.66 2
72.66 73.47 0
73.47 75.50 1
75.50 76.24 0
76.24 80.47 1
80.47 80.55 0
80.55 80.56 1
80.56 80.90 3
80.90 80.95 1
80.95 81.41 0
81.41 81.43 1
81.43 81.95 3
81.95 82.39 1
82.39 83.21 0
83.21 85.44 1
85.44 85.64 0
85.64 85.67 2
85.67 86.71 3
86.71 86.80 2
86.80 87.02 3
87.02 93.96 1
93.96 94.42 0
94.42 94.79 2
94.79 94.80 3
94.80 95.64 1
95.64 96.61 0
96.61 101.35 1
101.35 101.47 0
101.47 108.27 1
108.27 108.69 0
108.69 109.42 1
109.42 109.65 3
109.65 110.31 2
110.31 110.74 3
110.74 111.13 2
111.13 111.55 0
111.55 112.87 1
112.87 112.92 0
112.92 113.44 2
113.44 113.91 3
113.91 114.57 1
114.57 115.19 3
115.19 115.79 2
115.79 116.70 3
116.70 117.00 1
117.00 117.19 3
117.19 117.54 2
117.54 118.58 3
118.58 124.46 1
124.46 124.60 0
124.60 124.93 1
124.93 125.26 0
125.26 125.41 2
125.41 126.09 3
126.09 126.95 1
126.95 127.86 3
127.86 131.11 1
131.11 131.49 0
131.49 134.21 1
134.21 134.39 3
134.39 136.41 1
136.41 136.79 3
136.79 137.31 2
137.31 138.25 3
138.25 142.80 1
142.80 143.45 0
143.45 147.79 1
147.79 148.05 0
148.05 149.28 1
149.28 149.44 3
149.44 149.69 2
149.69 150.00 0
150.00 150.21 2
150.21 150.70 0
150.70 151.85 1
151.85 152.23 0
152.23 157.48 1
157.48 158.04 0
158.04 158.27 1
158.27 158.64 3
158.64 161.20 1
161.20 161.51 0
161.51 162.02 2
162.02 162.03 0
162.03 167.69 1
167.69 168.12 0
168.12 168.35 1
168.35 168.66 0
168.66 168.73 1
168.73 169.35 3
169.35 169.50 2
169.50 169.86 3
169.86 172.13 1
172.13 172.86 0
172.86 173.82 2
173.82 174.07 3
174.07 174.72 1
174.72 174.92 0
174.92 177.30 1
177.30 177.83 0
177.83 179.05 2
179.05 179.36 3
179.36 181.59 1
181.59 182.20 0
182.20 182.96 1
182.96 183.24 0
183.24 190.74 1
190.74 190.91 0
190.91 191.71 1
191.71 192.38 3
192.38 197.61 1
197.61 198.16 3
198.16 198.61 2
198.61 198.68 0
198.68 199.47 1
199.47 199.93 0
199.93 201.42 2
201.42 201.53 3
201.53 203.13 1
203.13 203.60 0
203.60 205.44 2
205.44 205.57 3
205.57 207.21 1
207.21 207.86 0
207.86 208.56 1
208.56 208.63 3
208.63 208.80 2
208.80 209.26 0
209.26 209.27 1
209.27 209.83 3
209.83 211.09 1
211.09 211.70 0
211.70 212.13 2
212.13 212.64 3
212.64 213.73 2
213.73 214.13 0
214.13 215.65 1
215.65 215.77 3
215.77 219.20 2
219.20 219.98 0
219.98 220.38 2
220.38 220.74 0
220.74 221.15 1
221.15 221.37 3
221.37 221.77 2
221.77 222.13 0
222.13 223.02 1
223.02 223.73 0
223.73 225.52 1
225.52 225.96 0
225.96 227.40 2
227.40 228.27 0
228.27 230.27 2
230.27 230.31 0
230.31 230.94 1
230.94 232.63 3
232.63 233.78 1
233.78 235.07 0
235.07 235.51 2
235.51 235.69 3
235.69 239.31 1
239.31 239.65 3
239.65 241.09 2
241.09 241.32 0
241.32 241.65 1
241.65 242.40 0
242.40 244.07 2
244.07 244.93 0
244.93 245.19 1
245.19 246.75 3
246.75 246.83 1
246.83 247.33 3
247.33 247.93 2
247.93 248.36 3
248.36 249.74 2
249.74 250.53 3
250.53 250.72 1
250.72 251.91 0
251.91 252.32 2
252.32 252.57 3
252.57 254.87 1
254.87 255.33 0
255.33 258.84 1
258.84 259.24 0
259.24 260.78 1
260.78 261.40 0
261.40 261.60 1
261.60 261.82 3
261.82 262.84 1
262.84 263.71 0
263.71 264.70 2
264.70 264.71 3
264.71 269.13 1
269.13 269.58 0
269.58 270.40 1
270.40 270.94 0
270.94 271.27 1
271.27 271.85 3
271.85 273.15 1
273.15 273.68 0
273.68 274.20 1
274.20 274.93 0
274.93 275.11 1
275.11 275.77 3
275.77 275.96 2
275.96 276.27 0
276.27 277.21 1
277.21 277.31 3
277.31 278.08 2
278.08 278.47 0
278.47 281.51 1
281.51 281.84 0
281.84 285.27 2
285.27 285.46 0
285.46 285.73 1
285.73 285.76 0
285.76 286.11 2
286.11 286.56 0
286.56 287.59 2
287.59 288.64 0
288.64 289.85 2
289.85 290.39 3
290.39 295.91 1
295.91 296.52 0
296.52 297.45 2
297.45 297.98 3
297.98 300.34 2
300.34 300.45 0
300.45 300.96 1
300.96 301.32 3
301.32 301.37 2
301.37 301.64 0
301.64 305.74 1
305.74 306.50 0
306.50 311.96 1
311.96 312.43 0
312.43 313.02 1
313.02 313.80 3
313.80 315.55 1
315.55 315.66 3
315.66 315.80 2
315.80 316.32 0
316.32 318.20 2
318.20 319.15 0
319.15 319.63 2
319.63 321.21 3
321.21 321.35 2
321.35 321.68 0
321.68 322.01 1
322.01 322.76 3
322.76 322.87 2
322.87 324.34 0
324.34 324.68 2
324.68 325.13 0
325.13 325.65 1
325.65 325.68 0
325.68 325.95 2
325.95 326.24 0
326.24 326.45 1
326.45 326.49 0
326.49 326.99 2
326.99 327.80 0
327.80 328.40 1
328.40 328.59 2
328.59 328.90 0
328.90 331.15 1
331.15 331.75 0
331.75 331.87 1
331.87 332.66 3
332.66 338.24 1
338.24 339.02 0
339.02 340.98 1
340.98 342.38 0
342.38 342.45 1
342.45 343.01 3
343.01 343.37 2
343.37 343.49 0
343.49 348.15 1
348.15 348.64 0
348.64 349.07 1
349.07 349.90 0
349.90 353.38 1
353.38 353.88 0
353.88 354.63 1
354.63 355.61 0
355.61 360.91 1
360.91 360.93 0
360.93 366.71 1
366.71 367.42 0
367.42 368.01 1
368.01 368.35 3
368.35 369.19 2
369.19 369.37 3
369.37 372.50 1
372.50 373.16 0
373.16 374.04 1
374.04 374.73 0
374.73 376.31 2
376.31 377.06 0
377.06 378.13 1
378.13 378.81 0
378.81 379.50 2
379.50 379.52 3
379.52 380.61 1
380.61 381.71 0
381.71 381.79 2
381.79 382.29 3
382.29 385.42 1
385.42 385.91 0
385.91 387.04 2
387.04 388.22 3
388.22 390.85 1
390.85 391.52 0
391.52 391.98 1
391.98 393.24 3
393.24 393.68 2
393.68 393.98 0
393.98 395.78 1
395.78 396.31 0
396.31 396.62 1
396.62 397.78 3
397.78 399.16 1
399.16 399.61 0
399.61 400.59 2
400.59 401.56 3
401.56 402.23 2
402.23 402.38 3
402.38 406.03 1
406.03 406.12 3
406.12 407.53 2
407.53 408.22 0
408.22 414.42 2
414.42 414.94 0
414.94 417.67 2
417.67 417.90 3
417.90 418.45 1
418.45 418.68 3
418.68 419.37 2
419.37 420.00 0
420.00 421.58 2
421.58 421.92 0
421.92 426.77 1
426.77 427.48 0
427.48 427.69 1
427.69 428.35 3
428.35 433.39 1
433.39 433.83 0
433.83 437.36 1
437.36 437.74 0
437.74 438.03 1
438.03 438.49 3
438.49 440.47 1
440.47 441.29 0
441.29 441.33 2
441.33 441.77 3
441.77 447.74 1
447.74 450.30 0
450.30 454.50 1
454.50 455.24 0
455.24 459.94 1
459.94 460.70 0
460.70 460.72 1
460.72 461.35 3
461.35 462.76 1
462.76 462.88 3
462.88 466.10 1
466.10 466.18 3
466.18 466.64 2
466.64 468.07 3
468.07 468.13 2
468.13 468.22 3
468.22 468.68 1
468.68 469.98 3
469.98 472.40 1
472.40 473.01 3
473.01 473.87 1
473.87 474.16 0
474.16 476.18 1
476.18 476.76 0
476.76 482.69 1
482.69 482.82 3
482.82 483.55 1
483.55 483.56 0
483.56 487.99 1
487.99 488.07 0
488.07 489.00 2
489.00 489.38 3
489.38 491.87 1
491.87 491.95 0
491.95 492.98 2
492.98 493.25 0
493.25 493.50 2
493.50 493.53 0
493.53 493.78 1
493.78 494.31 3
494.31 495.71 1
495.71 496.25 3
496.25 496.92 2
496.92 497.08 3
497.08 497.61 1
497.61 497.97 3
497.97 498.16 1
498.16 498.41 0
498.41 499.82 2
499.82 500.11 0
500.11 500.54 1
500.54 501.09 3
501.09 502.60 1
502.60 503.24 0
503.24 503.26 2
503.26 503.49 3
503.49 504.14 2
504.14 504.70 0
504.70 505.38 1
505.38 505.51 3
505.51 506.08 1
506.08 506.20 3
506.20 507.13 1
507.13 507.21 0
507.21 507.34 2
507.34 507.52 0
507.52 507.79 2
507.79 508.48 3
508.48 509.64 2
509.64 509.73 0
509.73 512.97 1
512.97 513.29 0
513.29 516.92 1
516.92 517.42 3
517.42 518.51 1
518.51 518.60 0
518.60 518.73 2
518.73 518.92 3
518.92 519.97 1
519.97 520.71 0
520.71 521.20 1
521.20 521.79 3
521.79 522.38 1
522.38 522.76 0
522.76 525.81 1
525.81 526.31 0
526.31 526.69 1
526.69 527.02 3
527.02 527.57 1
527.57 528.12 0
528.12 529.88 1
529.88 530.11 3
530.11 530.69 1
530.69 530.78 0
530.78 532.48 1
532.48 533.09 0
533.09 533.29 1
533.29 533.72 3
533.72 535.02 1
535.02 535.84 0
535.84 535.88 2
535.88 536.18 3
536.18 538.12 1
538.12 540.22 0
540.22 541.55 1
541.55 541.59 0
541.59 544.04 1
544.04 544.36 0
544.36 547.67 1
547.67 548.15 0
548.15 548.62 1
548.62 549.17 0
549.17 552.68 1
552.68 553.10 0
553.10 557.07 1
557.07 557.45 0
557.45 560.63 1
560.63 560.98 0
560.98 564.30 1
564.30 564.59 3
564.59 567.27 1
567.27 567.51 3
567.51 567.74 2
567.74 569.81 3
569.81 570.36 1
570.36 571.16 3
571.16 573.06 1
573.06 573.53 0
573.53 573.83 1
573.83 574.28 3
574.28 578.67 1
578.67 579.60 0
579.60 579.82 2
579.82 580.33 3
580.33 580.67 2
580.67 581.32 0
581.32 581.67 1
581.67 581.72 3
581.72 582.20 2
582.20 582.72 0
582.72 583.60 2
583.60 584.27 0
584.27 588.92 1
588.92 590.83 0
590.83 594.10 1
594.10 594.41 0
594.41 597.51 1
597.51 597.53 0
597.53 600.66 1
600.66 601.40 0
601.40 602.65 2
