0.00 0.83 1
0.83 0.93 0
0.93 2.09 2
2.09 2.99 3
2.99 3.00 1
3.00 3.71 0
3.71 7.75 2
7.75 8.05 3
8.05 8.20 1
8.20 8.62 0
8.62 12.76 2
12.76 13.05 3
13.05 13.54 1
13.54 13.78 0
13.78 19.51 2
19.51 19.88 3
19.88 20.12 2
20.12 20.91 0
20.91 26.68 2
26.68 26.71 3
26.71 27.15 1
27.15 27.50 0
27.50 29.59 2
29.59 29.66 0
29.66 33.63 2
33.63 33.85 0
33.85 34.29 1
34.29 34.35 3
34.35 35.16 2
35.16 35.79 0
35.79 36.60 2
36.60 37.32 0
37.32 39.15 2
39.15 39.46 0
39.46 41.00 2
41.00 41.45 0
41.45 45.31 2
45.31 45.43 0
45.43 45.79 1
45.79 46.32 3
46.32 48.20 2
48.20 48.53 3
48.53 49.10 1
49.10 49.15 3
49.15 52.03 2
52.03 52.09 0
52.09 52.52 2
52.52 52.76 3
52.76 53.36 1
53.36 53.41 3
53.41 54.20 2
54.20 54.61 3
54.61 55.62 1
55.62 56.02 3
56.02 57.17 2
57.17 57.32 3
57.32 58.24 1
58.24 58.28 3
58.28 58.79 2
58.79 58.97 3
58.97 59.73 2
59.73 60.21 0
60.21 63.37 2
63.37 63.61 0
63.61 68.24 2
68.24 68.94 3
68.94 69.73 1
69.73 69.79 3
69.79 72.04 2
72.04 72.18 3
72.18 72.24 1
72.24 72.52 3
72.52 73.84 2
73.84 73.88 0
73.88 74.42 1
74.42 74.46 3
74.46 78.82 2
78.82 78.84 0
78.84 80.49 1
80.49 80.96 3
80.96 82.25 2
82.25 82.33 0
82.33 87.84 2
87.84 87.97 0
87.97 88.41 1
88.41 88.75 0
88.75 90.11 2
90.11 90.42 3
90.42 90.47 1
90.47 90.59 0
90.59 91.41 2
91.41 91.63 0
91.63 93.95 2
93.95 94.06 3
94.06 94.75 1
94.75 94.94 0
94.94 96.57 2
96.57 96.68 0
96.68 97.81 1
97.81 97.87 3
97.87 99.47 2
99.47 99.97 0
99.97 100.83 2
100.83 101.49 0
101.49 102.78 2
102.78 103.06 0
103.06 106.44 2
106.44 106.69 3
106.69 106.83 1
106.83 106.88 3
106.88 108.72 2
108.72 109.24 0
109.24 109.47 1
109.47 109.66 3
109.66 110.39 2
110.39 110.42 0
110.42 116.50 2
116.50 116.75 3
116.75 117.11 2
117.11 117.76 0
117.76 120.20 2
120.20 120.58 0
120.58 122.15 2
122.15 122.78 0
122.78 125.95 2
125.95 126.76 3
126.76 128.42 2
128.42 128.86 0
128.86 130.76 2
130.76 132.02 0
132.02 133.70 2
133.70 133.84 3
133.84 134.79 1
134.79 135.01 3
135.01 135.07 1
135.07 135.08 0
135.08 138.37 2
138.37 138.75 3
138.75 140.38 1
140.38 140.54 3
140.54 141.99 1
141.99 142.43 3
142.43 143.95 1
143.95 144.01 0
144.01 148.76 1
148.76 149.08 3
149.08 149.29 2
149.29 149.44 3
149.44 151.08 1
151.08 151.46 0
151.46 154.45 2
154.45 154.70 3
154.70 154.87 1
154.87 155.07 3
155.07 157.40 2
157.40 158.12 0
158.12 159.05 2
159.05 159.37 3
159.37 159.51 1
159.51 159.56 3
159.56 161.46 2
161.46 161.51 0
161.51 165.07 2
165.07 165.23 3
165.23 165.50 1
165.50 165.61 0
165.61 167.24 2
167.24 167.71 0
167.71 170.56 2
170.56 170.67 3
170.67 170.90 1
170.90 171.35 0
171.35 172.45 2
172.45 172.46 0
172.46 175.13 2
175.13 175.27 0
175.27 177.36 2
177.36 177.48 0
177.48 177.74 1
177.74 177.83 0
177.83 180.93 2
180.93 181.29 0
181.29 183.00 2
183.00 183.32 3
183.32 184.52 2
184.52 184.83 1
184.83 184.96 3
184.96 186.58 2
186.58 186.75 0
186.75 188.33 2
188.33 188.37 0
188.37 190.96 2
190.96 191.15 3
191.15 192.96 2
192.96 193.35 3
193.35 193.44 1
193.44 193.50 3
193.50 197.50 2
197.50 197.51 3
197.51 197.79 1
197.79 198.07 3
198.07 200.21 2
200.21 200.37 0
200.37 203.35 2
203.35 204.27 0
204.27 204.77 2
204.77 205.30 0
205.30 207.85 1
207.85 207.92 0
207.92 208.45 2
208.45 208.71 3
208.71 208.96 1
208.96 209.44 3
209.44 210.87 1
210.87 210.96 3
210.96 213.02 2
213.02 213.06 0
213.06 215.74 2
215.74 216.58 3
216.58 216.83 1
216.83 216.87 3
216.87 219.02 2
219.02 219.18 0
219.18 223.31 2
223.31 223.88 0
223.88 225.75 2
225.75 225.95 3
225.95 226.41 1
226.41 226.99 0
226.99 227.90 2
227.90 228.04 3
228.04 228.67 1
228.67 229.09 3
229.09 232.22 2
232.22 232.54 0
232.54 235.05 2
235.05 235.20 3
235.20 235.29 2
235.29 235.80 0
235.80 237.51 2
237.51 237.54 0
237.54 237.79 1
237.79 237.87 3
237.87 239.28 2
239.28 239.46 0
239.46 239.72 1
239.72 239.85 3
239.85 243.24 2
243.24 243.27 0
243.27 243.87 1
243.87 243.90 3
243.90 246.02 2
246.02 246.37 0
246.37 251.07 2
251.07 251.11 3
251.11 251.36 1
251.36 251.80 0
251.80 254.48 2
254.48 254.53 0
254.53 256.67 2
256.67 257.28 0
257.28 261.12 2
261.12 261.15 0
261.15 261.40 1
261.40 261.49 3
261.49 261.70 2
261.70 262.35 0
262.35 263.45 2
263.45 263.68 0
263.68 263.99 1
263.99 264.14 0
264.14 265.06 2
265.06 265.88 0
265.88 267.28 1
267.28 267.46 3
267.46 268.99 2
268.99 269.82 0
269.82 269.84 2
269.84 270.54 3
270.54 271.31 1
271.31 271.60 0
271.60 274.15 2
274.15 274.32 0
274.32 274.41 1
274.41 274.51 3
274.51 276.12 2
276.12 276.47 0
276.47 278.70 2
278.70 278.85 0
278.85 278.96 2
278.96 279.15 3
279.15 280.43 2
280.43 280.84 0
280.84 283.60 2
283.60 283.71 0
283.71 286.88 2
286.88 287.71 3
287.71 288.47 1
288.47 288.79 0
288.79 290.82 1
290.82 291.48 3
291.48 291.82 2
291.82 292.20 3
292.20 292.44 1
292.44 292.56 3
292.56 292.86 2
292.86 293.34 3
293.34 293.99 2
293.99 294.88 3
294.88 298.87 1
298.87 298.92 3
298.92 299.36 2
299.36 299.78 3
299.78 301.97 1
301.97 302.03 3
302.03 302.29 2
302.29 302.67 3
302.67 303.24 1
303.24 303.49 0
303.49 303.70 2
303.70 304.47 3
304.47 306.01 1
306.01 306.34 0
306.34 308.94 1
308.94 309.12 3
309.12 309.24 2
309.24 309.80 3
309.80 309.92 2
309.92 310.03 3
310.03 310.69 1
310.69 311.14 3
311.14 314.13 1
314.13 314.48 0
314.48 315.30 1
315.30 315.49 0
315.49 316.19 2
316.19 316.92 3
316.92 317.08 1
317.08 317.15 0
317.15 317.16 1
317.16 317.35 3
317.35 318.69 1
318.69 319.08 3
319.08 319.19 2
319.19 319.21 3
319.21 321.44 1
321.44 322.35 3
322.35 322.59 1
322.59 322.64 0
322.64 327.10 1
327.10 327.71 0
327.71 333.98 1
333.98 334.16 0
334.16 335.35 1
335.35 335.69 0
335.69 336.29 2
336.29 336.40 0
336.40 337.86 1
337.86 339.23 3
339.23 340.08 2
340.08 340.23 0
340.23 340.71 1
340.71 340.77 3
340.77 343.43 2
343.43 343.69 3
343.69 343.82 1
343.82 344.28 0
344.28 346.28 2
346.28 346.34 3
346.34 346.62 1
346.62 346.88 0
346.88 347.24 2
347.24 347.59 0
347.59 354.08 2
354.08 354.09 0
354.09 354.35 1
354.35 354.45 3
354.45 355.35 2
355.35 355.70 3
355.70 357.80 1
357.80 358.10 0
358.10 358.43 1
358.43 358.57 0
358.57 361.01 2
361.01 361.47 0
361.47 364.31 2
364.31 364.38 0
364.38 364.75 1
364.75 364.91 0
364.91 367.20 2
367.20 367.29 0
367.29 367.65 1
367.65 368.12 0
368.12 373.26 2
373.26 373.41 3
373.41 373.95 2
373.95 374.29 0
374.29 374.53 1
374.53 374.55 3
374.55 379.85 2
379.85 380.54 0
380.54 381.36 2
381.36 382.34 0
382.34 386.75 2
386.75 387.10 3
387.10 387.21 1
387.21 387.66 3
387.66 388.36 2
388.36 388.90 0
388.90 391.01 2
391.01 391.16 0
391.16 391.47 1
391.47 391.75 0
391.75 396.69 2
396.69 396.94 3
396.94 397.26 2
397.26 397.40 0
397.40 399.02 2
399.02 399.72 0
399.72 403.47 2
403.47 403.50 0
403.50 403.92 1
403.92 403.99 3
403.99 406.14 2
406.14 406.16 0
406.16 406.52 1
406.52 406.88 0
406.88 410.54 2
410.54 410.89 3
410.89 411.11 1
411.11 411.41 0
411.41 414.28 2
414.28 414.60 3
414.60 415.17 1
415.17 415.22 3
415.22 418.00 2
418.00 418.35 0
418.35 423.41 2
423.41 423.75 0
423.75 426.84 2
426.84 427.26 3
427.26 429.95 2
429.95 430.09 3
430.09 431.68 2
431.68 431.75 0
431.75 432.15 1
432.15 432.42 0
432.42 436.10 2
436.10 436.66 0
436.66 439.02 2
439.02 439.12 0
439.12 439.42 1
439.42 439.79 0
439.79 443.07 2
443.07 443.15 0
443.15 443.45 1
443.45 443.57 0
443.57 444.47 2
444.47 444.73 0
444.73 444.95 2
444.95 446.29 3
446.29 448.17 1
448.17 448.23 3
448.23 450.98 2
450.98 451.00 3
451.00 451.10 1
451.10 451.20 3
451.20 452.34 2
452.34 452.71 0
452.71 456.54 2
456.54 456.99 0
456.99 458.30 2
458.30 458.66 3
458.66 459.74 2
459.74 460.07 0
460.07 467.07 2
467.07 467.78 0
467.78 468.13 2
468.13 468.35 0
468.35 468.71 1
468.71 468.79 3
468.79 469.18 2
469.18 470.03 0
470.03 470.66 2
470.66 471.23 0
471.23 475.13 2
475.13 475.23 3
475.23 475.46 1
475.46 475.88 0
475.88 479.97 2
479.97 480.34 0
480.34 480.80 2
480.80 481.09 0
481.09 482.66 2
482.66 482.72 0
482.72 483.00 1
483.00 483.04 3
483.04 484.12 2
484.12 484.14 0
484.14 484.90 1
484.90 485.16 0
485.16 490.12 2
490.12 490.16 0
490.16 490.46 1
490.46 490.82 0
490.82 493.67 2
493.67 495.08 0
495.08 499.04 2
499.04 499.17 3
499.17 500.68 2
500.68 501.36 0
501.36 507.29 2
507.29 507.62 0
507.62 510.96 2
510.96 510.99 0
510.99 511.32 1
511.32 511.54 0
511.54 512.75 2
512.75 513.18 0
513.18 513.63 2
513.63 514.17 0
514.17 514.80 2
514.80 515.23 0
515.23 521.01 2
521.01 521.36 3
521.36 521.87 1
521.87 522.01 3
522.01 524.60 2
524.60 524.66 0
524.66 525.18 1
525.18 525.40 0
525.40 530.38 2
530.38 530.62 0
530.62 530.85 1
530.85 530.99 3
530.99 537.29 2
537.29 537.30 3
537.30 538.33 1
538.33 538.42 3
538.42 540.50 2
540.50 540.90 3
540.90 542.94 2
542.94 543.10 0
543.10 545.11 2
545.11 545.24 0
545.24 545.65 1
545.65 546.23 0
546.23 546.83 2
546.83 547.60 0
547.60 547.68 2
547.68 547.79 0
547.79 552.09 2
552.09 552.60 0
552.60 556.02 2
556.02 556.29 0
556.29 560.15 2
560.15 560.17 3
560.17 560.25 1
560.25 560.54 3
560.54 560.75 2
560.75 560.84 0
560.84 562.07 2
562.07 562.35 0
562.35 565.32 2
565.32 566.23 0
566.23 566.93 2
566.93 567.12 0
567.12 569.89 2
569.89 570.19 0
570.19 571.22 2
571.22 571.38 3
571.38 573.23 2
573.23 573.29 0
573.29 573.94 1
573.94 574.41 0
574.41 581.47 2
581.47 582.14 0
582.14 584.09 2
584.09 584.28 3
584.28 584.75 1
584.75 584.94 0
584.94 585.84 2
585.84 586.26 0
586.26 591.17 2
591.17 591.24 3
591.24 592.25 1
592.25 592.33 3
592.33 592.94 2
592.94 593.53 3
593.53 594.35 1
594.35 594.54 3
594.54 594.98 2
594.98 595.21 0
595.21 596.26 1
596.26 596.32 0
596.32 599.43 2
599.43 599.62 3
599.62 599.91 2
