0.00 1.35 2
1.35 2.21 0
2.21 2.46 2
2.46 2.65 0
2.65 3.19 2
3.19 3.34 3
3.34 5.09 2
5.09 5.39 0
5.39 5.63 2
5.63 6.17 0
6.17 7.10 2
7.10 7.23 0
7.23 8.21 1
8.21 8.24 3
8.24 8.56 2
8.56 9.11 3
9.11 10.49 2
10.49 10.55 0
10.55 10.91 1
10.91 10.94 0
10.94 11.04 2
11.04 11.16 3
11.16 11.26 1
11.26 11.47 3
11.47 12.73 2
12.73 12.88 0
12.88 13.66 2
13.66 13.86 0
13.86 15.76 2
15.76 15.85 0
15.85 17.99 2
17.99 18.16 0
18.16 18.76 2
18.76 19.06 0
19.06 19.69 2
19.69 19.87 0
19.87 19.89 2
19.89 20.05 3
20.05 20.36 2
20.36 20.58 3
20.58 20.66 1
20.66 20.92 0
20.92 21.40 2
21.40 21.59 0
21.59 22.30 2
22.30 23.03 0
23.03 24.03 2
24.03 24.15 0
24.15 25.74 2
25.74 25.99 0
25.99 26.00 2
26.00 26.63 3
26.63 26.84 2
26.84 28.34 3
28.34 28.65 2
28.65 30.08 0
30.08 30.77 2
30.77 31.16 0
31.16 31.52 2
31.52 31.61 0
31.61 34.53 2
34.53 34.75 3
34.75 34.92 1
34.92 35.12 0
35.12 35.57 1
35.57 35.78 0
35.78 36.15 2
36.15 36.18 0
36.18 36.30 1
36.30 36.45 3
36.45 36.84 1
36.84 37.75 3
37.75 38.41 2
38.41 38.92 0
38.92 41.92 2
41.92 42.30 0
42.30 43.25 2
43.25 44.02 0
44.02 44.74 1
44.74 44.89 3
44.89 46.01 2
46.01 46.12 0
46.12 47.62 2
47.62 48.55 0
48.55 48.66 1
48.66 48.71 3
48.71 49.21 2
49.21 49.91 3
49.91 50.21 2
50.21 50.68 3
50.68 51.52 2
51.52 51.57 0
51.57 53.71 1
53.71 54.05 3
54.05 54.18 0
54.18 54.71 2
54.71 54.90 0
54.90 54.92 2
54.92 55.20 3
55.20 56.00 2
56.00 56.15 3
56.15 56.25 2
56.25 56.42 3
56.42 58.05 1
58.05 58.72 0
58.72 60.97 1
60.97 61.06 3
61.06 61.13 2
61.13 61.41 3
61.41 61.45 2
61.45 61.57 0
61.57 62.02 1
62.02 62.21 0
62.21 65.87 1
65.87 66.05 0
66.05 66.12 2
66.12 66.40 3
66.40 66.52 2
66.52 66.76 1
66.76 67.07 3
67.07 67.26 1
67.26 67.30 3
67.30 69.14 2
69.14 69.47 0
69.47 71.32 1
71.32 71.46 3
71.46 71.57 2
71.57 71.63 3
71.63 72.20 1
72.20 72.43 3
72.43 72.79 1
72.79 72.84 3
72.84 73.24 2
73.24 73.26 3
73.26 75.31 1
75.31 75.71 0
75.71 80.72 1
80.72 80.92 0
80.92 84.14 1
84.14 85.05 0
85.05 87.27 1
87.27 87.58 0
87.58 88.31 1
88.31 88.60 0
88.60 89.14 1
89.14 89.52 0
89.52 91.51 1
91.51 91.65 0
91.65 92.64 1
92.64 92.91 3
92.91 94.32 2
94.32 94.67 0
94.67 98.74 1
98.74 98.96 0
98.96 99.36 1
99.36 99.37 3
99.37 99.53 2
99.53 99.68 3
99.68 103.14 1
103.14 103.34 0
103.34 103.43 1
103.43 103.76 3
103.76 104.15 1
104.15 104.70 3
104.70 104.71 2
104.71 104.92 0
104.92 105.30 2
105.30 105.57 0
105.57 105.68 2
105.68 106.23 3
106.23 107.78 1
107.78 108.10 0
108.10 108.55 2
108.55 108.71 0
108.71 109.77 2
109.77 110.38 3
110.38 112.00 1
112.00 112.47 3
112.47 113.02 1
113.02 113.19 0
113.19 113.26 2
113.26 113.45 3
113.45 113.60 2
113.60 113.74 0
113.74 114.84 2
114.84 114.92 0
114.92 115.56 2
115.56 115.67 0
115.67 116.55 2
116.55 116.66 0
116.66 119.59 2
119.59 119.70 3
119.70 120.14 1
120.14 120.72 3
120.72 121.42 2
121.42 121.75 0
121.75 121.77 1
121.77 122.24 3
122.24 123.34 2
123.34 123.54 0
123.54 125.02 2
125.02 125.12 0
125.12 128.90 2
128.90 129.59 3
129.59 129.96 1
129.96 130.47 3
130.47 130.80 2
130.80 130.95 3
130.95 131.01 1
131.01 131.24 0
131.24 135.27 2
135.27 135.60 0
135.60 136.18 1
136.18 136.69 0
136.69 140.15 2
140.15 140.44 3
140.44 141.56 1
141.56 141.62 0
141.62 142.23 2
142.23 142.55 3
142.55 143.63 1
143.63 143.77 0
143.77 143.84 1
143.84 144.19 3
144.19 144.26 1
144.26 144.69 0
144.69 145.81 1
145.81 146.15 0
146.15 147.58 2
147.58 147.75 0
147.75 149.55 2
149.55 150.05 3
150.05 150.06 2
150.06 150.38 0
150.38 150.73 1
150.73 150.88 0
150.88 151.39 1
151.39 151.41 3
151.41 152.00 2
152.00 152.77 0
152.77 155.40 1
155.40 157.54 3
157.54 157.63 2
157.63 157.94 3
157.94 159.46 1
159.46 159.78 3
159.78 161.76 2
161.76 161.93 0
161.93 163.23 1
163.23 163.56 3
163.56 163.95 1
163.95 164.23 3
164.23 164.34 1
164.34 164.37 3
164.37 164.99 2
164.99 165.96 0
165.96 166.22 1
166.22 166.40 0
166.40 166.95 1
166.95 167.90 0
167.90 168.45 1
168.45 168.55 0
168.55 169.46 1
169.46 169.86 0
169.86 170.51 2
170.51 171.02 0
171.02 171.76 1
171.76 171.83 3
171.83 172.16 2
172.16 172.34 3
172.34 172.93 2
172.93 173.08 3
173.08 173.44 1
173.44 173.83 3
173.83 175.26 1
175.26 175.68 3
175.68 181.80 1
181.80 182.06 0
182.06 182.36 2
182.36 182.38 3
182.38 184.30 1
184.30 185.10 3
185.10 185.20 2
185.20 185.33 0
185.33 185.47 2
185.47 185.93 3
185.93 186.83 1
186.83 187.12 0
187.12 187.91 1
187.91 188.05 0
188.05 188.11 2
188.11 188.32 3
188.32 190.07 1
190.07 190.29 0
190.29 190.56 2
190.56 191.26 0
191.26 191.37 1
191.37 191.81 3
191.81 193.37 2
193.37 193.40 0
193.40 196.81 1
196.81 197.12 3
197.12 197.21 2
197.21 197.28 0
197.28 197.82 1
197.82 198.20 0
198.20 203.39 1
203.39 203.47 0
203.47 203.86 1
203.86 204.00 0
204.00 205.99 1
205.99 206.24 0
206.24 207.22 1
207.22 207.35 3
207.35 208.01 2
208.01 208.19 0
208.19 208.75 2
208.75 208.80 0
208.80 209.71 1
209.71 209.89 0
209.89 210.22 1
210.22 210.88 0
210.88 210.94 1
210.94 212.16 3
212.16 213.12 2
213.12 213.43 0
213.43 215.36 1
215.36 215.52 3
215.52 215.61 2
215.61 215.84 3
215.84 217.41 1
217.41 218.50 0
218.50 219.59 1
219.59 219.80 0
219.80 220.02 1
220.02 220.30 3
220.30 224.14 1
224.14 224.35 3
224.35 226.85 1
226.85 226.94 0
226.94 228.79 1
228.79 229.37 0
229.37 229.97 1
229.97 230.10 0
230.10 230.55 1
230.55 231.31 3
231.31 232.85 1
232.85 232.93 0
232.93 234.45 1
234.45 234.54 0
234.54 234.59 2
234.59 235.18 3
235.18 235.38 2
235.38 235.79 3
235.79 236.01 2
236.01 236.16 0
236.16 236.78 2
236.78 237.02 0
237.02 237.33 1
237.33 237.52 3
237.52 237.99 2
237.99 238.52 0
238.52 239.29 2
239.29 240.01 0
240.01 240.63 1
240.63 241.76 0
241.76 242.25 2
242.25 243.00 0
243.00 243.58 2
243.58 244.22 0
244.22 245.14 1
245.14 245.85 0
245.85 246.44 1
246.44 246.57 3
246.57 246.96 2
246.96 247.23 0
247.23 247.78 1
247.78 248.29 3
248.29 251.02 1
251.02 251.43 0
251.43 252.61 1
252.61 253.05 0
253.05 253.64 1
253.64 253.81 0
253.81 254.31 2
254.31 254.36 0
254.36 256.86 1
256.86 257.05 0
257.05 257.38 1
257.38 257.68 3
257.68 257.88 2
257.88 257.91 3
257.91 259.14 1
259.14 259.55 0
259.55 261.81 1
261.81 262.41 0
262.41 262.69 2
262.69 262.90 1
262.90 263.43 3
263.43 263.49 2
263.49 263.58 0
263.58 264.22 1
264.22 264.32 0
264.32 264.58 1
264.58 265.47 0
265.47 266.21 1
266.21 267.20 0
267.20 267.33 1
267.33 267.54 0
267.54 267.80 2
267.80 268.46 3
268.46 268.48 2
268.48 268.62 0
268.62 270.38 1
270.38 270.57 0
270.57 271.79 1
271.79 272.00 0
272.00 276.18 1
276.18 276.31 0
276.31 277.06 1
277.06 277.26 0
277.26 281.87 1
281.87 281.97 0
281.97 284.64 1
284.64 284.70 0
284.70 285.35 2
285.35 285.44 3
285.44 287.34 1
287.34 287.59 0
287.59 287.93 1
287.93 288.09 0
288.09 291.10 1
291.10 291.20 3
291.20 292.08 2
292.08 292.22 3
292.22 294.07 1
294.07 294.36 0
294.36 295.60 1
295.60 296.40 0
296.40 298.15 1
298.15 298.32 0
298.32 298.54 1
298.54 298.81 3
298.81 298.95 1
298.95 299.80 0
299.80 301.82 1
301.82 302.53 0
302.53 305.03 1
305.03 305.21 3
305.21 305.29 2
305.29 305.33 0
305.33 305.40 1
305.40 305.55 3
305.55 305.84 1
305.84 306.48 0
306.48 308.85 1
308.85 309.49 3
309.49 309.98 1
309.98 310.21 3
310.21 310.51 2
310.51 310.91 0
310.91 312.74 1
312.74 312.83 0
312.83 315.11 1
315.11 315.19 0
315.19 315.61 1
315.61 315.91 0
315.91 317.75 1
317.75 317.99 0
317.99 318.10 2
318.10 318.52 3
318.52 321.35 1
321.35 321.36 3
321.36 322.91 2
322.91 323.13 0
323.13 326.04 1
326.04 326.06 0
326.06 327.20 1
327.20 327.99 0
327.99 331.80 1
331.80 332.14 0
332.14 337.27 1
337.27 337.35 0
337.35 337.60 1
337.60 337.86 3
337.86 339.01 1
339.01 339.71 3
339.71 341.08 2
341.08 341.31 0
341.31 342.24 1
342.24 342.31 3
342.31 342.53 2
342.53 343.16 3
343.16 344.29 1
344.29 344.81 0
344.81 345.32 2
345.32 345.78 0
345.78 346.19 1
346.19 347.02 0
347.02 348.93 1
348.93 349.06 0
349.06 350.66 1
350.66 350.85 0
350.85 352.13 1
352.13 352.34 0
352.34 355.74 1
355.74 356.11 3
356.11 356.20 1
356.20 356.36 3
356.36 356.59 2
356.59 357.02 3
357.02 357.27 2
357.27 357.47 3
357.47 358.88 2
358.88 359.36 0
359.36 359.71 1
359.71 360.63 0
360.63 361.21 1
361.21 361.54 0
361.54 363.64 1
363.64 364.01 0
364.01 364.23 1
364.23 364.80 3
364.80 366.20 1
366.20 366.71 0
366.71 367.38 1
367.38 368.14 0
368.14 368.47 2
368.47 368.81 3
368.81 369.65 1
369.65 371.11 0
371.11 371.18 1
371.18 371.24 0
371.24 373.03 2
373.03 373.13 3
373.13 373.94 1
373.94 374.02 0
374.02 374.54 2
374.54 374.86 3
374.86 377.10 2
377.10 377.50 0
377.50 378.63 1
378.63 379.82 0
379.82 380.63 1
380.63 381.21 0
381.21 381.41 1
381.41 381.44 0
381.44 382.57 2
382.57 382.63 3
382.63 382.90 2
382.90 383.58 3
383.58 384.55 1
384.55 384.74 3
384.74 385.44 2
385.44 385.73 3
385.73 386.89 2
386.89 386.90 3
386.90 387.02 1
387.02 387.77 3
387.77 388.32 2
388.32 388.33 0
388.33 388.48 1
388.48 388.63 3
388.63 388.73 2
388.73 388.79 3
388.79 388.88 1
388.88 389.01 3
389.01 389.26 2
389.26 390.50 0
390.50 391.43 1
391.43 392.35 0
392.35 392.65 1
392.65 392.82 3
392.82 392.97 1
392.97 392.99 0
392.99 393.38 2
393.38 393.41 3
393.41 395.22 1
395.22 395.63 3
395.63 397.38 2
397.38 397.47 3
397.47 397.99 1
397.99 398.13 3
398.13 400.13 2
400.13 400.19 3
400.19 401.55 1
401.55 401.83 0
401.83 401.89 1
401.89 402.20 3
402.20 402.24 1
402.24 402.38 0
402.38 404.02 1
404.02 404.15 0
404.15 404.98 2
404.98 405.05 0
405.05 405.43 2
405.43 405.54 0
405.54 405.79 3
405.79 406.11 2
406.11 406.20 3
406.20 408.09 1
408.09 408.33 0
408.33 408.36 1
408.36 409.35 3
409.35 409.46 2
409.46 409.76 3
409.76 410.16 2
410.16 410.31 0
410.31 410.59 2
410.59 410.65 0
410.65 411.58 2
411.58 412.97 0
412.97 414.66 2
414.66 415.52 0
415.52 416.19 2
416.19 416.29 0
416.29 417.46 2
417.46 417.73 3
417.73 418.05 1
418.05 418.48 3
418.48 419.19 2
419.19 419.25 0
419.25 420.11 2
420.11 420.40 0
420.40 421.28 2
421.28 422.34 0
422.34 425.84 2
425.84 425.87 0
425.87 426.60 2
426.60 427.16 3
427.16 429.06 2
429.06 429.10 0
429.10 430.44 2
430.44 430.55 3
430.55 430.75 1
430.75 430.79 3
430.79 431.63 2
431.63 433.33 0
433.33 433.39 2
433.39 433.50 0
433.50 434.89 2
434.89 434.97 0
434.97 435.95 2
435.95 436.23 0
436.23 436.61 2
436.61 436.73 0
436.73 439.26 2
439.26 439.49 0
439.49 440.56 2
440.56 441.08 3
441.08 441.73 2
441.73 442.21 3
442.21 442.80 2
442.80 442.86 0
442.86 442.88 2
442.88 443.06 3
443.06 444.81 2
444.81 445.54 0
445.54 447.91 2
447.91 448.41 0
448.41 448.50 1
448.50 448.77 3
448.77 449.03 2
449.03 449.12 0
449.12 450.22 2
450.22 450.28 0
450.28 450.90 2
450.90 451.25 0
451.25 453.37 2
453.37 453.53 3
453.53 454.22 1
454.22 454.29 0
454.29 455.66 2
455.66 455.94 0
455.94 456.92 2
456.92 457.02 3
457.02 457.13 2
457.13 457.25 0
457.25 458.68 1
458.68 458.72 3
458.72 462.24 2
462.24 462.45 0
462.45 463.54 2
463.54 464.21 0
464.21 465.74 2
465.74 465.92 0
465.92 467.19 2
467.19 467.39 3
467.39 467.52 1
467.52 468.39 3
468.39 468.61 2
468.61 468.76 0
468.76 470.56 2
470.56 470.64 0
470.64 471.00 1
471.00 471.55 3
471.55 474.17 2
474.17 474.28 0
474.28 475.62 2
475.62 475.88 0
475.88 476.64 2
476.64 476.80 0
476.80 476.95 1
476.95 477.64 3
477.64 478.48 2
478.48 478.68 0
478.68 480.83 2
480.83 481.21 0
481.21 481.83 1
481.83 481.97 3
481.97 482.32 2
482.32 482.79 3
482.79 484.52 1
484.52 484.61 3
484.61 485.05 2
485.05 485.10 3
485.10 485.59 1
485.59 485.82 0
485.82 486.28 2
486.28 486.47 0
486.47 487.42 2
487.42 487.63 3
487.63 487.80 2
487.80 487.89 0
487.89 491.41 2
491.41 491.76 0
491.76 493.90 2
493.90 493.92 0
493.92 494.52 1
494.52 494.61 3
494.61 495.95 2
495.95 496.15 0
496.15 497.13 2
497.13 497.15 0
497.15 497.89 1
497.89 497.96 3
497.96 498.22 2
498.22 498.76 0
498.76 499.01 2
499.01 499.79 0
499.79 499.90 2
499.90 500.02 0
500.02 500.26 2
500.26 500.56 0
500.56 503.45 2
503.45 503.78 3
503.78 503.86 1
503.86 503.99 3
503.99 506.18 2
506.18 506.24 0
506.24 506.52 1
506.52 506.86 3
506.86 506.96 1
506.96 507.24 3
507.24 507.82 2
507.82 508.14 0
508.14 509.07 2
509.07 509.14 0
509.14 512.28 2
512.28 512.68 3
512.68 513.77 2
513.77 513.79 0
513.79 514.00 1
514.00 514.16 3
514.16 514.21 2
514.21 514.54 0
514.54 515.12 2
515.12 515.22 0
515.22 515.62 2
515.62 516.10 0
516.10 517.72 2
517.72 517.79 0
517.79 519.59 2
519.59 519.71 0
519.71 523.37 2
523.37 524.20 0
524.20 526.25 2
526.25 526.32 0
526.32 526.83 2
526.83 528.11 0
528.11 529.21 1
529.21 529.27 0
529.27 532.73 2
532.73 532.83 0
532.83 533.28 2
533.28 533.73 3
533.73 534.58 2
534.58 534.98 3
534.98 536.35 2
536.35 536.76 3
536.76 536.82 1
536.82 536.92 3
536.92 539.23 2
539.23 539.28 0
539.28 541.45 2
541.45 541.55 0
541.55 544.73 2
544.73 544.85 0
544.85 545.64 2
545.64 546.46 0
546.46 547.45 2
547.45 548.07 0
548.07 554.65 2
554.65 554.77 0
554.77 555.06 2
555.06 555.13 0
555.13 555.64 2
555.64 555.66 0
555.66 555.84 1
555.84 555.99 3
555.99 556.13 2
556.13 556.58 0
556.58 557.64 2
557.64 557.88 0
557.88 561.36 2
561.36 561.60 0
561.60 561.83 1
561.83 562.01 3
562.01 562.25 2
562.25 562.78 0
562.78 564.74 2
564.74 565.37 3
565.37 566.01 1
566.01 568.02 3
568.02 568.29 1
568.29 568.73 3
568.73 571.58 2
571.58 572.00 3
572.00 572.75 2
572.75 573.27 3
573.27 574.02 2
574.02 574.11 0
574.11 574.24 1
574.24 574.75 3
574.75 575.06 1
575.06 575.84 3
575.84 580.12 2
580.12 580.22 3
580.22 581.22 1
581.22 581.26 3
581.26 582.33 2
582.33 582.41 0
582.41 585.56 2
585.56 585.92 3
585.92 586.86 2
586.86 587.02 0
587.02 587.09 2
587.09 587.39 3
587.39 587.52 2
587.52 587.61 1
587.61 587.85 3
587.85 590.28 2
590.28 590.39 0
590.39 591.47 2
591.47 592.03 0
592.03 592.24 2
592.24 592.37 3
592.37 592.61 2
592.61 593.52 0
593.52 594.24 2
594.24 594.72 0
594.72 594.77 1
594.77 595.21 3
595.21 596.66 2
596.66 597.49 3
597.49 599.70 2
