0.00 0.03 2
0.03 1.34 3
1.34 1.35 1
1.35 2.52 0
2.52 3.86 1
3.86 4.72 0
4.72 5.05 2
5.05 5.39 3
5.39 10.17 1
10.17 10.66 3
10.66 12.81 2
12.81 12.93 3
12.93 13.80 1
13.80 14.36 3
14.36 14.57 2
14.57 14.93 0
14.93 18.29 1
18.29 18.50 3
18.50 18.91 2
18.91 19.36 3
19.36 19.97 1
19.97 20.47 0
20.47 23.78 2
23.78 24.39 3
24.39 26.08 1
26.08 26.18 0
26.18 33.50 2
33.50 33.78 0
33.78 34.49 1
34.49 34.58 3
34.58 35.19 2
35.19 35.67 3
35.67 37.46 1
37.46 37.84 0
37.84 38.22 2
38.22 38.62 0
38.62 38.86 1
38.86 38.94 3
38.94 40.39 2
40.39 40.91 0
40.91 40.93 1
40.93 41.26 3
41.26 48.38 2
48.38 48.47 0
48.47 48.65 1
48.65 48.94 0
48.94 57.59 2
57.59 57.78 0
57.78 57.93 2
57.93 58.16 3
58.16 60.69 2
60.69 61.13 0
61.13 63.39 2
63.39 63.65 0
63.65 66.10 1
66.10 66.20 3
66.20 67.10 2
67.10 67.19 3
67.19 67.84 1
67.84 67.94 3
67.94 69.52 2
69.52 69.91 3
69.91 70.32 1
70.32 70.72 0
70.72 75.09 2
75.09 75.51 0
75.51 75.85 1
75.85 75.94 3
75.94 82.60 2
82.60 82.71 0
82.71 83.35 1
83.35 86.28 3
86.28 88.03 2
88.03 88.76 0
88.76 89.03 1
89.03 89.76 3
89.76 94.35 2
94.35 95.37 3
95.37 96.05 1
96.05 96.10 0
96.10 102.37 2
102.37 105.70 0
105.70 105.71 1
105.71 106.91 3
106.91 110.72 2
110.72 111.16 0
111.16 114.21 2
114.21 114.62 0
114.62 115.72 1
115.72 118.05 3
118.05 118.60 1
118.60 118.97 0
118.97 121.73 1
121.73 122.55 0
122.55 122.59 1
122.59 123.63 3
123.63 126.38 1
126.38 126.50 3
126.50 126.64 2
126.64 126.73 3
126.73 128.00 1
128.00 128.63 0
128.63 129.08 3
129.08 132.13 1
132.13 132.87 0
132.87 137.47 1
137.47 137.78 0
137.78 139.79 1
139.79 140.62 0
140.62 140.72 1
140.72 141.38 3
141.38 143.84 1
143.84 143.97 3
143.97 144.21 2
144.21 145.06 3
145.06 146.47 1
146.47 146.93 0
146.93 147.37 3
147.37 150.88 1
150.88 151.33 3
151.33 152.60 1
152.60 153.11 0
153.11 154.97 1
154.97 155.14 3
155.14 155.53 2
155.53 155.83 0
155.83 156.23 1
156.23 156.36 3
156.36 158.97 2
158.97 159.23 0
159.23 159.56 1
159.56 160.00 0
160.00 161.42 2
161.42 161.45 0
161.45 161.84 1
161.84 162.27 0
162.27 162.54 2
162.54 162.98 3
162.98 168.47 1
168.47 169.18 0
169.18 169.93 2
169.93 169.99 0
169.99 170.12 1
170.12 170.24 3
170.24 172.25 2
172.25 172.56 0
172.56 172.59 1
172.59 172.69 3
172.69 175.25 2
175.25 176.02 3
176.02 176.60 1
176.60 176.94 3
176.94 177.80 1
177.80 178.36 0
178.36 178.68 1
178.68 179.10 3
179.10 179.69 1
179.69 180.18 0
180.18 181.36 1
181.36 181.96 0
181.96 182.49 2
182.49 182.58 0
182.58 183.02 1
183.02 184.57 0
184.57 185.38 2
185.38 185.53 3
185.53 186.91 1
186.91 187.38 0
187.38 191.08 2
191.08 191.25 0
191.25 191.34 1
191.34 191.97 3
191.97 192.88 2
192.88 193.04 0
193.04 193.45 1
193.45 193.46 0
193.46 195.37 2
195.37 195.60 0
195.60 197.17 2
197.17 197.53 3
197.53 199.81 2
199.81 200.87 0
200.87 200.93 2
200.93 201.54 3
201.54 203.41 1
203.41 203.97 3
203.97 207.04 2
207.04 207.27 0
207.27 207.60 1
207.60 207.72 3
207.72 208.87 2
208.87 209.01 0
209.01 210.16 1
210.16 210.71 0
210.71 213.65 2
213.65 214.13 0
214.13 214.28 1
214.28 214.48 3
214.48 219.98 2
219.98 220.21 3
220.21 220.22 1
220.22 220.44 0
220.44 222.83 2
222.83 223.18 0
223.18 223.62 1
223.62 224.48 0
224.48 230.29 2
230.29 230.42 0
230.42 230.65 1
230.65 230.72 0
230.72 231.74 2
231.74 232.12 0
232.12 238.66 1
238.66 238.72 3
238.72 238.92 2
238.92 239.01 3
239.01 241.31 1
241.31 241.67 0
241.67 241.97 1
241.97 242.17 3
242.17 244.18 1
244.18 244.73 0
244.73 248.81 1
248.81 249.16 0
249.16 249.50 1
249.50 249.86 3
249.86 250.52 1
250.52 251.01 0
251.01 251.22 2
251.22 251.33 3
251.33 254.40 1
254.40 254.62 0
254.62 255.03 2
255.03 255.71 3
255.71 260.05 1
260.05 260.79 0
260.79 262.69 1
262.69 263.58 0
263.58 263.60 2
263.60 263.98 3
263.98 265.56 1
265.56 265.96 0
265.96 266.54 2
266.54 271.06 1
271.06 271.16 0
271.16 273.13 1
273.13 273.92 0
273.92 273.93 2
273.93 274.25 3
274.25 275.54 1
275.54 275.72 0
275.72 276.57 2
276.57 276.65 3
276.65 281.20 1
281.20 281.32 3
281.32 281.88 2
281.88 283.58 3
283.58 284.02 1
284.02 284.19 0
284.19 284.71 2
284.71 286.25 3
286.25 286.63 1
286.63 287.13 0
287.13 292.84 2
292.84 293.57 3
293.57 294.09 1
294.09 294.63 0
294.63 296.22 2
296.22 296.33 0
296.33 296.53 1
296.53 296.68 3
296.68 300.61 2
300.61 300.71 0
300.71 300.88 1
300.88 301.12 0
301.12 305.70 2
305.70 305.72 0
305.72 305.79 1
305.79 305.88 3
305.88 311.72 2
311.72 311.85 0
311.85 312.15 1
312.15 312.57 0
312.57 314.20 2
314.20 314.43 0
314.43 316.25 1
316.25 316.75 3
316.75 317.20 1
317.20 318.04 0
318.04 319.47 2
319.47 319.56 0
319.56 319.87 1
319.87 319.97 3
319.97 326.77 2
326.77 326.97 0
326.97 327.61 1
327.61 328.05 0
328.05 332.87 2
332.87 333.21 0
333.21 333.82 1
333.82 335.16 3
335.16 337.63 2
337.63 337.78 3
337.78 338.03 1
338.03 338.44 0
338.44 341.99 2
341.99 342.23 3
342.23 343.03 1
343.03 343.58 0
343.58 344.54 2
344.54 344.87 0
344.87 345.91 1
345.91 346.12 0
346.12 346.28 2
346.28 346.56 3
346.56 350.72 1
350.72 350.91 0
350.91 353.55 1
353.55 353.91 3
353.91 355.13 1
355.13 355.50 0
355.50 355.93 1
355.93 356.48 0
356.48 356.59 1
356.59 357.12 3
357.12 359.12 1
359.12 359.59 0
359.59 359.67 1
359.67 360.17 3
360.17 363.13 1
363.13 363.96 0
363.96 364.94 2
364.94 365.25 3
365.25 366.90 2
366.90 367.62 0
367.62 367.82 1
367.82 367.97 3
367.97 370.42 2
370.42 370.59 0
370.59 371.20 1
371.20 371.31 3
371.31 376.38 2
376.38 376.61 0
376.61 376.87 1
376.87 376.91 3
376.91 379.20 2
379.20 380.38 3
380.38 383.69 1
383.69 384.53 0
384.53 387.10 2
387.10 387.17 0
387.17 387.49 1
387.49 388.37 0
388.37 395.97 2
395.97 396.03 0
396.03 396.18 1
396.18 396.25 3
396.25 398.48 2
398.48 398.83 0
398.83 400.47 1
400.47 401.04 0
401.04 407.28 2
407.28 407.90 0
407.90 409.16 2
409.16 409.40 0
409.40 409.62 1
409.62 409.84 0
409.84 412.13 2
412.13 412.31 3
412.31 413.28 1
413.28 413.38 3
413.38 415.15 2
415.15 415.37 0
415.37 416.37 1
416.37 416.66 0
416.66 419.12 2
419.12 419.33 0
419.33 419.82 1
419.82 419.84 3
419.84 427.24 2
427.24 427.71 0
427.71 429.21 2
429.21 429.53 3
429.53 430.28 1
430.28 430.80 0
430.80 432.32 2
432.32 432.37 3
432.37 432.88 1
432.88 432.95 3
432.95 434.95 2
434.95 435.23 0
435.23 435.65 1
435.65 435.75 3
435.75 441.86 2
441.86 441.90 0
441.90 442.23 1
442.23 442.43 0
442.43 444.97 2
444.97 445.11 0
445.11 451.44 2
451.44 451.88 0
451.88 452.65 1
452.65 452.89 0
452.89 456.66 2
456.66 457.17 0
457.17 458.07 2
458.07 458.39 0
458.39 465.55 1
465.55 466.69 0
466.69 466.75 1
466.75 467.48 3
467.48 468.03 1
468.03 468.72 0
468.72 468.86 1
468.86 469.41 3
469.41 473.27 1
473.27 473.55 0
473.55 479.12 2
479.12 479.19 3
479.19 479.41 1
479.41 479.88 0
479.88 483.67 2
483.67 483.78 0
483.78 486.92 2
486.92 487.14 0
487.14 492.38 2
492.38 493.46 0
493.46 499.72 2
499.72 499.75 3
499.75 499.95 1
499.95 500.51 0
500.51 500.70 2
500.70 501.26 3
501.26 504.18 1
504.18 504.93 0
504.93 509.08 1
509.08 509.33 0
509.33 509.73 2
509.73 509.97 3
509.97 513.80 1
513.80 513.99 3
513.99 514.19 2
514.19 514.36 0
514.36 517.14 1
517.14 517.86 0
517.86 522.40 1
522.40 522.64 3
522.64 522.83 2
522.83 522.90 3
522.90 523.98 1
523.98 524.08 0
524.08 524.29 2
524.29 524.61 3
524.61 526.44 1
526.44 526.84 0
526.84 526.92 2
526.92 527.56 3
527.56 530.02 1
530.02 530.75 0
530.75 534.41 1
534.41 534.67 0
534.67 536.97 2
536.97 537.24 3
537.24 537.39 1
537.39 537.76 0
537.76 538.54 2
538.54 539.66 3
539.66 540.41 1
540.41 540.74 0
540.74 541.41 2
541.41 542.35 3
542.35 543.34 1
543.34 543.43 3
543.43 545.02 2
545.02 545.36 3
545.36 545.69 2
545.69 546.64 0
546.64 547.98 2
547.98 548.08 0
548.08 548.58 1
548.58 549.21 0
549.21 552.66 2
552.66 553.16 3
553.16 553.74 1
553.74 554.00 0
554.00 554.41 2
554.41 555.21 3
555.21 556.93 1
556.93 557.08 3
557.08 561.34 2
561.34 561.79 0
561.79 563.92 1
563.92 565.21 3
565.21 567.22 2
567.22 568.01 3
568.01 568.16 1
568.16 568.42 3
568.42 570.82 2
570.82 570.98 0
570.98 571.25 2
571.25 571.58 3
571.58 574.73 2
574.73 575.03 3
575.03 575.90 1
575.90 576.35 0
576.35 581.23 2
581.23 582.01 0
582.01 583.50 1
583.50 584.24 0
584.24 584.95 2
584.95 585.08 3
585.08 585.83 1
585.83 585.99 3
585.99 587.20 2
587.20 588.38 0
588.38 590.09 2
590.09 590.53 3
590.53 591.78 1
591.78 591.91 0
591.91 593.16 2
593.16 593.17 0
593.17 594.50 1
594.50 595.01 0
595.01 602.09 2
602.09 602.32 0
602.32 603.26 2
603.26 603.50 0
603.50 605.98 1
605.98 605.99 3
605.99 606.92 2
