0.00 1.71 2
1.71 1.76 0
1.76 2.36 1
2.36 2.69 3
2.69 4.41 2
4.41 4.94 0
4.94 5.17 1
5.17 5.31 3
5.31 9.51 2
9.51 9.84 0
9.84 10.32 1
10.32 10.41 3
10.41 17.41 2
17.41 17.81 0
17.81 20.52 2
20.52 20.64 0
20.64 25.69 2
25.69 25.73 0
25.73 28.45 2
28.45 28.51 0
28.51 31.66 2
31.66 32.09 3
32.09 32.36 1
32.36 32.51 3
32.51 36.85 2
36.85 37.13 0
37.13 41.70 2
41.70 41.75 0
41.75 42.34 2
42.34 42.75 3
42.75 43.06 2
43.06 43.46 0
43.46 44.76 2
44.76 45.16 0
45.16 46.87 2
46.87 46.89 0
46.89 50.17 2
50.17 50.26 0
50.26 53.62 2
53.62 54.21 0
54.21 54.41 1
54.41 54.58 3
54.58 55.69 2
55.69 55.91 0
55.91 58.92 2
58.92 59.26 0
59.26 63.00 2
63.00 63.89 0
63.89 63.91 2
63.91 64.44 3
64.44 68.77 2
68.77 69.25 0
69.25 70.44 1
70.44 70.53 3
70.53 74.34 2
74.34 74.35 0
74.35 78.03 2
78.03 79.05 3
79.05 79.30 1
79.30 79.60 0
79.60 82.52 2
82.52 82.57 0
82.57 82.76 1
82.76 83.68 3
83.68 88.84 2
88.84 89.88 3
89.88 90.57 1
90.57 90.81 0
90.81 92.41 2
92.41 92.43 0
92.43 93.74 1
93.74 94.14 3
94.14 99.65 2
99.65 99.72 0
99.72 100.93 2
100.93 101.36 0
101.36 105.91 2
105.91 105.94 0
105.94 110.45 2
110.45 110.80 0
110.80 111.15 1
111.15 111.24 3
111.24 114.40 2
114.40 114.45 0
114.45 118.32 2
118.32 118.93 3
118.93 119.26 1
119.26 119.33 3
119.33 122.97 2
122.97 123.42 0
123.42 124.21 1
124.21 124.32 3
124.32 128.91 2
128.91 129.40 0
129.40 132.10 2
132.10 133.35 0
133.35 134.08 1
134.08 134.14 0
134.14 137.61 2
137.61 138.18 3
138.18 139.15 1
139.15 139.23 3
139.23 141.07 2
141.07 141.51 3
141.51 142.08 1
142.08 142.23 3
142.23 143.80 2
143.80 144.12 0
144.12 145.24 1
145.24 145.33 3
145.33 146.18 2
146.18 146.27 3
146.27 148.49 1
148.49 148.62 3
148.62 148.70 2
148.70 149.43 3
149.43 149.45 1
149.45 149.59 0
149.59 149.99 3
149.99 150.11 2
150.11 150.33 0
150.33 152.02 1
152.02 152.26 0
152.26 156.05 2
156.05 156.17 0
156.17 157.08 1
157.08 157.35 3
157.35 157.53 2
157.53 157.65 3
157.65 162.18 1
162.18 162.55 0
162.55 163.36 2
163.36 163.72 0
163.72 167.53 1
167.53 167.80 0
167.80 168.28 2
168.28 169.83 1
169.83 170.86 0
170.86 176.89 1
176.89 176.93 0
176.93 180.72 1
180.72 181.17 0
181.17 181.40 2
181.40 181.47 3
181.47 184.00 1
184.00 184.43 0
184.43 186.36 1
186.36 186.63 3
186.63 187.07 1
187.07 187.33 0
187.33 187.99 2
187.99 188.30 0
188.30 194.99 1
194.99 195.21 3
195.21 195.36 2
195.36 195.41 0
195.41 196.26 1
196.26 197.91 0
197.91 205.26 1
205.26 205.70 3
205.70 206.70 1
206.70 208.37 0
208.37 212.08 1
212.08 212.61 0
212.61 212.71 1
212.71 212.81 3
212.81 214.80 1
214.80 215.95 0
215.95 216.23 2
216.23 216.36 3
216.36 217.38 1
217.38 217.43 3
217.43 217.94 2
217.94 218.98 0
218.98 220.16 1
220.16 220.84 0
220.84 221.29 1
221.29 221.56 0
221.56 222.98 2
222.98 223.31 0
223.31 226.50 1
226.50 228.21 0
228.21 230.27 2
230.27 231.46 0
231.46 231.66 1
231.66 231.79 3
231.79 233.25 2
233.25 234.85 0
234.85 235.14 1
235.14 236.94 0
236.94 237.80 1
237.80 238.18 0
238.18 238.89 2
238.89 239.18 0
239.18 242.84 1
242.84 243.18 0
243.18 245.95 1
245.95 246.47 0
246.47 246.51 2
246.51 246.85 3
246.85 249.71 1
249.71 249.96 0
249.96 251.09 2
251.09 251.35 0
251.35 252.04 1
252.04 252.07 0
252.07 253.38 2
253.38 253.44 3
253.44 256.26 1
256.26 257.00 0
257.00 260.17 2
260.17 260.62 3
260.62 262.69 2
262.69 262.77 3
262.77 264.07 1
264.07 264.39 3
264.39 264.88 1
264.88 265.21 0
265.21 265.83 1
265.83 265.99 0
265.99 270.06 1
270.06 270.19 0
270.19 272.34 1
272.34 272.69 0
272.69 273.00 2
273.00 273.02 3
273.02 276.05 1
276.05 276.40 0
276.40 276.80 2
276.80 276.97 0
276.97 280.07 1
280.07 280.67 0
280.67 281.58 1
281.58 282.04 0
282.04 287.43 1
287.43 287.90 0
287.90 292.31 1
292.31 292.63 0
292.63 292.90 2
292.90 292.98 3
292.98 295.38 1
295.38 296.59 0
296.59 298.89 1
298.89 299.21 0
299.21 299.35 2
299.35 299.51 3
299.51 302.42 1
302.42 302.82 0
302.82 303.93 2
303.93 304.20 3
304.20 307.15 1
307.15 307.35 0
307.35 307.84 2
307.84 308.59 0
308.59 310.27 1
310.27 310.40 0
310.40 310.70 1
310.70 311.13 0
311.13 311.45 2
311.45 311.91 0
311.91 317.60 1
317.60 317.85 0
317.85 318.80 2
318.80 319.08 3
319.08 322.87 1
322.87 323.02 0
323.02 323.39 2
323.39 323.44 3
323.44 326.01 1
326.01 326.16 0
326.16 328.72 2
328.72 329.34 0
329.34 330.69 1
330.69 331.47 3
331.47 332.66 1
332.66 333.01 0
333.01 334.22 1
334.22 334.46 0
334.46 336.03 1
336.03 336.40 0
336.40 336.83 2
336.83 336.99 0
336.99 339.88 1
339.88 340.27 0
340.27 340.62 2
340.62 340.67 3
340.67 342.49 1
342.49 343.48 0
343.48 343.69 2
343.69 343.74 3
343.74 344.54 1
344.54 344.66 0
344.66 345.58 1
345.58 345.73 3
345.73 346.85 1
346.85 347.18 0
347.18 347.22 2
347.22 347.40 3
347.40 352.28 1
352.28 352.87 2
352.87 352.92 3
352.92 355.43 1
355.43 355.80 0
355.80 355.85 2
355.85 356.55 3
356.55 356.56 2
356.56 356.85 0
356.85 357.26 1
357.26 357.66 0
357.66 358.56 2
358.56 358.62 3
358.62 359.84 1
359.84 360.43 3
360.43 361.23 1
361.23 361.45 0
361.45 361.55 2
361.55 361.98 3
361.98 363.46 1
363.46 364.39 0
364.39 364.42 2
364.42 364.55 3
364.55 365.14 1
365.14 365.23 0
365.23 365.72 2
365.72 365.87 0
365.87 368.24 1
368.24 369.04 0
369.04 369.63 1
369.63 369.80 0
369.80 372.12 1
372.12 372.23 0
372.23 373.45 1
373.45 374.10 0
374.10 375.05 2
375.05 376.09 0
376.09 376.32 2
376.32 376.89 3
376.89 379.99 1
379.99 380.27 0
380.27 382.48 1
382.48 382.60 0
382.60 382.85 1
382.85 382.97 3
382.97 383.13 2
383.13 383.26 0
383.26 386.34 1
386.34 386.63 0
386.63 386.76 2
386.76 386.87 3
386.87 387.95 1
387.95 388.20 0
388.20 391.45 1
391.45 391.99 3
391.99 392.04 1
392.04 392.74 0
392.74 393.80 1
393.80 395.19 0
395.19 398.64 1
398.64 398.80 0
398.80 401.43 1
401.43 401.88 0
401.88 402.02 2
402.02 402.25 3
402.25 404.39 1
404.39 404.75 0
404.75 405.22 2
405.22 405.58 0
405.58 407.34 1
407.34 407.80 0
407.80 409.54 1
409.54 409.92 0
409.92 414.73 1
414.73 414.83 0
414.83 416.97 1
416.97 417.18 0
417.18 418.08 2
418.08 418.14 3
418.14 419.06 1
419.06 419.26 3
419.26 419.31 2
419.31 419.46 0
419.46 420.76 1
420.76 421.79 0
421.79 423.07 1
423.07 423.34 0
423.34 423.47 1
423.47 423.75 3
423.75 427.25 1
427.25 427.58 0
427.58 427.89 2
427.89 427.95 3
427.95 429.69 1
429.69 430.84 0
430.84 432.06 1
432.06 433.50 0
433.50 435.61 1
435.61 436.32 0
436.32 436.67 1
436.67 437.59 0
437.59 438.68 1
438.68 439.01 0
439.01 439.06 2
439.06 439.35 3
439.35 442.62 1
442.62 442.90 0
442.90 445.88 1
445.88 446.11 0
446.11 448.11 1
448.11 448.48 0
448.48 449.00 2
449.00 449.07 3
449.07 451.89 1
451.89 452.38 0
452.38 452.94 2
452.94 452.97 0
452.97 457.40 1
457.40 458.21 0
458.21 459.71 1
459.71 460.05 0
460.05 461.92 1
461.92 462.26 0
462.26 462.35 2
462.35 463.34 3
463.34 464.88 1
464.88 465.15 0
465.15 472.23 2
472.23 472.59 0
472.59 472.76 1
472.76 473.14 3
473.14 475.39 2
475.39 475.55 3
475.55 477.87 1
477.87 478.60 3
478.60 479.21 1
479.21 479.67 3
479.67 480.82 1
480.82 481.36 0
481.36 487.05 1
487.05 487.82 3
487.82 488.35 1
488.35 488.43 0
488.43 488.54 1
488.54 489.10 3
489.10 489.20 2
489.20 489.68 3
489.68 489.89 1
489.89 490.56 0
490.56 494.82 1
494.82 495.06 0
495.06 495.35 2
495.35 495.47 0
495.47 497.70 1
497.70 498.06 0
498.06 498.50 2
498.50 498.54 3
498.54 501.37 1
501.37 501.51 0
501.51 502.29 2
502.29 502.42 3
502.42 503.64 2
503.64 503.71 0
503.71 504.42 1
504.42 504.51 0
504.51 504.74 2
504.74 504.95 3
504.95 505.10 1
505.10 505.19 0
505.19 505.52 1
505.52 505.64 3
505.64 509.33 1
509.33 509.55 0
509.55 513.26 1
513.26 513.30 0
513.30 515.92 1
515.92 516.20 0
516.20 516.56 2
516.56 516.63 3
516.63 520.34 1
520.34 520.55 0
520.55 520.93 2
520.93 520.96 3
520.96 526.56 1
526.56 527.14 0
527.14 527.40 1
527.40 527.58 3
527.58 528.09 2
528.09 528.13 3
528.13 533.04 1
533.04 533.44 0
533.44 533.88 2
533.88 534.14 0
534.14 537.59 1
537.59 537.74 0
537.74 540.18 1
540.18 540.27 0
540.27 543.42 1
543.42 543.77 0
543.77 544.10 2
544.10 544.93 0
544.93 546.49 2
546.49 546.62 0
546.62 551.07 1
551.07 551.64 0
551.64 553.38 1
553.38 554.46 0
554.46 554.54 2
554.54 555.29 3
555.29 556.98 2
556.98 557.19 0
557.19 557.85 2
557.85 558.33 3
558.33 560.05 1
560.05 560.26 0
560.26 562.82 1
562.82 562.91 0
562.91 563.04 1
563.04 563.20 3
563.20 563.40 2
563.40 563.75 3
563.75 566.69 1
566.69 567.14 0
567.14 569.34 1
569.34 569.58 0
569.58 569.91 2
569.91 570.01 3
570.01 571.51 1
571.51 572.58 0
572.58 573.35 1
573.35 574.04 0
574.04 576.32 1
576.32 576.65 0
576.65 576.84 1
576.84 577.03 3
577.03 577.88 2
577.88 577.92 3
577.92 580.39 1
580.39 581.42 0
581.42 584.30 1
584.30 585.46 0
585.46 585.90 1
585.90 586.52 0
586.52 587.88 2
587.88 588.98 3
588.98 589.11 1
589.11 589.46 0
589.46 589.75 2
589.75 589.82 0
589.82 590.17 1
590.17 590.59 3
590.59 593.09 2
593.09 593.31 0
593.31 594.30 1
594.30 594.46 0
594.46 597.36 2
597.36 597.97 0
597.97 598.13 1
598.13 598.37 3
598.37 601.01 2
601.01 601.63 0
601.63 603.41 2
