0.00 0.09 1
0.09 0.41 3
0.41 2.00 2
2.00 2.47 3
2.47 4.31 2
4.31 4.43 3
4.43 4.55 1
4.55 5.87 3
5.87 6.87 1
6.87 7.23 0
7.23 13.31 2
13.31 13.67 0
13.67 15.20 2
15.20 15.71 0
15.71 15.91 2
15.91 17.99 3
17.99 19.86 2
19.86 20.88 3
20.88 21.61 1
21.61 21.80 0
21.80 24.14 2
24.14 24.26 0
24.26 25.77 1
25.77 26.35 3
26.35 28.77 2
28.77 29.58 3
29.58 30.14 1
30.14 30.35 0
30.35 33.43 2
33.43 33.61 3
33.61 34.10 1
34.10 34.56 3
34.56 39.55 2
39.55 39.87 0
39.87 43.18 1
43.18 43.76 0
43.76 46.77 1
46.77 46.89 3
46.89 47.13 2
47.13 47.39 0
47.39 52.28 1
52.28 53.44 3
53.44 54.72 2
54.72 55.26 3
55.26 59.46 1
59.46 59.88 0
59.88 61.07 1
61.07 62.59 3
62.59 63.40 1
63.40 63.93 0
63.93 64.17 1
64.17 64.81 3
64.81 65.19 2
65.19 65.20 0
65.20 65.73 1
65.73 65.79 3
65.79 66.20 2
66.20 66.38 3
66.38 66.97 1
66.97 67.79 0
67.79 67.97 1
67.97 68.85 3
68.85 70.98 1
70.98 71.13 3
71.13 75.44 2
75.44 75.46 0
75.46 81.20 2
81.20 81.38 0
81.38 81.81 1
81.81 82.19 3
82.19 83.33 2
83.33 85.73 3
85.73 87.86 2
87.86 87.98 0
87.98 90.72 2
90.72 90.78 0
90.78 93.88 2
93.88 93.92 0
93.92 94.12 2
94.12 94.39 3
94.39 98.00 2
98.00 98.09 0
98.09 101.68 2
101.68 101.85 3
101.85 102.11 1
102.11 103.21 3
103.21 104.16 2
104.16 105.12 3
105.12 105.27 1
105.27 105.57 3
105.57 106.19 2
106.19 106.54 0
106.54 106.59 1
106.59 106.96 3
106.96 107.34 2
107.34 108.02 0
108.02 108.20 1
108.20 108.72 3
108.72 108.96 2
108.96 109.62 0
109.62 109.81 2
109.81 110.12 3
110.12 110.40 2
110.40 110.96 0
110.96 110.98 2
110.98 111.49 3
111.49 112.32 2
112.32 112.98 0
112.98 114.44 2
114.44 115.81 0
115.81 115.82 2
115.82 116.20 3
116.20 118.21 1
118.21 118.76 3
118.76 118.84 1
118.84 118.90 0
118.90 119.32 1
119.32 119.46 3
119.46 123.95 2
123.95 124.51 0
124.51 125.14 1
125.14 125.56 0
125.56 129.17 2
129.17 129.35 0
129.35 134.79 2
134.79 134.86 3
134.86 135.84 1
135.84 138.30 3
138.30 140.56 2
140.56 140.65 0
140.65 142.83 2
142.83 142.84 0
142.84 143.15 1
143.15 143.30 3
143.30 144.99 2
144.99 145.09 0
145.09 145.57 1
145.57 146.16 3
146.16 146.57 2
146.57 146.78 0
146.78 150.02 1
150.02 150.53 0
150.53 150.57 2
150.57 151.03 3
151.03 155.66 1
155.66 155.93 3
155.93 156.19 2
156.19 156.38 0
156.38 159.84 1
159.84 159.98 3
159.98 160.29 2
160.29 160.68 0
160.68 161.29 1
161.29 161.46 3
161.46 162.06 2
162.06 162.17 0
162.17 165.62 1
165.62 166.13 0
166.13 166.17 1
166.17 167.01 3
167.01 168.67 1
168.67 169.36 3
169.36 172.99 2
172.99 173.36 0
173.36 175.11 1
175.11 175.58 3
175.58 177.89 2
177.89 178.38 0
178.38 179.20 1
179.20 179.48 3
179.48 179.51 1
179.51 179.71 0
179.71 186.29 2
186.29 186.49 0
186.49 186.72 1
186.72 186.73 0
186.73 189.63 2
189.63 190.63 0
190.63 196.37 2
196.37 197.68 3
197.68 198.53 2
198.53 198.80 0
198.80 205.65 2
205.65 205.99 0
205.99 206.46 1
206.46 206.97 0
206.97 207.20 1
207.20 210.13 3
210.13 210.65 1
210.65 210.72 3
210.72 211.24 2
211.24 212.11 3
212.11 212.31 1
212.31 213.06 3
213.06 216.45 2
216.45 216.56 0
216.56 217.85 2
217.85 218.70 3
218.70 222.89 1
222.89 223.28 3
223.28 223.94 2
223.94 224.06 3
224.06 225.05 1
225.05 226.00 3
226.00 231.02 2
231.02 231.40 0
231.40 232.39 1
232.39 232.47 0
232.47 232.99 2
232.99 233.50 3
233.50 233.81 2
233.81 234.65 0
234.65 234.74 1
234.74 234.95 3
234.95 235.13 2
235.13 235.25 3
235.25 238.86 1
238.86 239.24 0
239.24 244.25 2
244.25 244.52 0
244.52 244.89 1
244.89 244.91 3
244.91 247.43 2
247.43 248.95 3
248.95 249.03 1
249.03 249.50 3
249.50 254.88 2
254.88 254.95 0
254.95 260.31 2
260.31 260.49 3
260.49 261.18 1
261.18 261.94 3
261.94 265.66 2
265.66 266.11 3
266.11 266.43 1
266.43 267.02 0
267.02 268.72 2
268.72 268.86 3
268.86 269.70 1
269.70 269.87 3
269.87 276.11 2
276.11 276.50 0
276.50 276.82 1
276.82 276.90 3
276.90 279.45 2
279.45 280.26 3
280.26 280.33 1
280.33 280.48 0
280.48 283.93 2
283.93 284.43 3
284.43 287.62 1
287.62 288.13 3
288.13 288.61 1
288.61 289.19 0
289.19 289.25 2
289.25 290.27 3
290.27 290.75 1
290.75 291.27 3
291.27 293.15 1
293.15 293.31 3
293.31 294.38 2
294.38 294.84 3
294.84 295.35 1
295.35 296.03 0
296.03 296.38 1
296.38 296.83 3
296.83 297.85 1
297.85 298.36 0
298.36 298.58 1
298.58 299.05 3
299.05 300.07 1
300.07 300.84 3
300.84 301.52 1
301.52 302.08 2
302.08 302.37 0
302.37 305.62 2
305.62 306.25 3
306.25 307.80 2
307.80 307.93 0
307.93 308.33 1
308.33 308.36 0
308.36 309.08 2
309.08 309.51 3
309.51 313.24 1
313.24 313.61 3
313.61 314.05 2
314.05 314.70 0
314.70 316.13 1
316.13 316.28 2
316.28 316.65 3
316.65 318.06 1
318.06 319.07 0
319.07 319.91 2
319.91 320.09 3
320.09 326.22 1
326.22 326.43 3
326.43 326.73 2
326.73 326.76 0
326.76 330.09 1
330.09 330.38 3
330.38 330.52 2
330.52 330.63 3
330.63 333.82 1
333.82 334.12 0
334.12 334.68 1
334.68 335.25 3
335.25 336.99 1
336.99 337.45 3
337.45 338.67 2
338.67 338.73 3
338.73 341.51 1
341.51 342.02 0
342.02 342.19 1
342.19 342.58 3
342.58 346.32 1
346.32 347.10 0
347.10 347.11 1
347.11 347.75 3
347.75 348.04 2
348.04 349.50 0
349.50 351.26 2
351.26 351.36 0
351.36 352.08 1
352.08 352.63 0
352.63 353.23 3
353.23 358.09 1
358.09 358.69 0
358.69 358.78 1
358.78 359.78 3
359.78 360.39 1
360.39 361.33 3
361.33 362.21 1
362.21 362.34 0
362.34 362.67 1
362.67 363.73 3
363.73 364.26 1
364.26 368.87 3
368.87 371.03 2
371.03 371.53 0
371.53 373.83 1
373.83 373.94 3
373.94 374.20 2
374.20 374.40 3
374.40 377.54 1
377.54 378.89 3
378.89 379.33 2
379.33 379.79 3
379.79 384.26 1
384.26 384.66 0
384.66 385.01 1
385.01 385.66 3
385.66 390.40 1
390.40 390.87 3
390.87 392.41 1
392.41 392.70 3
392.70 393.65 2
393.65 394.49 3
394.49 394.55 1
394.55 396.43 3
396.43 396.59 1
396.59 398.92 3
398.92 399.91 2
399.91 400.06 3
400.06 401.81 1
401.81 402.64 3
402.64 406.25 2
406.25 406.40 0
406.40 407.08 1
407.08 408.44 3
408.44 411.73 1
411.73 412.06 0
412.06 412.67 1
412.67 413.13 3
413.13 416.86 1
416.86 417.87 0
417.87 418.45 2
418.45 418.62 0
418.62 424.67 1
424.67 425.13 0
425.13 425.75 2
425.75 427.14 3
427.14 433.08 1
433.08 433.16 3
433.16 434.74 2
434.74 436.34 3
436.34 437.72 1
437.72 439.44 0
439.44 439.66 1
439.66 440.37 3
440.37 444.50 1
444.50 444.95 0
444.95 445.24 1
445.24 447.33 3
447.33 449.70 1
449.70 451.17 3
451.17 452.76 2
452.76 453.40 0
453.40 453.70 1
453.70 454.10 3
454.10 455.83 2
455.83 456.36 0
456.36 459.29 1
459.29 459.44 3
459.44 459.82 2
459.82 460.01 3
460.01 462.74 1
462.74 464.34 3
464.34 464.79 2
464.79 465.00 0
465.00 470.95 1
470.95 472.80 3
472.80 474.89 1
474.89 475.74 0
475.74 478.04 1
478.04 478.77 0
478.77 478.86 2
478.86 479.66 3
479.66 482.46 1
482.46 484.32 3
484.32 486.41 2
486.41 487.31 0
487.31 492.34 1
492.34 492.98 3
492.98 493.45 2
493.45 494.03 0
494.03 498.91 1
498.91 499.63 0
499.63 500.14 2
500.14 500.22 3
500.22 503.04 1
503.04 503.84 0
503.84 503.93 2
503.93 504.35 3
504.35 506.79 1
506.79 507.29 0
507.29 507.50 2
507.50 508.75 3
508.75 510.36 1
510.36 511.00 0
511.00 511.39 2
511.39 511.47 3
511.47 513.35 1
513.35 514.05 0
514.05 514.13 1
514.13 514.67 3
514.67 518.04 1
518.04 518.14 3
518.14 518.42 2
518.42 519.12 0
519.12 520.15 1
520.15 520.81 0
520.81 521.22 2
521.22 522.86 3
522.86 526.67 1
526.67 527.12 0
527.12 527.93 2
527.93 529.52 3
529.52 530.05 1
530.05 530.41 3
530.41 537.37 2
537.37 537.56 3
537.56 537.71 1
537.71 538.26 3
538.26 540.09 2
540.09 540.19 0
540.19 541.44 1
541.44 541.79 3
541.79 542.86 2
542.86 543.71 0
543.71 544.67 1
544.67 545.30 0
545.30 546.96 2
546.96 547.31 0
547.31 550.81 1
550.81 551.90 3
551.90 552.36 2
552.36 553.45 3
553.45 556.49 1
556.49 556.90 0
556.90 559.98 2
559.98 560.17 0
560.17 561.19 1
561.19 561.40 3
561.40 565.18 2
565.18 565.44 0
565.44 565.61 2
565.61 565.96 3
565.96 569.29 2
569.29 569.84 0
569.84 571.52 1
571.52 571.83 3
571.83 576.61 2
576.61 576.95 0
576.95 577.08 1
577.08 577.70 3
577.70 578.16 2
578.16 578.28 0
578.28 579.26 1
579.26 581.60 3
581.60 581.61 2
581.61 583.18 0
583.18 584.22 2
584.22 584.40 3
584.40 584.73 1
584.73 584.78 0
584.78 586.13 2
586.13 586.38 3
586.38 586.48 1
586.48 589.61 3
589.61 590.56 2
590.56 590.60 0
590.60 590.98 1
590.98 591.75 0
591.75 592.12 2
592.12 592.28 0
592.28 593.61 1
593.61 594.09 0
594.09 594.86 2
594.86 595.07 3
595.07 595.30 2
595.30 595.97 0
595.97 596.63 2
596.63 596.90 0
596.90 597.15 1
597.15 597.70 0
597.70 600.44 2
