0.00 0.21 2
0.21 0.95 3
0.95 3.28 1
3.28 3.73 0
3.73 3.74 2
3.74 4.53 3
4.53 6.25 1
6.25 6.35 0
6.35 7.49 1
7.49 7.63 0
7.63 10.25 1
10.25 10.33 0
10.33 10.62 1
10.62 10.75 0
10.75 11.07 1
11.07 11.21 0
11.21 11.50 1
11.50 11.80 0
11.80 12.89 1
12.89 13.41 0
13.41 13.77 1
13.77 14.26 0
14.26 17.59 1
17.59 17.68 0
17.68 21.27 1
21.27 21.39 0
21.39 21.52 1
21.52 21.57 0
21.57 21.67 2
21.67 22.01 3
22.01 23.56 1
23.56 23.70 0
23.70 24.89 1
24.89 25.08 0
25.08 25.36 1
25.36 25.62 0
25.62 28.75 1
28.75 28.84 0
28.84 30.82 1
30.82 32.53 3
32.53 33.00 1
33.00 33.03 0
33.03 34.91 1
34.91 35.05 3
35.05 35.75 2
35.75 35.76 0
35.76 36.25 1
36.25 37.06 3
37.06 40.25 1
40.25 40.55 0
40.55 40.82 1
40.82 41.25 3
41.25 41.27 2
41.27 41.41 0
41.41 41.97 2
41.97 42.08 3
42.08 44.99 1
44.99 45.36 0
45.36 46.05 1
46.05 46.25 0
46.25 48.87 1
48.87 49.07 0
49.07 52.71 1
52.71 53.39 3
53.39 53.53 2
53.53 53.96 3
53.96 54.25 1
54.25 54.37 0
54.37 58.38 1
58.38 58.65 0
58.65 58.69 1
58.69 59.05 3
59.05 59.38 1
59.38 60.62 3
60.62 60.68 2
60.68 60.72 0
60.72 62.55 1
62.55 62.62 0
62.62 62.97 1
62.97 63.24 3
63.24 65.59 1
65.59 65.86 0
65.86 68.35 1
68.35 68.46 3
68.46 69.03 2
69.03 69.57 3
69.57 70.00 2
70.00 71.46 3
71.46 71.99 2
71.99 72.00 3
72.00 76.97 1
76.97 77.13 0
77.13 80.30 1
80.30 80.46 0
80.46 84.85 1
84.85 85.64 0
85.64 86.25 1
86.25 86.62 0
86.62 91.46 1
91.46 91.75 0
91.75 91.86 2
91.86 92.13 3
92.13 92.33 1
92.33 92.50 0
92.50 94.30 1
94.30 95.36 0
95.36 95.64 1
95.64 96.36 3
96.36 98.41 2
98.41 98.84 3
98.84 99.18 2
99.18 99.74 0
99.74 100.18 1
100.18 100.46 0
100.46 100.99 1
100.99 101.19 0
101.19 103.31 1
103.31 103.32 3
103.32 103.48 2
103.48 103.97 3
103.97 106.12 1
106.12 106.26 3
106.26 106.65 1
106.65 106.82 0
106.82 107.75 1
107.75 108.02 0
108.02 110.53 1
110.53 110.65 3
110.65 111.39 2
111.39 111.49 0
111.49 112.65 1
112.65 112.97 3
112.97 115.96 2
115.96 116.15 3
116.15 117.42 1
117.42 117.94 0
117.94 120.34 1
120.34 121.35 0
121.35 121.74 1
121.74 122.00 3
122.00 122.17 1
122.17 122.37 0
122.37 123.91 1
123.91 124.13 0
124.13 124.77 1
124.77 125.34 0
125.34 127.16 1
127.16 127.24 0
127.24 129.51 1
129.51 129.60 0
129.60 130.80 1
130.80 130.86 0
130.86 132.01 1
132.01 132.32 0
132.32 134.11 1
134.11 135.02 0
135.02 135.75 2
135.75 135.76 0
135.76 136.84 1
136.84 137.39 0
137.39 137.52 1
137.52 137.91 3
137.91 138.38 1
138.38 138.65 0
138.65 139.15 1
139.15 139.66 3
139.66 140.61 2
140.61 140.71 0
140.71 140.74 2
140.74 141.07 3
141.07 142.97 1
142.97 143.31 0
143.31 144.74 1
144.74 144.85 0
144.85 145.81 1
145.81 145.94 0
145.94 148.97 1
148.97 149.68 3
149.68 149.85 2
149.85 150.96 3
150.96 151.25 2
151.25 151.84 3
151.84 154.52 1
154.52 155.00 0
155.00 155.50 1
155.50 155.71 0
155.71 158.53 1
158.53 158.68 0
158.68 160.93 1
160.93 161.28 0
161.28 161.33 2
161.33 161.72 3
161.72 165.78 1
165.78 166.25 0
166.25 167.17 1
167.17 167.35 0
167.35 168.37 1
168.37 168.66 0
168.66 168.76 1
168.76 169.63 3
169.63 173.21 1
173.21 173.77 0
173.77 175.25 1
175.25 175.58 0
175.58 175.78 1
175.78 176.50 3
176.50 177.05 1
177.05 177.21 0
177.21 177.67 2
177.67 178.10 3
178.10 180.00 1
180.00 180.16 0
180.16 181.52 1
181.52 182.10 0
182.10 182.12 1
182.12 182.68 3
182.68 183.49 1
183.49 184.12 0
184.12 184.39 1
184.39 184.47 0
184.47 185.84 2
185.84 186.63 3
186.63 187.39 2
187.39 188.44 3
188.44 188.60 1
188.60 188.75 0
188.75 190.42 1
190.42 190.57 0
190.57 190.88 2
190.88 191.20 3
191.20 191.72 2
191.72 192.03 0
192.03 193.09 1
193.09 193.58 0
193.58 193.67 2
193.67 194.16 3
194.16 194.79 2
194.79 195.15 0
195.15 197.29 1
197.29 197.43 0
197.43 197.67 1
197.67 197.84 0
197.84 198.08 1
198.08 198.18 3
198.18 198.42 2
198.42 198.72 3
198.72 198.99 2
198.99 199.17 0
199.17 199.40 1
199.40 200.12 3
200.12 201.39 2
201.39 201.62 3
201.62 202.16 1
202.16 203.13 3
203.13 204.27 2
204.27 204.51 0
204.51 205.00 1
205.00 206.14 3
206.14 206.85 1
206.85 206.97 3
206.97 208.77 1
208.77 208.96 0
208.96 212.69 2
212.69 213.07 3
213.07 213.10 2
213.10 213.25 0
213.25 214.78 2
214.78 214.82 0
214.82 215.84 2
215.84 216.40 3
216.40 217.44 2
217.44 218.26 3
218.26 219.82 2
219.82 220.37 3
220.37 220.93 2
220.93 222.53 3
222.53 223.99 1
223.99 224.31 0
224.31 224.66 2
224.66 225.20 3
225.20 225.67 2
225.67 225.95 0
225.95 226.49 1
226.49 226.72 3
226.72 227.99 2
227.99 228.10 0
228.10 229.76 2
229.76 230.00 0
230.00 230.09 2
230.09 230.53 3
230.53 232.16 1
232.16 232.42 0
232.42 233.37 2
233.37 233.66 3
233.66 234.15 2
234.15 234.21 3
234.21 234.35 1
234.35 234.37 0
234.37 235.04 2
235.04 235.24 3
235.24 235.37 1
235.37 235.83 0
235.83 236.29 1
236.29 236.43 0
236.43 239.72 1
239.72 239.79 0
239.79 241.15 2
241.15 241.51 0
241.51 242.96 2
242.96 243.12 0
243.12 243.22 2
243.22 243.33 3
243.33 243.55 1
243.55 243.80 3
243.80 244.38 1
244.38 245.25 3
245.25 245.80 1
245.80 245.84 3
245.84 246.20 2
246.20 246.63 3
246.63 246.64 1
246.64 246.80 0
246.80 248.23 2
248.23 248.45 0
248.45 248.56 2
248.56 248.83 0
248.83 249.72 2
249.72 249.83 0
249.83 250.42 2
250.42 250.64 0
250.64 251.06 2
251.06 251.15 3
251.15 251.93 1
251.93 252.22 0
252.22 252.41 1
252.41 252.71 3
252.71 252.73 2
252.73 253.45 0
253.45 253.57 1
253.57 254.12 3
254.12 254.22 1
254.22 254.37 0
254.37 255.98 1
255.98 256.61 0
256.61 257.20 2
257.20 258.08 0
258.08 259.71 2
259.71 260.02 3
260.02 260.66 1
260.66 261.04 0
261.04 261.17 2
261.17 261.28 3
261.28 261.91 1
261.91 262.60 0
262.60 263.93 2
263.93 264.09 3
264.09 264.78 1
264.78 268.37 3
268.37 269.03 1
269.03 269.34 3
269.34 269.82 1
269.82 272.07 3
272.07 272.34 1
272.34 272.64 3
272.64 276.86 2
276.86 276.92 0
276.92 277.12 2
277.12 277.44 3
277.44 278.95 2
278.95 279.07 0
279.07 280.26 2
280.26 280.41 0
280.41 282.82 2
282.82 283.07 3
283.07 283.52 2
283.52 283.68 0
283.68 284.08 1
284.08 284.46 0
284.46 287.18 2
287.18 287.48 0
287.48 289.37 2
289.37 289.55 0
289.55 290.32 1
290.32 290.52 0
290.52 293.06 2
293.06 293.30 0
293.30 296.41 2
296.41 296.91 0
296.91 297.22 2
297.22 297.49 0
297.49 298.79 2
298.79 299.07 0
299.07 299.97 1
