0.00 0.96 2
0.96 1.20 0
1.20 2.46 1
2.46 2.49 3
2.49 2.62 2
2.62 2.81 3
2.81 2.89 2
2.89 3.18 0
3.18 4.97 1
4.97 5.18 3
5.18 5.41 2
5.41 5.72 0
5.72 5.91 1
5.91 5.93 0
5.93 5.99 2
5.99 6.60 3
6.60 7.74 1
7.74 7.75 0
7.75 7.81 2
7.81 8.39 3
8.39 10.48 1
10.48 11.14 0
11.14 13.97 1
13.97 14.93 0
14.93 14.96 2
14.96 16.00 3
16.00 18.52 1
18.52 18.79 3
18.79 19.24 2
19.24 19.62 3
19.62 21.12 1
21.12 22.54 3
22.54 22.87 2
22.87 23.11 3
23.11 23.20 1
23.20 23.54 3
23.54 27.40 2
27.40 28.45 3
28.45 28.48 1
28.48 28.73 3
28.73 29.85 2
29.85 29.93 0
29.93 30.29 1
30.29 30.43 0
30.43 31.96 2
31.96 32.43 0
32.43 34.15 2
34.15 34.47 0
34.47 39.93 2
39.93 40.78 3
40.78 41.02 2
41.02 41.29 0
41.29 44.78 2
44.78 44.96 0
44.96 45.37 1
45.37 45.40 3
45.40 52.17 2
52.17 52.62 0
52.62 52.73 1
52.73 52.98 3
52.98 61.33 2
61.33 62.45 0
62.45 62.59 1
62.59 63.31 3
63.31 63.39 2
63.39 63.76 0
63.76 66.35 2
66.35 66.38 0
66.38 67.11 1
67.11 67.32 3
67.32 68.12 1
68.12 68.61 0
68.61 69.50 2
69.50 69.68 0
69.68 69.99 1
69.99 70.32 3
70.32 70.35 1
70.35 71.10 0
71.10 72.31 2
72.31 72.51 0
72.51 72.90 1
72.90 72.96 0
72.96 73.00 2
73.00 73.49 3
73.49 74.40 1
74.40 74.94 0
74.94 75.42 2
75.42 76.12 3
76.12 76.14 1
76.14 76.77 3
76.77 80.54 2
80.54 80.65 0
80.65 80.93 1
80.93 81.08 3
81.08 82.72 2
82.72 83.33 3
83.33 83.82 1
83.82 84.73 3
84.73 86.26 1
86.26 87.20 3
87.20 88.03 2
88.03 88.34 3
88.34 89.95 1
89.95 90.17 3
90.17 90.30 2
90.30 90.40 3
90.40 90.63 1
90.63 90.66 0
90.66 90.77 2
90.77 91.64 3
91.64 92.77 1
92.77 92.94 3
92.94 96.18 2
96.18 96.58 3
96.58 97.44 1
97.44 97.45 0
97.45 97.89 3
97.89 99.52 1
99.52 100.15 0
100.15 108.09 2
108.09 108.21 3
108.21 108.32 1
108.32 108.34 0
108.34 108.64 2
108.64 108.74 0
108.74 109.27 1
109.27 109.49 3
109.49 109.56 2
109.56 109.77 3
109.77 110.87 1
110.87 111.23 3
111.23 116.33 2
116.33 117.05 3
117.05 118.69 2
118.69 118.82 3
118.82 119.14 1
119.14 119.85 3
119.85 121.34 2
121.34 121.73 3
121.73 122.21 1
122.21 122.52 3
122.52 123.54 2
123.54 124.50 3
124.50 125.19 1
125.19 126.80 3
126.80 130.50 2
130.50 130.81 0
130.81 130.96 1
130.96 132.20 3
132.20 137.18 2
137.18 137.22 0
137.22 137.71 1
137.71 138.10 3
138.10 144.77 2
144.77 144.84 3
144.84 145.03 1
145.03 145.40 3
145.40 145.60 2
145.60 145.61 0
145.61 147.43 1
147.43 147.47 0
147.47 148.12 2
148.12 148.33 3
148.33 149.97 1
149.97 150.87 3
150.87 151.48 2
151.48 151.50 3
151.50 151.78 1
151.78 152.07 0
152.07 154.09 2
154.09 154.31 3
154.31 154.32 1
154.32 154.75 3
154.75 154.78 2
154.78 155.10 3
155.10 157.92 1
157.92 158.20 3
158.20 158.35 1
158.35 158.36 0
158.36 158.66 1
158.66 158.83 3
158.83 159.94 1
159.94 159.99 0
159.99 161.43 1
161.43 162.17 0
162.17 167.73 2
167.73 168.79 0
168.79 170.74 2
170.74 171.15 0
171.15 171.35 1
171.35 171.41 3
171.41 174.34 2
174.34 174.50 3
174.50 174.56 1
174.56 174.59 0
174.59 181.30 2
181.30 181.33 0
181.33 181.85 1
181.85 182.01 3
182.01 185.29 2
185.29 185.56 0
185.56 189.58 2
189.58 190.36 0
190.36 196.38 2
196.38 196.77 1
196.77 196.79 3
196.79 201.85 2
201.85 201.88 0
201.88 202.46 1
202.46 202.55 0
202.55 207.35 2
207.35 207.74 3
207.74 208.02 1
208.02 208.46 0
208.46 210.78 2
210.78 210.80 0
210.80 210.88 1
210.88 211.23 3
211.23 216.74 2
216.74 217.44 3
217.44 217.87 1
217.87 217.91 3
217.91 219.88 2
219.88 220.88 3
220.88 222.66 1
222.66 223.13 0
223.13 223.71 2
223.71 225.05 3
225.05 225.45 1
225.45 225.79 3
225.79 228.33 2
228.33 229.02 3
229.02 229.99 1
229.99 230.72 3
230.72 230.74 2
230.74 232.06 3
232.06 233.23 1
233.23 233.39 3
233.39 233.40 2
233.40 234.06 3
234.06 235.24 1
235.24 235.48 3
235.48 235.54 1
235.54 235.72 3
235.72 236.60 2
236.60 236.80 3
236.80 239.08 1
239.08 239.52 0
239.52 240.60 2
240.60 240.89 3
240.89 241.83 1
241.83 242.41 3
242.41 243.30 2
243.30 243.42 3
243.42 243.50 1
243.50 245.43 3
245.43 245.69 2
245.69 246.42 0
246.42 246.75 3
246.75 248.90 2
248.90 248.96 0
248.96 249.27 1
249.27 249.40 3
249.40 250.74 2
250.74 250.78 0
250.78 252.22 1
252.22 253.07 0
253.07 253.28 1
253.28 253.71 3
253.71 254.19 2
254.19 254.21 0
254.21 254.57 1
254.57 255.19 3
255.19 255.22 2
255.22 255.49 3
255.49 259.39 1
259.39 259.70 3
259.70 261.11 2
261.11 261.25 3
261.25 261.67 1
261.67 261.95 3
261.95 262.40 2
262.40 262.46 0
262.46 263.06 1
263.06 263.36 3
263.36 269.01 2
269.01 269.10 3
269.10 271.23 1
271.23 271.42 0
271.42 272.74 2
272.74 273.06 3
273.06 275.56 1
275.56 275.87 3
275.87 278.30 2
278.30 278.69 3
278.69 278.90 1
278.90 279.99 3
279.99 280.14 2
280.14 280.39 3
280.39 280.52 1
280.52 280.73 0
280.73 281.25 1
281.25 281.42 3
281.42 281.44 2
281.44 282.10 3
282.10 285.75 1
285.75 286.48 0
286.48 286.72 2
286.72 287.53 3
287.53 292.77 1
292.77 293.46 0
293.46 293.62 2
293.62 294.87 3
294.87 300.42 1
