0.00 1.76 1
1.76 1.85 3
1.85 4.33 2
4.33 4.87 0
4.87 7.00 2
7.00 7.34 0
7.34 12.32 2
12.32 12.78 0
12.78 15.49 2
15.49 15.79 0
15.79 18.77 2
18.77 18.79 0
18.79 20.58 1
20.58 21.35 0
21.35 23.92 2
23.92 24.38 0
24.38 29.42 2
29.42 30.13 0
30.13 32.80 2
32.80 33.01 0
33.01 35.45 2
35.45 36.48 3
36.48 37.03 1
37.03 37.84 0
37.84 38.18 1
38.18 38.79 3
38.79 39.27 1
39.27 39.86 0
39.86 40.10 1
40.10 40.91 3
40.91 41.34 2
41.34 41.69 0
41.69 44.23 2
44.23 44.36 0
44.36 44.40 1
44.40 44.78 3
44.78 46.04 2
46.04 46.25 0
46.25 47.22 2
47.22 47.87 0
47.87 47.91 2
47.91 48.47 3
48.47 49.03 2
49.03 49.45 0
49.45 49.77 1
49.77 50.25 0
50.25 56.03 2
56.03 56.25 0
56.25 59.73 2
59.73 59.96 0
59.96 61.18 1
61.18 61.32 3
61.32 61.33 2
61.33 61.66 0
61.66 63.87 2
63.87 65.11 3
65.11 65.25 1
65.25 66.11 3
66.11 67.18 2
67.18 68.83 3
68.83 69.88 1
69.88 70.72 0
70.72 72.49 1
72.49 73.02 0
73.02 73.22 1
73.22 73.52 3
73.52 74.16 2
74.16 74.19 3
74.19 78.03 1
78.03 78.61 0
78.61 81.58 1
81.58 82.30 0
82.30 82.32 2
82.32 82.86 3
82.86 84.38 1
84.38 84.90 0
84.90 85.00 1
85.00 85.49 3
85.49 88.16 1
88.16 88.84 0
88.84 88.87 1
88.87 89.33 3
89.33 90.13 1
90.13 90.27 0
90.27 92.15 1
92.15 92.75 0
92.75 93.84 1
93.84 94.58 0
94.58 94.82 1
94.82 95.19 3
95.19 97.37 1
97.37 98.10 0
98.10 98.61 1
98.61 99.61 0
99.61 99.62 2
99.62 100.14 3
100.14 101.28 1
101.28 101.60 0
101.60 101.98 1
101.98 102.34 0
102.34 109.52 1
109.52 110.03 0
110.03 111.85 1
111.85 112.21 0
112.21 115.09 1
115.09 115.35 0
115.35 116.43 1
116.43 117.28 0
117.28 117.62 1
117.62 117.80 3
117.80 118.75 2
118.75 118.82 3
118.82 121.39 1
121.39 122.02 0
122.02 124.61 1
124.61 125.15 3
125.15 125.47 2
125.47 126.82 3
126.82 128.69 1
128.69 129.43 0
129.43 131.66 1
131.66 132.38 0
132.38 132.40 1
132.40 133.27 3
133.27 134.93 2
134.93 135.47 0
135.47 138.24 2
138.24 138.33 0
138.33 142.01 2
142.01 142.17 3
142.17 142.87 1
142.87 143.12 3
143.12 145.34 1
145.34 145.76 0
145.76 146.19 2
146.19 146.62 0
146.62 150.05 1
150.05 150.84 0
150.84 151.17 2
151.17 151.46 3
151.46 157.07 1
157.07 157.84 0
157.84 158.37 2
158.37 158.41 0
158.41 159.08 1
159.08 159.26 3
159.26 159.38 2
159.38 159.46 3
159.46 161.40 1
161.40 161.97 0
161.97 164.72 1
164.72 165.18 0
165.18 165.58 1
165.58 165.84 3
165.84 166.34 1
166.34 166.97 0
166.97 167.22 1
167.22 167.78 3
167.78 168.15 2
168.15 168.54 0
168.54 169.24 1
169.24 169.31 3
169.31 171.18 2
171.18 171.42 0
171.42 173.73 2
173.73 174.72 3
174.72 175.07 2
175.07 175.09 3
175.09 175.55 1
175.55 175.80 3
175.80 175.90 1
175.90 176.32 0
176.32 176.69 1
176.69 176.80 3
176.80 178.00 2
178.00 178.19 0
178.19 178.58 1
178.58 179.05 0
179.05 179.34 1
179.34 179.82 0
179.82 180.28 1
180.28 180.39 3
180.39 180.60 2
180.60 182.42 1
182.42 183.23 0
183.23 184.57 1
184.57 184.84 0
184.84 186.16 1
186.16 186.43 0
186.43 188.86 1
188.86 188.93 3
188.93 188.96 2
188.96 189.19 3
189.19 190.56 1
190.56 191.08 0
191.08 191.35 1
191.35 191.78 3
191.78 193.90 1
193.90 194.05 0
194.05 194.55 1
194.55 194.94 3
194.94 194.95 2
194.95 195.69 0
195.69 196.94 1
196.94 197.43 0
197.43 199.16 1
199.16 199.48 0
199.48 200.37 1
200.37 200.95 0
200.95 203.01 1
203.01 203.45 0
203.45 206.99 1
206.99 207.51 0
207.51 210.47 1
210.47 210.80 0
210.80 211.20 1
211.20 211.76 3
211.76 212.88 1
212.88 213.38 3
213.38 213.71 2
213.71 213.87 0
213.87 215.20 1
215.20 215.88 0
215.88 216.75 1
216.75 217.11 0
217.11 218.32 1
218.32 218.54 0
218.54 221.19 1
221.19 221.54 0
221.54 222.44 2
222.44 222.56 3
222.56 223.52 1
223.52 224.04 3
224.04 224.67 1
224.67 224.87 0
224.87 226.22 2
226.22 226.56 0
226.56 226.59 1
226.59 227.11 3
227.11 227.22 2
227.22 227.45 0
227.45 231.28 1
231.28 231.48 3
231.48 232.24 2
232.24 232.66 3
232.66 233.52 1
233.52 233.82 0
233.82 234.20 1
234.20 234.46 0
234.46 234.76 2
234.76 235.53 3
235.53 239.03 1
239.03 239.97 0
239.97 241.80 1
241.80 242.48 0
242.48 242.49 2
242.49 242.90 3
242.90 245.68 1
245.68 245.84 0
245.84 246.44 1
246.44 246.99 0
246.99 247.06 1
247.06 247.57 3
247.57 248.81 1
248.81 249.11 0
249.11 250.73 1
250.73 250.97 0
250.97 253.96 1
253.96 254.25 0
254.25 254.67 1
254.67 255.27 3
255.27 255.93 2
255.93 256.18 0
256.18 256.31 1
256.31 257.14 3
257.14 257.22 2
257.22 257.52 0
257.52 261.02 1
261.02 261.63 0
261.63 263.34 1
263.34 263.47 0
263.47 264.77 1
264.77 265.33 0
265.33 265.95 1
265.95 266.66 0
266.66 268.44 1
268.44 269.25 0
269.25 269.65 3
269.65 271.07 2
271.07 271.15 3
271.15 273.38 1
273.38 273.92 0
273.92 274.56 1
274.56 274.84 0
274.84 277.94 1
277.94 278.41 0
278.41 278.66 1
278.66 278.96 3
278.96 279.13 2
279.13 279.19 3
279.19 280.00 1
280.00 280.31 0
280.31 281.34 1
281.34 281.76 0
281.76 282.22 1
282.22 282.60 3
282.60 283.48 1
283.48 284.36 0
284.36 284.52 3
284.52 286.12 1
286.12 286.32 0
286.32 287.73 1
287.73 288.22 0
288.22 288.66 1
288.66 288.88 0
288.88 292.54 1
292.54 293.09 0
293.09 295.34 1
295.34 295.75 0
295.75 296.17 1
296.17 296.75 3
296.75 298.47 1
298.47 299.02 0
299.02 299.58 2
299.58 299.76 0
299.76 300.82 1
300.82 301.61 0
301.61 302.53 1
302.53 303.73 3
303.73 305.10 1
305.10 305.79 0
305.79 310.10 1
310.10 310.68 0
310.68 311.12 2
311.12 311.47 3
311.47 311.86 2
311.86 311.92 0
311.92 314.81 1
314.81 314.87 0
314.87 315.92 1
315.92 316.15 0
316.15 317.98 1
317.98 318.17 0
318.17 320.18 1
320.18 320.41 3
320.41 320.73 2
320.73 321.15 0
321.15 323.00 1
323.00 323.31 0
323.31 325.85 1
325.85 326.49 0
326.49 329.64 1
329.64 330.32 0
330.32 333.59 1
333.59 333.86 0
333.86 334.37 1
334.37 334.97 3
334.97 337.66 1
337.66 338.24 0
338.24 339.56 1
339.56 340.06 0
340.06 344.65 1
344.65 345.00 0
345.00 346.54 1
346.54 347.00 3
347.00 347.43 1
347.43 348.00 0
348.00 350.53 1
350.53 350.97 3
350.97 351.34 1
351.34 351.72 0
351.72 351.90 1
351.90 352.11 3
352.11 353.11 2
353.11 353.94 0
353.94 355.07 1
355.07 355.92 0
355.92 356.91 1
356.91 357.18 0
357.18 357.69 1
357.69 357.96 0
357.96 360.93 1
360.93 361.31 0
361.31 364.41 1
364.41 364.73 0
364.73 365.50 1
365.50 365.89 0
365.89 367.62 1
367.62 368.03 0
368.03 369.68 1
369.68 370.13 0
370.13 371.25 1
371.25 371.44 0
371.44 372.71 1
372.71 373.01 0
373.01 375.74 1
375.74 375.92 0
375.92 376.61 1
376.61 377.02 3
377.02 377.27 1
377.27 378.60 0
378.60 379.40 1
379.40 379.65 0
379.65 381.92 1
381.92 382.42 0
382.42 382.58 1
382.58 382.81 3
382.81 383.49 2
383.49 383.66 3
383.66 385.24 1
385.24 385.52 0
385.52 388.15 1
388.15 388.65 0
388.65 388.85 1
388.85 389.29 3
389.29 391.04 1
391.04 391.38 0
391.38 391.73 1
391.73 392.37 3
392.37 393.06 1
393.06 393.49 3
393.49 393.55 2
393.55 393.72 3
393.72 395.27 1
395.27 395.32 0
395.32 400.11 1
400.11 400.35 3
400.35 400.76 2
400.76 401.14 0
401.14 404.35 2
404.35 404.44 3
404.44 405.24 1
405.24 405.44 0
405.44 405.81 1
405.81 407.16 3
407.16 407.75 1
407.75 407.91 3
407.91 408.25 2
408.25 408.54 0
408.54 408.63 2
408.63 409.04 3
409.04 409.40 2
409.40 409.67 0
409.67 413.12 1
413.12 413.69 0
413.69 415.00 1
415.00 415.39 0
415.39 415.75 1
415.75 416.19 3
416.19 416.65 1
416.65 417.07 0
417.07 417.53 1
417.53 417.88 3
417.88 417.97 2
417.97 418.69 0
418.69 420.54 1
420.54 421.16 0
421.16 421.59 2
421.59 421.87 0
421.87 422.49 1
422.49 423.06 3
423.06 423.30 2
423.30 423.97 0
423.97 426.99 2
426.99 427.33 0
427.33 427.53 1
427.53 427.84 3
427.84 428.59 2
428.59 428.90 0
428.90 431.38 1
431.38 431.79 0
431.79 432.17 1
432.17 432.57 3
432.57 434.27 1
434.27 434.73 0
434.73 434.98 1
434.98 435.05 3
435.05 435.35 2
435.35 435.36 0
435.36 437.46 1
437.46 438.25 0
438.25 438.42 1
438.42 438.75 3
438.75 438.94 1
438.94 439.73 0
439.73 445.00 1
445.00 445.67 0
445.67 445.73 1
445.73 446.13 3
446.13 449.02 1
449.02 449.73 0
449.73 450.09 2
450.09 450.18 0
450.18 452.14 1
452.14 452.74 0
452.74 453.01 1
453.01 453.52 3
453.52 454.16 1
454.16 454.38 0
454.38 454.96 1
454.96 455.06 3
455.06 455.43 2
455.43 455.46 0
455.46 459.82 1
459.82 460.40 0
460.40 461.19 1
461.19 461.61 0
461.61 464.04 1
464.04 464.72 0
464.72 467.89 1
467.89 468.14 0
468.14 473.12 1
473.12 473.83 0
473.83 474.00 1
474.00 474.35 3
474.35 475.63 1
475.63 476.02 3
476.02 477.16 1
477.16 477.91 0
477.91 478.38 2
478.38 478.84 0
478.84 479.28 1
479.28 480.16 0
480.16 480.59 2
480.59 480.86 3
480.86 481.18 1
481.18 481.97 0
481.97 485.67 2
485.67 486.22 3
486.22 486.76 2
486.76 487.03 0
487.03 487.05 1
487.05 487.53 3
487.53 488.03 2
488.03 488.13 3
488.13 488.64 1
488.64 488.72 0
488.72 489.01 2
489.01 489.04 0
489.04 489.62 1
489.62 489.92 0
489.92 491.62 1
491.62 492.46 0
492.46 493.43 1
493.43 494.08 0
494.08 494.12 1
494.12 495.15 3
495.15 495.27 1
495.27 495.38 0
495.38 498.82 1
498.82 499.40 0
499.40 499.41 1
499.41 501.03 3
501.03 502.19 1
502.19 502.90 3
502.90 503.01 2
503.01 504.51 3
504.51 506.30 1
506.30 506.82 0
506.82 509.74 1
509.74 510.47 0
510.47 510.77 2
510.77 510.87 3
510.87 511.87 1
511.87 512.42 0
512.42 518.21 1
518.21 518.89 0
518.89 518.94 1
518.94 519.41 3
519.41 522.01 1
522.01 522.49 0
522.49 523.12 1
523.12 523.54 0
523.54 527.67 1
527.67 528.28 0
528.28 530.92 1
530.92 531.38 3
531.38 531.53 2
531.53 531.60 3
531.60 532.02 1
532.02 532.83 0
532.83 533.29 3
533.29 533.69 2
533.69 533.71 3
533.71 538.09 1
538.09 538.36 0
538.36 543.40 1
543.40 544.09 0
544.09 547.28 1
547.28 548.01 0
548.01 552.83 1
552.83 553.41 0
553.41 556.98 1
556.98 557.18 3
557.18 557.40 2
557.40 558.04 0
558.04 560.11 1
560.11 560.53 0
560.53 560.86 1
560.86 561.38 3
561.38 564.84 1
564.84 564.97 3
564.97 565.47 2
565.47 565.72 0
565.72 568.16 1
568.16 568.70 0
568.70 573.29 1
573.29 573.73 0
573.73 574.27 1
574.27 574.60 3
574.60 576.94 1
576.94 577.73 0
577.73 577.79 2
577.79 578.19 3
578.19 580.30 1
580.30 580.80 0
580.80 581.10 1
581.10 581.47 3
581.47 581.49 1
581.49 581.77 0
581.77 582.17 1
582.17 583.04 0
583.04 584.07 1
584.07 584.61 0
584.61 587.40 1
587.40 588.25 0
588.25 589.15 1
589.15 589.49 0
589.49 591.41 2
591.41 591.53 3
591.53 592.48 1
592.48 592.66 0
592.66 594.31 2
594.31 594.59 0
594.59 597.41 1
597.41 597.73 0
597.73 598.81 1
598.81 599.34 0
599.34 599.56 1
599.56 599.87 3
599.87 600.03 2
