0.00 3.55 1
3.55 3.73 0
3.73 4.07 2
4.07 4.24 0
4.24 4.37 2
4.37 5.23 3
5.23 6.68 1
6.68 7.31 0
7.31 8.92 1
8.92 9.06 0
9.06 11.64 1
11.64 12.59 0
12.59 13.32 2
13.32 13.54 3
13.54 15.07 1
15.07 15.25 0
15.25 18.21 1
18.21 19.36 0
19.36 19.62 1
19.62 20.37 3
20.37 21.01 1
21.01 21.72 0
21.72 22.73 2
22.73 22.84 3
22.84 22.94 1
22.94 23.51 3
23.51 24.01 2
24.01 24.31 0
24.31 26.00 2
26.00 26.12 3
26.12 26.38 1
26.38 26.76 3
26.76 26.92 2
26.92 26.95 3
26.95 27.71 1
27.71 28.39 0
28.39 28.50 1
28.50 28.73 3
28.73 29.76 1
29.76 29.89 0
29.89 31.04 1
31.04 31.76 0
31.76 32.66 2
32.66 32.79 3
32.79 33.06 1
33.06 33.92 3
33.92 34.41 1
34.41 35.67 0
35.67 35.86 1
35.86 36.35 3
36.35 36.41 1
36.41 36.98 0
36.98 37.60 1
37.60 37.92 3
37.92 38.18 1
38.18 38.22 0
38.22 38.42 2
38.42 38.96 0
38.96 42.54 2
42.54 42.71 0
42.71 43.50 1
43.50 43.92 0
43.92 45.57 2
45.57 45.61 3
45.61 45.72 1
45.72 46.45 3
46.45 48.20 2
48.20 48.36 0
48.36 49.56 1
49.56 49.67 3
49.67 50.45 2
50.45 50.79 0
50.79 51.28 1
51.28 51.43 3
51.43 54.31 2
54.31 54.69 0
54.69 55.22 2
55.22 55.45 0
55.45 56.15 1
56.15 56.66 3
56.66 56.75 2
56.75 57.08 0
57.08 57.93 2
57.93 58.72 0
58.72 58.82 1
58.82 59.13 3
59.13 60.86 2
60.86 61.00 3
61.00 61.51 1
61.51 61.62 3
61.62 62.19 0
62.19 65.34 2
65.34 65.47 3
65.47 66.47 1
66.47 67.27 0
67.27 67.93 1
67.93 68.26 3
68.26 68.93 2
68.93 69.61 0
69.61 71.61 2
71.61 71.91 0
71.91 72.25 1
72.25 73.05 3
73.05 73.16 1
73.16 74.30 0
74.30 75.99 2
75.99 76.17 0
76.17 77.63 1
77.63 77.93 0
77.93 78.47 1
78.47 78.94 3
78.94 79.55 2
79.55 79.84 3
79.84 80.36 2
80.36 80.50 3
80.50 80.61 1
80.61 80.98 3
80.98 84.18 2
84.18 84.26 0
84.26 85.26 1
85.26 85.58 0
85.58 85.60 2
85.60 85.90 3
85.90 87.85 2
87.85 88.28 0
88.28 89.02 1
89.02 89.55 0
89.55 89.70 2
89.70 89.79 3
89.79 90.63 1
90.63 90.91 3
90.91 91.54 2
91.54 91.89 0
91.89 97.74 2
97.74 97.97 0
97.97 98.39 1
98.39 98.54 0
98.54 99.47 2
99.47 99.99 0
99.99 101.10 2
101.10 101.44 0
101.44 104.34 2
104.34 104.42 0
104.42 104.84 1
104.84 105.29 0
105.29 106.23 2
106.23 106.44 0
106.44 106.75 1
106.75 107.54 0
107.54 112.56 2
112.56 112.99 3
112.99 114.19 2
114.19 114.37 0
114.37 114.80 1
114.80 115.09 0
115.09 117.27 2
117.27 117.45 0
117.45 117.48 2
117.48 117.90 3
117.90 120.23 2
120.23 120.44 0
120.44 121.15 1
121.15 121.18 3
121.18 122.60 2
122.60 122.64 3
122.64 123.00 1
123.00 123.15 0
123.15 123.52 1
123.52 124.04 0
124.04 126.38 2
126.38 126.62 0
126.62 128.20 2
128.20 128.27 3
128.27 128.86 1
128.86 129.09 0
129.09 132.08 2
132.08 132.29 3
132.29 133.19 1
133.19 133.29 0
133.29 134.22 2
134.22 134.85 0
134.85 136.11 2
136.11 136.17 0
136.17 136.97 1
136.97 137.15 0
137.15 139.59 2
139.59 139.62 3
139.62 140.03 1
140.03 140.26 0
140.26 141.26 2
141.26 141.67 0
141.67 142.71 2
142.71 143.32 0
143.32 143.77 2
143.77 145.43 3
145.43 145.72 2
145.72 146.37 0
146.37 149.18 2
149.18 149.33 0
149.33 149.77 1
149.77 150.42 3
150.42 150.49 2
150.49 150.96 0
150.96 152.74 2
152.74 153.49 3
153.49 155.24 2
155.24 156.18 0
156.18 158.30 2
158.30 158.33 0
158.33 158.40 2
158.40 158.85 3
158.85 161.84 2
161.84 162.28 3
162.28 165.24 2
165.24 165.48 0
165.48 165.89 1
165.89 166.36 0
166.36 168.97 2
168.97 169.37 0
169.37 169.76 1
169.76 169.95 0
169.95 173.43 2
173.43 173.51 0
173.51 173.99 1
173.99 175.59 0
175.59 177.57 2
177.57 177.71 0
177.71 178.11 1
178.11 178.18 0
178.18 180.11 2
180.11 180.32 0
180.32 180.73 1
180.73 181.46 0
181.46 181.55 1
181.55 181.60 0
181.60 181.91 2
181.91 182.46 3
182.46 184.45 2
184.45 184.77 3
184.77 184.92 1
184.92 185.57 3
185.57 185.64 1
185.64 185.93 0
185.93 185.97 2
185.97 186.49 3
186.49 186.68 2
186.68 187.18 3
187.18 187.74 1
187.74 187.82 3
187.82 188.12 1
188.12 188.47 3
188.47 189.18 1
189.18 189.71 0
189.71 194.52 2
194.52 194.92 0
194.92 196.78 2
196.78 197.03 0
197.03 198.09 2
198.09 198.22 3
198.22 198.42 1
198.42 199.65 3
199.65 200.08 1
200.08 200.12 0
200.12 202.32 2
202.32 203.98 3
203.98 204.55 2
204.55 204.79 0
204.79 205.22 1
205.22 205.39 0
205.39 210.43 2
210.43 210.83 0
210.83 210.86 1
210.86 211.93 3
211.93 212.46 2
212.46 213.06 0
213.06 214.86 2
214.86 214.96 0
214.96 216.92 2
216.92 216.98 0
216.98 217.72 1
217.72 217.99 3
217.99 218.85 1
218.85 218.86 3
218.86 225.02 2
225.02 225.23 0
225.23 225.58 1
225.58 225.94 3
225.94 228.06 2
228.06 228.11 0
228.11 228.58 1
228.58 228.68 3
228.68 229.67 2
229.67 230.93 0
230.93 233.58 2
233.58 234.16 0
234.16 234.26 2
234.26 234.69 0
234.69 234.94 1
234.94 235.23 3
235.23 235.72 2
235.72 236.01 0
236.01 237.57 2
237.57 238.05 3
238.05 238.42 2
238.42 238.73 0
238.73 240.49 2
240.49 240.99 3
240.99 241.33 2
241.33 241.70 0
241.70 243.35 2
243.35 243.52 0
243.52 244.31 2
244.31 244.77 3
244.77 245.35 2
245.35 246.00 0
246.00 248.48 2
248.48 248.65 0
248.65 249.42 1
249.42 249.63 0
249.63 251.52 2
251.52 251.76 0
251.76 252.50 1
252.50 252.58 3
252.58 252.95 2
252.95 253.61 0
253.61 254.26 2
254.26 255.00 0
255.00 256.11 2
256.11 256.32 0
256.32 256.71 1
256.71 256.88 0
256.88 260.37 2
260.37 261.17 3
261.17 261.34 2
261.34 261.44 3
261.44 262.25 1
262.25 262.36 0
262.36 264.40 2
264.40 264.46 0
264.46 265.19 1
265.19 265.63 3
265.63 266.25 2
266.25 267.34 0
267.34 268.30 2
268.30 268.57 0
268.57 268.93 2
268.93 269.53 0
269.53 269.95 2
269.95 270.07 0
270.07 272.24 2
272.24 273.01 3
273.01 273.05 1
273.05 273.20 0
273.20 273.31 1
273.31 274.20 3
274.20 275.55 2
275.55 275.87 3
275.87 277.09 1
277.09 277.54 3
277.54 277.68 2
277.68 277.84 3
277.84 278.38 1
278.38 278.50 3
278.50 278.83 2
278.83 279.15 3
279.15 280.13 2
280.13 280.56 0
280.56 282.60 2
282.60 283.55 3
283.55 284.48 2
284.48 284.49 3
284.49 284.92 1
284.92 285.23 0
285.23 285.62 2
285.62 286.83 0
286.83 288.09 2
288.09 288.33 0
288.33 288.91 1
288.91 289.40 3
289.40 290.56 2
290.56 290.68 3
290.68 291.01 1
291.01 292.49 3
292.49 292.72 2
292.72 293.24 0
293.24 293.74 2
293.74 293.80 0
293.80 294.66 1
294.66 294.75 0
294.75 297.21 2
297.21 297.45 0
297.45 298.88 2
298.88 299.63 3
299.63 300.61 2
300.61 301.02 3
301.02 301.05 1
301.05 301.18 3
301.18 301.24 2
301.24 301.73 3
301.73 305.57 2
305.57 305.59 0
305.59 305.90 1
305.90 306.17 3
306.17 306.26 2
306.26 306.81 3
306.81 306.92 2
306.92 306.98 0
306.98 308.28 2
308.28 309.05 3
309.05 309.58 2
309.58 309.80 0
309.80 310.14 1
310.14 310.18 3
310.18 312.19 2
312.19 312.39 0
312.39 312.45 1
312.45 312.86 3
312.86 313.20 2
313.20 313.36 0
313.36 314.80 1
314.80 315.02 0
315.02 315.36 1
315.36 315.92 3
315.92 316.72 2
316.72 318.05 3
318.05 318.72 2
318.72 319.06 0
319.06 322.08 2
322.08 322.30 0
322.30 322.38 1
322.38 322.75 3
322.75 323.10 2
323.10 323.22 0
323.22 323.24 1
323.24 323.55 3
323.55 323.89 2
323.89 324.23 0
324.23 324.56 2
324.56 324.61 3
324.61 325.04 1
325.04 326.06 0
326.06 326.26 2
326.26 327.45 3
327.45 327.56 1
327.56 327.65 3
327.65 329.74 2
329.74 329.83 0
329.83 330.87 1
330.87 331.00 3
331.00 333.05 2
333.05 333.32 3
333.32 334.07 2
334.07 334.66 0
334.66 335.29 2
335.29 335.87 0
335.87 340.50 2
340.50 341.27 0
341.27 344.25 2
344.25 344.55 3
344.55 344.87 2
344.87 344.94 0
344.94 345.43 1
345.43 345.60 0
345.60 346.41 2
346.41 347.02 0
347.02 349.88 2
349.88 350.41 0
350.41 353.67 2
353.67 355.76 3
355.76 356.69 2
356.69 356.90 0
356.90 357.35 1
357.35 357.37 3
357.37 359.57 2
359.57 359.81 3
359.81 360.04 1
360.04 360.29 0
360.29 360.40 1
360.40 360.49 3
360.49 361.89 2
361.89 361.97 0
361.97 362.51 1
362.51 363.10 0
363.10 364.26 2
364.26 364.71 0
364.71 366.57 2
366.57 366.93 3
366.93 367.11 2
367.11 367.53 3
367.53 367.73 2
367.73 368.17 0
368.17 368.43 1
368.43 368.56 0
368.56 369.66 2
369.66 370.08 3
370.08 370.44 1
370.44 370.47 0
370.47 370.74 2
370.74 371.08 3
371.08 371.72 2
371.72 372.01 0
372.01 372.44 1
372.44 372.84 0
372.84 372.87 2
372.87 372.97 3
372.97 374.13 2
374.13 374.32 0
374.32 375.38 1
375.38 376.10 0
376.10 376.71 2
376.71 376.88 0
376.88 377.87 1
377.87 378.98 0
378.98 379.43 2
379.43 379.53 0
379.53 384.40 1
384.40 385.00 0
385.00 385.84 2
385.84 386.68 3
386.68 388.49 1
388.49 388.90 0
388.90 389.37 1
389.37 389.73 3
389.73 392.02 1
392.02 392.55 0
392.55 395.37 1
395.37 396.73 0
396.73 396.89 1
396.89 397.11 3
397.11 399.76 2
399.76 400.14 0
400.14 401.63 2
401.63 401.86 3
401.86 403.21 2
403.21 403.23 0
403.23 403.74 1
403.74 403.82 0
403.82 406.75 2
406.75 406.85 3
406.85 408.00 1
408.00 408.33 3
408.33 411.64 2
411.64 411.68 3
411.68 412.46 1
412.46 413.54 0
413.54 413.82 1
413.82 414.20 3
414.20 414.31 1
414.31 414.51 0
414.51 415.06 2
415.06 415.22 0
415.22 415.65 1
415.65 416.24 3
416.24 417.09 2
417.09 417.26 0
417.26 417.71 1
417.71 418.38 3
418.38 419.40 1
419.40 419.87 3
419.87 419.95 2
419.95 420.15 0
420.15 420.68 1
420.68 421.00 3
421.00 421.51 1
421.51 421.96 0
421.96 422.34 2
422.34 422.44 0
422.44 422.76 1
422.76 423.80 0
423.80 426.80 1
426.80 427.63 0
427.63 427.87 2
427.87 428.32 3
428.32 428.59 1
428.59 428.70 3
428.70 429.02 2
429.02 429.45 0
429.45 430.34 1
430.34 430.60 0
430.60 432.09 1
432.09 432.67 0
432.67 432.99 1
432.99 433.17 3
433.17 433.47 2
433.47 434.36 3
434.36 434.68 2
434.68 435.79 0
435.79 437.99 2
437.99 438.51 3
438.51 438.70 1
438.70 439.19 0
439.19 439.26 1
439.26 439.69 3
439.69 441.88 2
441.88 442.26 3
442.26 443.46 2
443.46 444.04 0
444.04 447.25 2
447.25 447.26 0
447.26 447.48 1
447.48 447.65 3
447.65 448.13 2
448.13 448.23 0
448.23 448.49 1
448.49 448.57 3
448.57 450.52 2
450.52 450.84 0
450.84 451.09 1
451.09 451.23 3
451.23 453.77 2
453.77 454.24 0
454.24 457.21 2
457.21 457.60 0
457.60 461.01 2
461.01 461.14 0
461.14 462.55 2
462.55 462.64 3
462.64 463.09 1
463.09 463.62 3
463.62 466.19 2
466.19 466.45 0
466.45 466.92 1
466.92 467.05 0
467.05 468.51 2
468.51 468.94 0
468.94 470.89 2
470.89 470.96 0
470.96 471.12 1
471.12 471.39 3
471.39 474.19 2
474.19 474.25 0
474.25 476.25 2
476.25 476.67 3
476.67 478.02 2
478.02 478.39 3
478.39 479.98 2
479.98 480.22 0
480.22 482.84 2
482.84 483.43 0
483.43 484.86 2
484.86 485.30 0
485.30 486.17 2
486.17 486.65 0
486.65 487.01 1
487.01 487.08 3
487.08 488.20 2
488.20 488.39 0
488.39 489.95 1
489.95 490.76 0
490.76 491.10 2
491.10 491.26 0
491.26 491.83 3
491.83 492.39 2
492.39 492.54 3
492.54 492.71 1
492.71 492.74 3
492.74 492.94 2
492.94 493.08 3
493.08 493.30 1
493.30 494.71 0
494.71 495.76 1
495.76 496.32 3
496.32 496.43 2
496.43 497.01 0
497.01 497.36 1
497.36 498.37 0
498.37 503.26 2
503.26 503.34 0
503.34 504.61 1
504.61 505.38 0
505.38 505.71 2
505.71 505.92 0
505.92 506.29 1
506.29 507.87 0
507.87 508.14 1
508.14 508.54 3
508.54 511.43 2
511.43 511.63 0
511.63 512.38 1
512.38 513.14 0
513.14 513.51 1
513.51 513.80 0
513.80 516.09 1
516.09 516.31 0
516.31 516.38 1
516.38 516.68 3
516.68 516.83 2
516.83 517.67 0
517.67 517.76 1
517.76 517.99 3
517.99 519.62 2
519.62 519.77 3
519.77 520.01 1
520.01 520.04 0
520.04 521.26 2
521.26 521.32 0
521.32 521.71 1
521.71 521.95 0
521.95 522.01 2
522.01 522.35 3
522.35 522.70 2
522.70 524.51 0
524.51 524.93 1
524.93 526.23 0
526.23 527.14 1
527.14 528.11 0
528.11 531.05 1
531.05 531.12 0
531.12 532.54 2
532.54 532.73 0
532.73 534.18 1
534.18 534.84 0
534.84 535.34 2
535.34 535.90 3
535.90 537.60 1
537.60 538.53 0
538.53 538.92 1
538.92 539.15 3
539.15 540.23 2
540.23 540.67 3
540.67 543.83 1
543.83 544.25 0
544.25 544.94 2
544.94 544.95 0
544.95 545.05 1
545.05 546.17 3
546.17 546.35 1
546.35 547.82 3
547.82 548.18 1
548.18 548.32 3
548.32 548.47 2
548.47 548.56 3
548.56 548.97 1
548.97 549.32 3
549.32 550.55 1
550.55 550.83 3
550.83 552.34 2
552.34 552.45 3
552.45 555.27 1
555.27 555.98 0
555.98 556.32 1
556.32 556.76 3
556.76 558.63 1
558.63 559.35 0
559.35 559.84 1
559.84 560.22 3
560.22 560.50 1
560.50 561.25 0
561.25 561.36 2
561.36 561.98 3
561.98 562.87 1
562.87 564.12 0
564.12 565.25 2
565.25 565.26 3
565.26 568.36 1
568.36 568.65 0
568.65 569.12 1
569.12 569.82 3
569.82 570.28 1
570.28 571.07 0
571.07 571.29 2
571.29 571.48 3
571.48 572.30 2
572.30 572.42 0
572.42 572.66 1
572.66 572.93 3
572.93 573.29 2
573.29 573.33 0
573.33 574.89 1
574.89 575.27 0
575.27 575.67 1
575.67 576.25 3
576.25 576.30 2
576.30 576.59 0
576.59 578.74 1
578.74 579.75 0
579.75 582.19 1
582.19 582.68 0
582.68 586.14 1
586.14 586.72 0
586.72 589.55 1
589.55 590.57 0
590.57 591.43 2
591.43 591.55 3
591.55 593.85 1
593.85 594.38 0
594.38 594.87 2
594.87 598.00 3
598.00 601.42 1
601.42 602.17 0
602.17 602.70 2
602.70 603.00 3
603.00 606.76 1
