0.00 3.18 2
3.18 4.04 0
4.04 5.96 2
5.96 6.74 0
6.74 7.98 2
7.98 8.54 0
8.54 9.95 2
9.95 10.48 0
10.48 11.28 2
11.28 11.52 0
11.52 12.16 2
12.16 12.82 0
12.82 14.38 2
14.38 14.57 0
14.57 15.38 1
15.38 16.25 0
16.25 16.57 2
16.57 17.86 0
17.86 18.71 2
18.71 18.84 0
18.84 19.53 2
19.53 19.85 0
19.85 22.42 2
22.42 23.03 0
23.03 27.27 2
27.27 27.34 0
27.34 27.60 1
27.60 27.78 3
27.78 28.28 2
28.28 29.24 0
29.24 29.30 1
29.30 29.93 3
29.93 33.09 1
33.09 33.33 0
33.33 33.78 2
33.78 33.82 3
33.82 35.82 1
35.82 36.61 0
36.61 37.90 2
37.90 39.28 0
39.28 42.27 2
42.27 43.67 0
43.67 44.03 1
44.03 44.08 0
44.08 44.64 2
44.64 44.98 0
44.98 45.37 2
45.37 47.13 0
47.13 47.83 2
47.83 49.22 0
49.22 52.68 1
52.68 53.27 0
53.27 53.66 2
53.66 54.32 3
54.32 55.21 1
55.21 55.40 0
55.40 55.74 2
55.74 56.01 0
56.01 57.28 2
57.28 59.68 0
59.68 60.24 2
60.24 60.90 0
60.90 61.86 2
61.86 62.72 0
62.72 66.13 2
66.13 66.42 0
66.42 66.44 1
66.44 66.91 3
66.91 67.22 1
67.22 68.02 0
68.02 70.65 2
70.65 70.78 0
70.78 71.81 1
71.81 72.41 3
72.41 72.51 1
72.51 72.89 0
72.89 73.78 2
73.78 74.28 0
74.28 75.80 1
75.80 75.90 3
75.90 78.21 2
78.21 78.28 3
78.28 79.74 1
79.74 79.91 0
79.91 80.40 2
80.40 81.22 3
81.22 81.62 1
81.62 82.11 0
82.11 82.81 2
82.81 83.88 0
83.88 84.41 2
84.41 85.31 0
85.31 85.69 2
85.69 86.22 0
86.22 86.98 2
86.98 87.64 0
87.64 89.76 2
89.76 90.19 3
90.19 91.41 1
91.41 92.84 0
92.84 93.91 1
93.91 94.28 0
94.28 94.85 1
94.85 95.03 0
95.03 96.36 1
96.36 96.84 0
96.84 98.92 2
98.92 100.36 0
100.36 100.49 2
100.49 100.96 0
100.96 107.54 2
107.54 107.91 0
107.91 108.47 1
108.47 108.78 0
108.78 111.32 2
111.32 112.38 0
112.38 113.09 2
113.09 114.12 3
114.12 114.34 1
114.34 115.08 0
115.08 119.68 1
119.68 119.83 0
119.83 121.26 2
121.26 121.78 0
121.78 124.89 1
124.89 125.83 0
125.83 128.27 1
128.27 128.41 3
128.41 129.48 1
129.48 130.03 0
130.03 130.66 2
130.66 130.99 0
130.99 131.47 2
131.47 131.59 0
131.59 135.79 2
135.79 135.84 0
135.84 138.09 2
138.09 138.44 3
138.44 138.81 2
138.81 138.85 0
138.85 142.82 2
142.82 143.07 0
143.07 143.72 1
143.72 144.16 0
144.16 148.55 2
148.55 148.66 0
148.66 150.30 2
150.30 151.55 0
151.55 152.49 1
152.49 154.97 0
154.97 157.03 2
157.03 157.18 0
157.18 160.86 2
160.86 161.76 0
161.76 163.86 2
163.86 164.72 0
164.72 167.07 1
167.07 167.17 0
167.17 169.28 2
169.28 169.36 0
169.36 169.90 1
169.90 170.56 0
170.56 172.50 1
172.50 172.76 0
172.76 173.59 1
173.59 173.92 3
173.92 174.01 1
174.01 174.13 0
174.13 176.09 1
176.09 176.61 0
176.61 177.09 1
177.09 177.72 0
177.72 180.46 1
180.46 180.97 0
180.97 184.16 1
184.16 184.37 3
184.37 185.30 2
185.30 185.40 0
185.40 186.79 1
186.79 186.99 3
186.99 188.52 2
188.52 188.67 0
188.67 191.13 1
191.13 191.49 0
191.49 192.85 1
192.85 193.05 0
193.05 194.53 2
194.53 194.91 0
194.91 198.03 2
198.03 198.41 0
198.41 199.35 2
199.35 200.87 1
200.87 201.32 0
201.32 201.84 2
201.84 202.55 3
202.55 204.12 1
204.12 204.18 3
204.18 204.32 2
204.32 204.86 3
204.86 207.69 1
207.69 207.74 0
207.74 209.02 1
209.02 209.21 0
209.21 212.17 1
212.17 212.26 3
212.26 213.21 2
213.21 213.93 3
213.93 214.84 1
214.84 216.23 3
216.23 216.76 2
216.76 217.19 0
217.19 219.67 1
219.67 220.67 0
220.67 220.87 1
220.87 221.36 3
221.36 222.25 1
222.25 222.30 0
222.30 223.66 2
223.66 224.27 1
224.27 224.54 0
224.54 224.98 2
224.98 225.78 0
225.78 226.76 1
226.76 227.77 3
227.77 229.43 2
229.43 229.66 0
229.66 230.50 1
230.50 230.90 0
230.90 231.50 2
231.50 231.59 3
231.59 232.07 1
232.07 232.19 0
232.19 232.91 2
232.91 232.99 3
232.99 235.91 1
235.91 236.00 0
236.00 237.50 1
237.50 237.60 0
237.60 239.50 1
239.50 239.82 0
239.82 242.82 1
242.82 243.01 0
243.01 244.23 2
244.23 245.14 0
245.14 245.43 2
245.43 245.49 0
245.49 246.34 1
246.34 248.73 0
248.73 248.93 1
248.93 249.11 3
249.11 249.28 2
249.28 249.65 0
249.65 249.68 2
249.68 249.91 3
249.91 250.40 1
250.40 250.77 0
250.77 251.76 1
251.76 252.27 0
252.27 252.64 2
252.64 252.69 0
252.69 253.52 1
253.52 254.52 0
254.52 255.08 2
255.08 255.12 0
255.12 255.67 1
255.67 256.14 3
256.14 257.04 2
257.04 257.55 0
257.55 258.32 1
258.32 259.57 0
259.57 259.97 2
259.97 260.92 0
260.92 261.37 1
261.37 263.41 0
263.41 263.51 2
263.51 263.62 3
263.62 263.92 1
263.92 264.19 0
264.19 266.17 1
266.17 267.38 0
267.38 270.44 1
270.44 270.65 0
270.65 270.83 1
270.83 271.03 3
271.03 272.08 2
272.08 272.79 3
272.79 274.88 1
274.88 275.53 3
275.53 276.07 1
276.07 277.26 0
277.26 277.89 2
277.89 278.71 0
278.71 279.57 2
279.57 279.92 3
279.92 285.54 1
285.54 287.04 0
287.04 288.16 2
288.16 288.29 3
288.29 289.24 1
289.24 289.48 0
289.48 290.82 1
290.82 290.91 0
290.91 295.53 1
295.53 295.59 0
295.59 298.28 1
298.28 298.71 0
298.71 299.36 2
299.36 300.28 0
300.28 300.51 2
300.51 300.99 0
300.99 302.56 2
302.56 304.56 0
304.56 307.44 1
307.44 308.22 0
308.22 309.79 2
309.79 311.21 0
311.21 312.71 2
312.71 315.10 0
315.10 315.98 2
315.98 317.22 0
317.22 317.35 2
317.35 317.57 0
317.57 318.80 2
318.80 319.05 0
319.05 320.75 2
320.75 320.91 3
320.91 321.53 1
321.53 321.77 0
321.77 322.14 1
322.14 322.69 3
322.69 323.61 1
323.61 323.93 0
323.93 327.18 2
327.18 327.46 0
327.46 328.50 2
328.50 329.99 0
329.99 331.00 1
331.00 332.21 0
332.21 332.83 2
332.83 333.16 0
333.16 334.22 2
334.22 334.37 0
334.37 334.87 1
334.87 335.47 0
335.47 335.49 2
335.49 336.33 3
336.33 338.33 2
338.33 338.41 3
338.41 341.69 1
341.69 342.28 0
342.28 342.65 1
342.65 343.11 3
343.11 343.68 1
343.68 344.85 0
344.85 348.88 1
348.88 349.42 0
349.42 350.60 2
350.60 350.73 0
350.73 355.05 1
355.05 355.09 0
355.09 359.55 1
359.55 359.90 0
359.90 360.44 2
360.44 360.52 0
360.52 361.58 2
361.58 361.82 1
361.82 362.06 3
362.06 362.66 2
362.66 363.18 0
363.18 364.20 1
364.20 364.46 3
364.46 366.91 2
366.91 367.00 3
367.00 368.60 1
368.60 368.92 3
368.92 369.70 1
369.70 370.44 0
370.44 370.70 2
370.70 370.97 0
370.97 371.34 2
371.34 372.22 0
372.22 372.97 1
372.97 373.07 0
373.07 373.22 1
373.22 373.31 0
373.31 375.38 1
375.38 377.01 0
377.01 377.87 2
377.87 379.96 0
379.96 380.44 2
380.44 380.58 0
380.58 380.92 1
380.92 381.59 0
381.59 381.99 2
381.99 382.04 0
382.04 384.19 2
384.19 384.56 0
384.56 384.86 1
384.86 385.05 3
385.05 387.64 2
387.64 387.68 3
387.68 388.16 1
388.16 388.83 0
388.83 389.67 1
389.67 389.78 0
389.78 390.49 1
390.49 390.81 0
390.81 392.73 2
392.73 392.79 0
392.79 393.52 2
393.52 393.79 0
393.79 395.78 1
395.78 396.05 0
396.05 396.50 2
396.50 396.66 0
396.66 396.81 1
396.81 396.86 0
396.86 396.91 2
396.91 397.31 3
397.31 399.40 1
399.40 399.89 0
399.89 400.47 2
400.47 400.94 0
400.94 402.32 2
402.32 402.60 3
402.60 402.72 1
402.72 403.07 0
403.07 403.52 1
403.52 403.56 0
403.56 403.68 2
403.68 404.11 3
404.11 405.17 1
405.17 405.56 3
405.56 405.58 1
405.58 405.95 0
405.95 406.69 2
406.69 406.90 0
406.90 407.24 1
407.24 408.60 0
408.60 409.86 2
409.86 409.95 0
409.95 410.06 1
410.06 410.45 3
410.45 410.81 1
410.81 412.29 0
412.29 413.08 2
413.08 414.52 0
414.52 415.29 2
415.29 415.36 0
415.36 417.19 2
417.19 417.39 3
417.39 420.67 1
420.67 421.08 0
421.08 422.16 2
422.16 423.03 0
423.03 424.18 2
424.18 424.50 3
424.50 425.67 1
425.67 425.78 0
425.78 428.53 1
428.53 428.58 0
428.58 430.53 1
430.53 431.52 0
431.52 431.94 2
431.94 432.10 3
432.10 432.43 1
432.43 432.50 0
432.50 432.63 1
432.63 434.62 3
434.62 435.42 1
435.42 436.60 3
436.60 436.65 2
436.65 436.94 3
436.94 436.96 1
436.96 437.47 3
437.47 439.02 1
439.02 439.59 0
439.59 439.78 2
439.78 440.45 3
440.45 441.09 1
441.09 441.35 3
441.35 443.69 2
443.69 443.96 0
443.96 444.44 1
444.44 445.07 3
445.07 445.63 2
445.63 445.64 3
445.64 447.66 1
447.66 447.81 0
447.81 448.09 1
448.09 448.82 0
448.82 449.41 2
449.41 449.77 0
449.77 450.67 2
450.67 450.94 0
450.94 453.22 2
453.22 453.76 0
453.76 453.80 1
453.80 454.16 3
454.16 454.33 2
454.33 454.68 0
454.68 456.90 2
456.90 457.23 0
457.23 458.11 1
458.11 458.36 0
458.36 460.88 2
460.88 461.34 3
461.34 461.44 1
461.44 461.94 0
461.94 463.28 2
463.28 464.43 0
464.43 464.94 2
464.94 465.76 3
465.76 465.99 1
465.99 467.11 3
467.11 467.18 2
467.18 468.26 0
468.26 471.65 1
471.65 472.17 3
472.17 473.50 2
473.50 473.57 0
473.57 474.73 1
474.73 475.06 0
475.06 475.07 1
475.07 475.36 3
475.36 477.29 2
477.29 477.45 0
477.45 478.80 2
478.80 479.26 3
479.26 479.46 2
479.46 479.51 0
479.51 480.55 1
480.55 483.41 0
483.41 485.31 1
485.31 486.13 0
486.13 486.81 2
486.81 488.12 0
488.12 490.27 2
490.27 490.46 0
490.46 491.32 1
491.32 492.12 0
492.12 492.19 2
492.19 492.52 3
492.52 494.74 1
494.74 495.41 0
495.41 496.03 2
496.03 497.11 0
497.11 498.13 1
498.13 498.28 0
498.28 500.97 1
500.97 501.94 0
501.94 501.99 2
501.99 502.27 3
502.27 503.36 1
503.36 503.99 0
503.99 505.60 1
505.60 505.76 0
505.76 506.01 1
506.01 506.73 0
506.73 507.04 2
507.04 508.89 0
508.89 510.42 2
510.42 510.59 0
510.59 512.67 2
512.67 515.38 0
515.38 515.57 2
515.57 515.94 0
515.94 517.34 2
517.34 517.64 0
517.64 518.45 2
518.45 518.80 0
518.80 519.88 2
519.88 520.15 0
520.15 522.72 1
522.72 522.74 0
522.74 523.86 2
523.86 525.57 0
525.57 529.15 2
529.15 530.12 0
530.12 531.89 2
531.89 532.08 0
532.08 532.36 2
532.36 532.45 0
532.45 533.62 2
533.62 533.65 0
533.65 534.46 1
534.46 534.57 0
534.57 535.22 1
535.22 535.37 3
535.37 537.51 2
537.51 537.80 0
537.80 538.53 1
538.53 539.91 3
539.91 540.68 1
540.68 541.54 0
541.54 543.04 2
543.04 543.40 0
543.40 544.84 2
544.84 545.25 0
545.25 545.77 2
545.77 546.16 0
546.16 547.35 2
547.35 547.88 0
547.88 550.65 2
550.65 550.68 0
550.68 553.84 2
553.84 553.96 0
553.96 554.44 1
554.44 554.50 0
554.50 558.51 2
558.51 558.57 0
558.57 558.74 2
558.74 559.84 0
559.84 560.93 2
560.93 561.04 3
561.04 561.80 1
561.80 562.19 0
562.19 564.93 2
564.93 565.41 0
565.41 566.56 2
566.56 566.70 0
566.70 567.97 2
567.97 568.84 3
568.84 569.19 1
569.19 570.09 3
570.09 570.63 1
570.63 571.12 0
571.12 572.53 2
572.53 572.64 0
572.64 572.84 2
572.84 572.93 0
572.93 575.01 2
575.01 575.95 0
575.95 577.17 2
577.17 577.37 0
577.37 577.57 1
577.57 577.80 3
577.80 578.01 1
578.01 578.04 0
578.04 581.03 2
581.03 582.04 0
582.04 584.73 2
584.73 585.02 0
585.02 587.64 2
587.64 587.95 3
587.95 589.04 1
589.04 589.22 0
589.22 589.68 2
589.68 589.87 0
589.87 590.85 2
590.85 590.86 0
590.86 592.01 1
592.01 592.48 3
592.48 593.25 2
593.25 593.35 3
593.35 594.22 1
594.22 595.38 0
595.38 596.23 2
596.23 596.53 0
596.53 598.85 2
598.85 599.19 0
599.19 600.15 2
600.15 601.41 0
601.41 603.63 2
603.63 615.07 0
615.07 622.81 1
