0	0.52	0
0.52	4.6	1
4.6	5.11	2
5.11	5.62	1
5.62	6.13	2
6.13	9.19	1
9.19	9.7	0
9.7	10.21	2
10.21	15.31	1
15.31	15.82	0
15.82	18.37	1
18.37	18.88	0
18.88	19.39	2
19.39	20.41	1
20.41	21.43	2
21.43	25.51	1
25.51	26.02	2
26.02	28.06	0
28.06	29.08	2
29.08	30.61	0
30.61	31.63	2
31.63	32.14	0
32.14	35.2	2
35.2	35.71	0
35.71	36.22	2
36.22	37.75	1
37.75	38.26	0
38.26	41.83	1
41.83	42.34	0
42.34	42.85	2
42.85	45.4	1
45.4	45.91	0
45.91	46.42	2
46.42	47.95	1
47.95	48.46	0
48.46	48.97	2
48.97	49.99	1
49.99	50.5	0
50.5	51.52	2
51.52	52.03	0
52.03	55.09	1
55.09	55.6	0
55.6	56.11	2
56.11	58.66	1
58.66	59.17	0
59.17	59.68	2
59.68	60.7	0
60.7	62.23	2
62.23	63.76	0
63.76	66.31	2
66.31	66.82	0
66.82	67.84	1
67.84	68.35	0
68.35	69.37	2
69.37	69.88	0
69.88	70.9	1
70.9	71.41	0
71.41	72.43	2
72.43	72.94	1
72.94	73.45	0
73.45	74.47	2
74.47	76.51	1
76.51	77.02	0
77.02	77.53	2
77.53	78.04	0
78.04	79.57	2
79.57	80.08	1
80.08	80.59	0
80.59	81.1	2
81.1	82.12	0
82.12	83.14	2
83.14	83.65	0
83.65	85.18	1
85.18	85.69	0
85.69	92.32	2
92.32	92.83	0
92.83	93.34	1
93.34	94.36	2
94.36	94.87	1
94.87	98.44	2
98.44	98.95	1
98.95	100.99	2
100.99	101.5	1
101.5	104.56	2
104.56	105.07	1
105.07	106.6	2
106.6	113.74	1
113.74	114.25	0
114.25	114.76	2
114.76	116.29	0
116.29	123.94	2
123.94	124.45	0
124.45	129.55	2
129.55	130.06	1
130.06	131.08	0
131.08	132.1	2
132.1	132.61	0
132.61	134.14	2
134.14	134.65	1
134.65	135.16	0
135.16	137.2	1
137.2	137.71	2
137.71	139.24	1
139.24	140.77	2
140.77	141.28	1
141.28	144.34	2
144.34	144.85	0
144.85	145.36	1
145.36	146.89	2
146.89	150.46	1
150.46	150.97	0
150.97	152.5	2
152.5	164.23	1
164.23	164.74	0
164.74	169.84	2
169.84	172.39	1
172.39	173.41	2
173.41	173.92	1
173.92	176.98	2
176.98	178	0
178	181.06	2
181.06	184.12	1
184.12	184.63	2
184.63	185.14	1
185.14	186.16	2
186.16	187.69	1
187.69	188.2	2
188.2	189.22	0
189.22	190.24	1
190.24	192.28	2
192.28	194.83	1
194.83	197.38	2
197.38	198.4	1
198.4	198.91	0
198.91	205.03	1
205.03	205.54	2
205.54	206.56	0
206.56	210.64	2
210.64	211.66	0
211.66	212.17	2
212.17	212.68	0
212.68	213.19	2
213.19	216.25	1
216.25	216.76	0
216.76	218.29	1
218.29	221.86	2
221.86	222.37	0
222.37	223.9	2
223.9	229	1
229	231.55	2
231.55	232.06	0
232.06	233.08	2
233.08	233.59	0
233.59	234.1	2
234.1	235.63	0
235.63	236.14	2
236.14	237.16	0
237.16	238.69	1
238.69	239.2	0
239.2	245.32	2
245.32	245.83	0
245.83	246.34	2
246.34	247.87	1
247.87	250.93	2
250.93	251.95	0
251.95	256.03	2
256.03	256.54	1
256.54	259.09	2
259.09	259.6	1
259.6	261.13	2
261.13	263.17	0
263.17	263.68	1
263.68	266.23	2
266.23	270.31	1
270.31	274.39	2
274.39	274.9	0
274.9	275.41	2
275.41	276.43	0
276.43	276.94	2
276.94	277.96	0
277.96	278.47	2
278.47	279.49	0
279.49	280	2
280	280.51	0
280.51	282.04	2
282.04	282.55	0
282.55	284.59	2
284.59	285.1	1
285.1	287.14	2
287.14	287.65	0
287.65	290.2	2
290.2	292.24	0
292.24	293.26	2
293.26	294.28	0
294.28	295.3	2
295.3	295.81	0
295.81	296.83	1
296.83	297.85	0
297.85	298.87	2
298.87	299.38	0
299.38	299.89	2
299.89	300.4	0
300.4	303.46	1
303.46	303.97	0
303.97	304.48	2
304.48	307.54	1
307.54	308.56	0
308.56	312.13	2
312.13	312.64	0
312.64	313.66	1
313.66	315.19	2
315.19	316.72	1
316.72	317.23	0
317.23	321.82	2
321.82	324.88	1
324.88	325.39	2
325.39	325.9	1
325.9	326.41	0
326.41	327.43	2
327.43	327.94	0
327.94	328.45	1
328.45	328.96	2
328.96	329.98	1
329.98	331	2
331	332.53	0
332.53	335.08	2
335.08	335.59	0
335.59	336.1	2
336.1	338.65	1
338.65	339.16	0
339.16	339.67	2
339.67	342.22	1
342.22	343.24	0
343.24	344.77	2
344.77	345.28	0
345.28	349.36	1
349.36	350.38	0
350.38	351.4	1
351.4	351.91	0
351.91	352.42	1
352.42	353.44	0
353.44	355.99	2
355.99	360.58	1
360.58	362.11	2
362.11	362.62	1
362.62	363.13	2
363.13	363.64	1
363.64	364.15	0
364.15	366.7	1
366.7	367.21	0
367.21	367.72	2
367.72	368.23	1
368.23	370.27	0
370.27	370.78	1
370.78	371.8	0
371.8	372.82	2
372.82	374.35	1
374.35	374.86	0
374.86	375.88	2
375.88	376.39	1
376.39	376.9	0
376.9	379.96	1
379.96	381.49	2
381.49	382.51	1
382.51	383.02	2
383.02	385.06	1
385.06	386.08	2
386.08	390.16	1
390.16	390.67	0
390.67	391.69	2
391.69	392.2	1
392.2	392.71	0
392.71	395.26	2
395.26	395.77	0
395.77	397.81	2
397.81	398.32	1
398.32	398.83	2
398.83	401.89	1
401.89	402.4	0
402.4	403.42	1
403.42	405.46	2
405.46	406.99	0
406.99	411.07	1
411.07	412.09	2
412.09	412.6	0
412.6	413.11	2
413.11	413.62	0
413.62	415.66	1
415.66	416.68	2
416.68	418.21	1
418.21	419.23	2
419.23	419.74	0
419.74	420.76	2
420.76	423.31	1
423.31	423.82	2
423.82	424.84	0
424.84	425.35	2
425.35	431.98	1
431.98	432.49	2
432.49	438.1	1
438.1	439.12	2
439.12	440.14	1
440.14	440.65	0
440.65	442.18	2
442.18	444.22	0
444.22	444.73	2
444.73	445.75	0
445.75	448.81	2
448.81	449.32	0
449.32	450.34	1
450.34	450.85	0
450.85	452.89	2
452.89	453.4	1
453.4	453.91	2
453.91	454.42	0
454.42	456.97	2
456.97	457.99	1
457.99	461.05	2
461.05	461.56	0
461.56	467.17	2
467.17	468.19	0
468.19	471.76	2
471.76	473.29	0
473.29	474.31	2
474.31	474.82	0
474.82	479.92	2
479.92	480.43	0
480.43	480.94	2
480.94	481.45	0
481.45	482.47	2
482.47	483.49	0
483.49	484.51	2
484.51	485.53	0
485.53	486.55	2
486.55	488.59	0
488.59	489.1	2
489.1	489.61	1
489.61	490.12	0
490.12	490.63	2
490.63	492.16	0
492.16	494.2	2
494.2	494.71	0
494.71	495.22	2
495.22	495.73	1
495.73	496.75	2
496.75	499.81	1
499.81	500.32	0
500.32	501.85	2
501.85	502.87	1
502.87	504.4	2
504.4	508.99	1
508.99	509.5	2
509.5	510.52	1
510.52	511.54	0
511.54	515.62	1
515.62	516.64	2
516.64	518.68	0
518.68	520.21	2
520.21	521.23	1
521.23	521.74	0
521.74	522.25	2
522.25	527.86	1
527.86	528.37	0
528.37	529.9	2
529.9	530.41	1
530.41	530.92	0
530.92	534.49	2
534.49	536.02	1
536.02	536.53	2
536.53	538.06	1
538.06	542.14	2
542.14	542.65	1
542.65	543.67	0
543.67	544.18	2
544.18	544.69	0
544.69	549.79	2
549.79	551.32	1
551.32	552.85	2
552.85	553.36	0
553.36	559.48	2
559.48	559.99	1
559.99	560.5	0
560.5	561.52	2
561.52	562.03	0
562.03	564.58	2
564.58	565.09	0
565.09	567.64	2
567.64	569.17	0
569.17	570.19	2
570.19	571.21	0
571.21	573.76	2
573.76	574.27	0
574.27	577.33	1
577.33	580.39	2
580.39	581.41	1
581.41	582.43	2
582.43	582.94	0
582.94	583.96	2
583.96	584.98	0
584.98	586.51	2
586.51	587.53	1
587.53	589.57	2
589.57	590.08	0
590.08	591.1	1
591.1	592.63	2
592.63	595.18	0
595.18	597.22	2
597.22	597.73	0
597.73	598.75	1
598.75	601.81	0
601.81	603.19	2
