0	0.52	0
0.52	3	1
3	3.3	3
3.3	3.4	1
3.4	3.5	3
3.5	3.9	1
3.9	4	3
4	4.1	1
4.1	4.2	3
4.2	4.3	1
4.3	4.5	3
4.5	5.91	1
5.91	8.97	2
8.97	9.2	1
9.2	9.6	3
9.6	9.7	1
9.7	9.8	3
9.8	10.5	1
10.5	10.9	3
10.9	16.6	1
16.6	16.7	3
16.7	17.62	1
17.62	22.21	2
22.21	22.72	1
22.72	23.23	2
23.23	23.74	1
23.74	24.25	2
24.25	24.76	1
24.76	32.41	2
32.41	32.92	0
32.92	33.6	1
33.6	33.7	3
33.7	37.9	1
37.9	38	3
38	39.8	1
39.8	40	3
40	40.2	1
40.2	40.3	3
40.3	40.56	1
40.56	41.58	0
41.58	46.68	1
46.68	47.19	2
47.19	47.7	0
47.7	50.9	1
50.9	51.2	3
51.2	51.3	1
51.3	51.4	3
51.4	54	1
54	54.2	3
54.2	56.9	1
56.9	57.1	3
57.1	57.68	1
57.68	58.19	2
58.19	58.7	0
58.7	60.74	1
60.74	61.25	2
61.25	61.76	0
61.76	61.8	1
61.8	62.2	3
62.2	62.67	1
62.67	63.18	2
63.18	63.3	1
63.3	63.4	3
63.4	64.4	1
64.4	64.6	3
64.6	65.9	1
65.9	66	3
66	67.66	1
67.66	68.17	2
68.17	69.19	0
69.19	70.72	1
70.72	71.4	2
71.4	71.6	3
71.6	71.94	2
71.94	72.1	1
72.1	72.2	3
72.2	76.2	1
76.2	76.3	3
76.3	77.24	1
77.24	78.2	2
78.2	78.4	3
78.4	89.17	2
89.17	89.68	0
89.68	90.19	2
90.19	93.25	1
93.25	95.29	2
95.29	96.82	1
96.82	97.33	2
97.33	97.84	1
97.84	100.9	2
100.9	101.92	1
101.92	104.7	2
104.7	104.8	3
104.8	105	2
105	105.1	3
105.1	105.2	2
105.2	105.3	3
105.3	115.99	2
115.99	116.5	0
116.5	116.8	1
116.8	116.9	3
116.9	117.62	1
117.62	121.7	2
121.7	123.7	1
123.7	123.8	3
123.8	124.35	1
124.35	125.2	2
125.2	125.3	3
125.3	127	2
127	128.02	1
128.02	129.04	0
129.04	131.08	1
131.08	133.4	2
133.4	133.5	3
133.5	133.73	2
133.73	134.24	1
134.24	135.77	2
135.77	139.34	1
139.34	139.85	0
139.85	140.4	1
140.4	140.7	3
140.7	141.17	1
141.17	141.68	2
141.68	144.74	1
144.74	146.27	2
146.27	146.78	0
146.78	150.86	2
150.86	151.88	1
151.88	152.39	2
152.39	154.43	1
154.43	154.94	0
154.94	155	1
155	155.1	3
155.1	155.2	1
155.2	155.4	3
155.4	156	1
156	156.2	3
156.2	157.2	1
157.2	157.3	3
157.3	158.8	1
158.8	159.3	3
159.3	159.6	1
159.6	159.7	3
159.7	160.22	1
160.22	160.73	2
160.73	161.24	1
161.24	161.75	0
161.75	163.2	1
163.2	163.3	3
163.3	163.38	1
163.38	163.4	0
163.4	163.7	3
163.7	164.7	0
164.7	166.74	1
166.74	167.25	0
167.25	168.3	1
168.3	168.4	3
168.4	168.6	1
168.6	168.7	3
168.7	176.12	1
176.12	177.65	2
177.65	178.16	1
178.16	178.67	2
178.67	180.71	1
180.71	181.1	2
181.1	181.2	3
181.2	181.32	2
181.32	181.7	1
181.7	181.9	3
181.9	182.03	1
182.03	182.54	0
182.54	183.05	1
183.05	183.56	0
183.56	185.09	1
185.09	185.6	2
185.6	188.15	1
188.15	189.1	2
189.1	189.2	3
189.2	190	2
190	190.1	3
190.1	190.39	2
190.39	192.94	1
192.94	193.45	2
193.45	193.8	1
193.8	193.9	3
193.9	194.1	1
194.1	194.2	3
194.2	196.2	1
196.2	197.22	2
197.22	197.73	1
197.73	201.81	2
201.81	202.6	1
202.6	202.8	3
202.8	203.03	1
203.03	209.15	2
209.15	209.66	0
209.66	212.72	2
212.72	213.23	1
213.23	217.82	2
217.82	218.33	0
218.33	218.5	1
218.5	218.7	3
218.7	219.04	1
219.04	221.59	2
221.59	222.61	0
222.61	223.12	1
223.12	225.67	2
225.67	226.69	1
226.69	235.36	2
235.36	235.87	0
235.87	237.91	2
237.91	238.42	0
238.42	243.7	2
243.7	243.8	3
243.8	243.9	2
243.9	244	3
244	249.84	2
249.84	250.35	0
250.35	252.39	2
252.39	252.9	1
252.9	259.53	2
259.53	260.55	1
260.55	262.08	2
262.08	263.61	1
263.61	265.65	2
265.65	267.18	1
267.18	267.69	0
267.69	270.75	2
270.75	272.28	1
272.28	277.89	2
277.89	278.91	1
278.91	280.44	2
280.44	280.95	0
280.95	281.46	2
281.46	281.97	1
281.97	286.56	2
286.56	287.07	0
287.07	288.8	2
288.8	289	3
289	292.37	2
292.37	292.88	1
292.88	295.94	2
295.94	296.45	0
296.45	300.53	2
300.53	301.55	1
301.55	305.63	2
305.63	306.14	0
306.14	308.18	2
308.18	308.69	0
308.69	311.75	2
311.75	312.77	0
312.77	312.8	2
312.8	313	3
313	316.03	2
316.03	317.05	1
317.05	317.56	2
317.56	318.07	1
318.07	318.4	2
318.4	318.5	3
318.5	319.19	2
319.19	319.7	0
319.7	325.31	2
325.31	325.82	0
325.82	326.3	1
326.3	326.5	3
326.5	327.55	1
327.55	328.3	2
328.3	328.5	3
328.5	329.28	2
329.28	329.5	1
329.5	329.6	3
329.6	330.4	1
330.4	330.5	3
330.5	331.01	1
331.01	331.52	2
331.52	332.03	0
332.03	332.54	1
332.54	333.1	2
333.1	333.2	3
333.2	333.5	2
333.5	333.6	3
333.6	333.76	2
333.76	335.29	1
335.29	335.8	2
335.8	336.6	1
336.6	336.7	3
336.7	337.43	1
337.43	338.96	2
338.96	342.02	1
342.02	342.53	0
342.53	343.55	1
343.55	344.06	2
344.06	344.57	0
344.57	350.5	1
350.5	350.6	3
350.6	350.79	1
350.79	350.8	2
350.8	350.9	3
350.9	351.91	2
351.91	352.42	0
352.42	354.46	2
354.46	354.8	1
354.8	354.9	3
354.9	357.11	1
357.11	358.13	2
358.13	358.64	0
358.64	361.19	1
361.19	363.74	2
363.74	364.25	0
364.25	369.35	1
369.35	369.7	2
369.7	369.9	3
369.9	370.06	2
370.06	370.5	1
370.5	370.7	3
370.7	371.28	1
371.28	371.79	2
371.79	372.81	1
372.81	373.32	2
373.32	373.8	1
373.8	373.9	3
373.9	373.93	1
373.93	374.44	2
374.44	375.46	0
375.46	375.5	1
375.5	375.8	3
375.8	377.29	1
377.29	377.8	0
377.8	378.3	2
378.3	378.5	3
378.5	378.51	2
378.51	378.8	1
378.8	378.9	3
378.9	379.63	1
379.63	379.9	2
379.9	380.1	3
380.1	380.34	2
380.34	380.4	1
380.4	380.5	3
380.5	384.01	1
384.01	384.4	2
384.4	384.5	3
384.5	385.13	2
385.13	386.15	1
386.15	386.4	2
386.4	386.7	3
386.7	387.47	2
387.47	388.49	1
388.49	388.7	2
388.7	388.9	3
388.9	389	2
389	389.1	3
389.1	389.81	2
389.81	390.3	0
390.3	390.4	3
390.4	390.42	0
390.42	390.6	1
390.6	390.9	3
390.9	391.23	1
391.23	392.25	2
392.25	392.5	1
392.5	392.6	3
392.6	393.2	1
393.2	393.3	3
393.3	395	1
395	395.7	2
395.7	395.8	3
395.8	395.9	2
395.9	396	3
396	396.22	2
396.22	396.73	1
396.73	397.24	2
397.24	398.77	1
398.77	399.7	2
399.7	399.8	3
399.8	400	2
400	400.1	3
400.1	401.1	2
401.1	401.2	3
401.2	401.3	2
401.3	401.4	3
401.4	401.9	2
401.9	402.1	3
402.1	404.47	2
404.47	404.98	0
404.98	406	1
406	407.02	2
407.02	410.08	1
410.08	410.59	2
410.59	413.4	1
413.4	413.5	3
413.5	414.77	1
414.77	416.3	2
416.3	418.34	1
418.34	419.2	2
419.2	419.3	3
419.3	419.46	2
419.46	420.48	0
420.48	422.01	1
422.01	423.54	2
423.54	425.07	1
425.07	425.58	2
425.58	428.4	1
428.4	428.5	3
428.5	428.7	1
428.7	428.8	3
428.8	429	1
429	429.2	3
429.2	429.4	1
429.4	430.1	3
430.1	432.29	1
432.29	432.7	2
432.7	433	3
433	433.1	2
433.1	434.12	1
434.12	434.63	0
434.63	434.8	1
434.8	434.9	3
434.9	435.9	1
435.9	436	3
436	438.91	1
438.91	439.42	0
439.42	440.44	2
440.44	440.95	1
440.95	441.46	2
441.46	441.97	0
441.97	442.48	1
442.48	446.05	2
446.05	446.56	1
446.56	447.07	2
447.07	449	1
449	449.1	3
449.1	449.21	1
449.21	450.2	2
450.2	450.3	3
450.3	450.33	2
450.33	451.35	1
451.35	451.86	0
451.86	452.37	2
452.37	452.8	0
452.8	452.9	3
452.9	452.98	0
452.98	455.8	1
455.8	455.9	3
455.9	456.14	1
456.14	457.16	2
457.16	457.67	0
457.67	461.7	1
461.7	462	3
462	463.07	1
463.07	463.1	2
463.1	463.3	3
463.3	463.78	2
463.78	464.3	1
464.3	464.4	3
464.4	465.6	1
465.6	465.7	3
465.7	465.9	1
465.9	466	3
466	466.2	1
466.2	466.4	3
466.4	466.6	1
466.6	466.7	3
466.7	468.46	1
468.46	469.48	2
469.48	469.6	1
469.6	469.7	3
469.7	470.1	1
470.1	470.2	3
470.2	471.9	1
471.9	472	3
472	472.1	1
472.1	472.4	3
472.4	472.5	1
472.5	472.6	3
472.6	473.7	1
473.7	473.8	3
473.8	473.85	1
473.85	474.7	2
474.7	474.8	3
474.8	474.97	2
474.97	475.1	1
475.1	475.2	3
475.2	475.58	1
475.58	476.4	2
476.4	476.5	3
476.5	479.7	2
479.7	480.2	3
480.2	480.26	2
480.26	480.77	1
480.77	481.79	2
481.79	482.3	1
482.3	482.4	2
482.4	482.5	3
482.5	482.9	2
482.9	483.2	3
483.2	483.72	2
483.72	484.3	1
484.3	484.5	3
484.5	484.9	1
484.9	485	3
485	485.1	1
485.1	485.2	3
485.2	486.6	1
486.6	486.8	3
486.8	486.87	1
486.87	487.38	2
487.38	488.4	1
488.4	489.42	0
489.42	492.48	1
492.48	492.6	2
492.6	492.7	3
492.7	493.09	2
493.09	493.6	1
493.6	495.64	2
495.64	497.9	1
497.9	498	3
498	499.1	1
499.1	499.2	3
499.2	500.3	1
500.3	500.4	3
500.4	501	1
501	501.6	3
501.6	503.3	1
503.3	503.4	3
503.4	504	1
504	504.3	3
504.3	506.3	1
506.3	506.4	3
506.4	513.2	1
513.2	513.6	3
513.6	513.76	1
513.76	514.27	0
514.27	516.3	1
516.3	516.4	3
516.4	517.94	1
517.94	521.4	2
521.4	521.5	3
521.5	522.12	2
522.12	523.2	1
523.2	523.4	3
523.4	524.36	1
524.36	525.38	2
525.38	526.4	1
526.4	526.5	3
526.5	527.01	1
527.01	529.05	2
529.05	530.07	1
530.07	531.1	2
531.1	531.2	3
531.2	532	2
532	532.1	3
532.1	532.31	2
532.31	532.82	1
532.82	533.33	2
533.33	533.84	1
533.84	534	2
534	534.1	3
534.1	534.7	2
534.7	534.8	3
534.8	535.57	2
535.57	536.2	1
536.2	536.3	3
536.3	536.4	1
536.4	536.9	3
536.9	537.4	1
537.4	537.7	3
537.7	538.8	1
538.8	538.9	3
538.9	539.63	1
539.63	541.67	2
541.67	541.7	1
541.7	541.8	3
541.8	542.79	1
542.79	543.3	2
543.3	543.5	1
543.5	543.6	3
543.6	543.91	1
543.91	544.2	2
544.2	544.3	3
544.3	544.52	2
544.52	546.56	1
546.56	547.58	2
547.58	547.7	1
547.7	547.8	3
547.8	548.19	1
548.19	548.7	2
548.7	549.72	0
549.72	550.74	1
550.74	551.1	2
551.1	551.2	3
551.2	551.86	2
551.86	551.9	1
551.9	552	3
552	554.5	1
554.5	554.6	3
554.6	554.7	1
554.7	554.9	3
554.9	555.1	1
555.1	555.2	3
555.2	556.44	1
556.44	556.5	2
556.5	556.6	3
556.6	557.05	2
557.05	558.58	1
558.58	559.6	0
559.6	562.66	1
562.66	562.9	2
562.9	563	3
563	564.29	2
564.29	565.31	1
565.31	565.82	0
565.82	566.84	1
566.84	567.35	2
567.35	568.88	1
568.88	571.94	2
571.94	572.45	1
572.45	572.7	2
572.7	572.8	3
572.8	573.57	2
573.57	573.7	1
573.7	573.8	3
573.8	576.22	1
576.22	576.73	2
576.73	577.24	0
577.24	577.6	1
577.6	577.7	3
577.7	579.5	1
579.5	579.6	3
579.6	579.9	1
579.9	580.1	3
580.1	580.7	1
580.7	583.76	2
583.76	585.8	1
585.8	588.35	2
588.35	589.37	1
589.37	589.88	2
589.88	590.39	1
590.39	590.8	2
590.8	590.9	3
590.9	591	2
591	592.53	1
592.53	593.04	0
593.04	601.2	1
601.2	601.71	0
601.71	603.75	1
603.75	606.68	2
